E[V/m]_muB[m2/Vs]
N2
NUM_COLUMNS:  17
COL_VALUES:  5.0 10.0 15.0 20.0 25.0 30.0 35.0 40.0 45.0 50.0 55.0 60.0 65.0 70.0 75.0 80.0 85.0
COMMENT: generated by particle_swarm
-----------------------
500002.826392 0.06123 0.06138 0.06141 0.06153 0.06204 0.06219 0.06259 0.06283 0.06348 0.06409 0.06432 0.06499 0.0654 0.0664 0.06643 0.06773 0.06522
531221.54512 0.0602 0.06047 0.06048 0.06059 0.06089 0.06145 0.06164 0.0621 0.06267 0.06325 0.06388 0.06417 0.06465 0.06492 0.06593 0.06546 0.0661
564447.469744 0.05951 0.05978 0.05965 0.05991 0.0603 0.06051 0.06104 0.06132 0.06191 0.06243 0.06288 0.06331 0.06366 0.06457 0.06469 0.0643 0.06576
599682.343329 0.0589 0.05903 0.0589 0.05922 0.05949 0.05973 0.06014 0.06075 0.06116 0.06141 0.06196 0.06262 0.06313 0.06335 0.06376 0.06398 0.06445
637224.152791 0.05799 0.05807 0.05827 0.05835 0.05845 0.05905 0.05941 0.05971 0.06019 0.06084 0.06145 0.06169 0.06189 0.06292 0.06325 0.0641 0.06223
676976.764815 0.05724 0.05745 0.05743 0.05785 0.05778 0.05835 0.05855 0.05913 0.05955 0.06015 0.0605 0.06114 0.06145 0.06173 0.0622 0.06275 0.06245
719336.914179 0.05647 0.05668 0.05697 0.05699 0.05733 0.05744 0.05799 0.05812 0.05897 0.05947 0.05977 0.06013 0.06098 0.06128 0.06162 0.062 0.06091
764308.087161 0.05591 0.05582 0.05596 0.05632 0.0564 0.05699 0.05732 0.05782 0.05804 0.05866 0.05887 0.05977 0.06032 0.06039 0.06053 0.0616 0.06152
811989.903201 0.05517 0.05516 0.05539 0.05559 0.05574 0.05613 0.05664 0.05707 0.05757 0.05799 0.05822 0.0588 0.05954 0.06028 0.05966 0.06147 0.0604
862783.454871 0.05433 0.05448 0.05465 0.05496 0.05523 0.05542 0.0559 0.05634 0.05646 0.05704 0.05779 0.05859 0.0587 0.05923 0.0593 0.06027 0.05944
916687.870597 0.05367 0.05379 0.05393 0.05412 0.05442 0.0546 0.05509 0.05552 0.05596 0.05673 0.05693 0.05747 0.0581 0.05821 0.05941 0.05945 0.0597
974006.36656 0.05302 0.05294 0.05338 0.05335 0.05382 0.05404 0.05424 0.0549 0.0552 0.05568 0.05623 0.05705 0.05774 0.0577 0.05788 0.05875 0.05929
1034937.31023 0.05236 0.05243 0.05252 0.05277 0.05295 0.05337 0.05379 0.05426 0.05465 0.05523 0.05605 0.05647 0.05681 0.05751 0.05806 0.05751 0.05665
1099185.32964 0.05163 0.05194 0.05197 0.05229 0.05234 0.0528 0.0533 0.05345 0.05402 0.05458 0.05506 0.05564 0.05622 0.05698 0.05689 0.0565 0.05822
1168443.08377 0.05086 0.05107 0.05121 0.05149 0.05165 0.05195 0.05236 0.05287 0.05334 0.05404 0.05435 0.05503 0.05563 0.056 0.05602 0.05696 0.05741
1240726.89985 0.05035 0.05028 0.05051 0.05066 0.05108 0.05144 0.05177 0.05242 0.05282 0.05316 0.0539 0.05403 0.05504 0.0553 0.05585 0.05638 0.0575
1319014.02949 0.04958 0.0497 0.04978 0.05004 0.05038 0.0505 0.05098 0.05149 0.05201 0.05261 0.05292 0.05365 0.05422 0.05466 0.05555 0.05508 0.0572
1401329.51514 0.04883 0.04895 0.04912 0.04931 0.04976 0.04998 0.05022 0.05086 0.05143 0.05189 0.05222 0.05288 0.05328 0.05365 0.05406 0.05456 0.05394
1488669.55366 0.04827 0.04833 0.04853 0.04868 0.04894 0.04935 0.04967 0.05016 0.05055 0.05122 0.05158 0.05246 0.05278 0.05339 0.05361 0.05339 0.05337
1582021.62122 0.04765 0.0478 0.04783 0.0481 0.04831 0.04867 0.04916 0.0495 0.04995 0.05047 0.05083 0.05147 0.05221 0.05213 0.05278 0.05323 0.0531
1680398.24149 0.04691 0.047 0.0471 0.04734 0.04759 0.04796 0.04825 0.04881 0.04913 0.04982 0.05001 0.05063 0.05138 0.05181 0.05242 0.0525 0.05299
1785791.80197 0.04632 0.04634 0.04665 0.04675 0.04692 0.04733 0.04767 0.04819 0.04851 0.04899 0.04962 0.04992 0.05031 0.05104 0.05108 0.05165 0.05197
1897223.53981 0.04568 0.04564 0.046 0.04622 0.04634 0.04653 0.04714 0.04747 0.04789 0.04837 0.0486 0.04936 0.0498 0.04985 0.05074 0.05058 0.05163
2015672.2179 0.04515 0.04521 0.04539 0.04563 0.04571 0.04597 0.04634 0.04681 0.04735 0.04744 0.04821 0.0484 0.04887 0.04948 0.04984 0.05002 0.05026
2142151.4629 0.0446 0.04467 0.04477 0.04493 0.04518 0.04547 0.04568 0.04616 0.04657 0.04716 0.04735 0.04791 0.04859 0.0489 0.04915 0.04919 0.04956
2275656.36466 0.04402 0.04399 0.0442 0.04436 0.04461 0.04487 0.04509 0.04558 0.04583 0.04648 0.0467 0.04724 0.04745 0.0482 0.04819 0.04921 0.04941
2418196.74344 0.04343 0.04358 0.04355 0.04395 0.04399 0.04428 0.04447 0.04479 0.04506 0.04568 0.04609 0.0464 0.04704 0.04722 0.0475 0.04757 0.04795
2568776.40327 0.04302 0.04313 0.04321 0.04325 0.04353 0.04386 0.04398 0.04431 0.04469 0.04512 0.04559 0.04576 0.04599 0.04635 0.04669 0.04723 0.04674
2729387.73537 0.04266 0.04262 0.04271 0.04283 0.0429 0.04318 0.04352 0.04368 0.04411 0.04438 0.04476 0.04518 0.04518 0.04563 0.04573 0.0463 0.0478
2900039.4549 0.04207 0.04218 0.04223 0.04243 0.04254 0.04276 0.0429 0.04311 0.04344 0.04387 0.04405 0.04458 0.04481 0.04515 0.04518 0.04525 0.04687
3000417.17933 0.04183 0.04195 0.04209 0.04211 0.04223 0.04246 0.04265 0.04291 0.04318 0.04354 0.04386 0.04404 0.04447 0.04489 0.04484 0.04509 0.0463
3280482.10024 0.04124 0.04128 0.04135 0.04145 0.04164 0.04175 0.04188 0.04217 0.04235 0.04264 0.04295 0.04321 0.04345 0.0437 0.0438 0.04411 0.04468
3586648.54147 0.04068 0.04073 0.04075 0.04084 0.0409 0.04109 0.04121 0.04146 0.04163 0.04178 0.04199 0.04234 0.04243 0.04277 0.04314 0.0432 0.04346
3921922.51836 0.0401 0.04013 0.04017 0.0402 0.04034 0.04041 0.04054 0.04072 0.04088 0.04105 0.04125 0.04149 0.04149 0.04185 0.04214 0.04211 0.04199
4288322.56716 0.03954 0.03951 0.03958 0.03961 0.03971 0.03974 0.03995 0.04 0.04019 0.0403 0.04051 0.04066 0.04086 0.04095 0.04102 0.04128 0.04145
4688845.98702 0.03895 0.03894 0.03896 0.03898 0.03911 0.03915 0.03934 0.03938 0.03946 0.03956 0.03974 0.03994 0.04026 0.04032 0.04023 0.04073 0.041
5127512.41929 0.03834 0.03839 0.03832 0.03846 0.03851 0.03849 0.0387 0.0387 0.0388 0.03887 0.03902 0.03913 0.03927 0.03939 0.03956 0.03959 0.03995
5606331.6848 0.03782 0.03782 0.0378 0.03789 0.03777 0.03795 0.03794 0.03809 0.03818 0.0383 0.0384 0.03846 0.03868 0.03864 0.0385 0.03848 0.03877
6130328.3346 0.03718 0.03714 0.03716 0.03726 0.03731 0.03736 0.0374 0.03745 0.03735 0.03768 0.03777 0.0379 0.0379 0.03803 0.03768 0.03834 0.03802
6702508.38418 0.03652 0.03651 0.03646 0.03656 0.0367 0.03667 0.03667 0.03676 0.03676 0.03699 0.03693 0.03704 0.03714 0.03733 0.0374 0.03736 0.03701
7328883.86386 0.03599 0.03593 0.03591 0.03589 0.03605 0.03605 0.0361 0.03625 0.03621 0.03642 0.03625 0.03651 0.03651 0.03642 0.03644 0.03662 0.03816
8013491.84563 0.0352 0.03524 0.03525 0.0353 0.03534 0.03545 0.03556 0.03555 0.03555 0.03569 0.03555 0.03569 0.03547 0.03569 0.03578 0.03614 0.03519
8762344.36039 0.03457 0.03457 0.03464 0.03462 0.03463 0.03476 0.03475 0.03472 0.03472 0.03485 0.03512 0.03495 0.035 0.03524 0.03531 0.03595 0.03449
9580457.24379 0.03397 0.03399 0.03392 0.03403 0.03402 0.03392 0.03408 0.03396 0.0342 0.03418 0.03428 0.0342 0.03435 0.03437 0.03443 0.03498 0.03522
10479845.8481 0.03323 0.0333 0.03321 0.0333 0.03333 0.03323 0.03346 0.0334 0.03337 0.03366 0.03361 0.03365 0.03352 0.03364 0.0334 0.03371 0.0339
11453589.0833 0.03257 0.0326 0.03258 0.03263 0.03276 0.03264 0.03254 0.03263 0.03272 0.03287 0.03289 0.03296 0.03304 0.0328 0.03306 0.03312 0.0326
12527683.9041 0.03182 0.03182 0.03185 0.03186 0.03183 0.03193 0.03202 0.03203 0.03197 0.03205 0.03216 0.03208 0.03225 0.03233 0.0327 0.03233 0.03319
13692159.6543 0.0311 0.03106 0.03102 0.03111 0.0311 0.03122 0.03115 0.03117 0.03125 0.03139 0.0313 0.0313 0.03133 0.03175 0.03176 0.03164 0.03282
14976963.1434 0.03035 0.03035 0.03041 0.03039 0.03051 0.03051 0.03061 0.03057 0.03061 0.03072 0.03062 0.03077 0.03057 0.03075 0.03083 0.03082 0.03067
16372306.7709 0.02965 0.02957 0.02972 0.02964 0.02962 0.02973 0.02978 0.02972 0.02983 0.02975 0.02991 0.03012 0.03009 0.02994 0.02991 0.03005 0.02966
17908076.3903 0.02891 0.02885 0.02897 0.02892 0.02889 0.02899 0.02897 0.02911 0.02916 0.02912 0.02915 0.02925 0.0291 0.02907 0.02892 0.02916 0.03005
19574484.3099 0.02816 0.02822 0.02814 0.02819 0.0282 0.02818 0.02838 0.02828 0.02836 0.02839 0.02831 0.02835 0.02835 0.02838 0.02858 0.02828 0.02882
21401503.592 0.02744 0.02749 0.02751 0.02742 0.02756 0.0275 0.02758 0.0274 0.0276 0.02763 0.0277 0.02755 0.02766 0.02771 0.02752 0.02793 0.02786
23409058.0759 0.02675 0.02677 0.02675 0.0268 0.02672 0.0268 0.02688 0.02676 0.0269 0.02694 0.02703 0.02698 0.02709 0.02688 0.02709 0.02727 0.02673
25587360.1608 0.026 0.02603 0.02602 0.02607 0.02611 0.02605 0.0261 0.02607 0.02613 0.02616 0.02629 0.02613 0.02625 0.02612 0.02646 0.02616 0.02613
27986481.04 0.02534 0.02531 0.02537 0.02532 0.0253 0.02536 0.02535 0.02542 0.02546 0.02559 0.02555 0.02543 0.02554 0.02579 0.02548 0.0253 0.02572
30596458.7657 0.02461 0.0246 0.02461 0.02465 0.02467 0.02469 0.02479 0.02476 0.02483 0.02474 0.02473 0.02481 0.0249 0.02484 0.02502 0.02499 0.0248
33457315.4333 0.02397 0.02396 0.024 0.02402 0.02397 0.02399 0.02412 0.02402 0.02406 0.02409 0.0241 0.02413 0.02426 0.02414 0.02409 0.02418 0.02441
36579187.3064 0.02329 0.02331 0.02329 0.02335 0.02333 0.02335 0.02338 0.02344 0.02337 0.02336 0.02347 0.02346 0.02352 0.02349 0.02363 0.02344 0.02365
40002183.6404 0.0227 0.0227 0.02269 0.02267 0.02271 0.02265 0.02279 0.02275 0.02276 0.02269 0.02275 0.02289 0.02278 0.02296 0.02282 0.0227 0.02372
-----------------------

E[V/m]_muxB[m2/Vs]
N2
NUM_COLUMNS:  17
COL_VALUES:  5.0 10.0 15.0 20.0 25.0 30.0 35.0 40.0 45.0 50.0 55.0 60.0 65.0 70.0 75.0 80.0 85.0
COMMENT: generated by particle_swarm
-----------------------
500002.826392 0.04149 0.04241 0.04248 0.04221 0.04237 0.04239 0.0424 0.04274 0.04254 0.04299 0.04301 0.04322 0.0434 0.04348 0.04343 0.04355 0.04382
531221.54512 0.04246 0.04165 0.04214 0.04203 0.04229 0.04211 0.04211 0.04239 0.04236 0.04253 0.04276 0.04289 0.04299 0.04315 0.04328 0.04324 0.04338
564447.469744 0.04182 0.04098 0.04169 0.04116 0.04172 0.04168 0.04199 0.04199 0.04218 0.04226 0.04241 0.04261 0.04269 0.04281 0.04293 0.04308 0.04296
599682.343329 0.04 0.041 0.04181 0.04123 0.04123 0.04124 0.0417 0.04163 0.04177 0.04203 0.04209 0.0423 0.04228 0.04255 0.04272 0.04269 0.04273
637224.152791 0.04002 0.04087 0.0404 0.04107 0.04134 0.04124 0.04092 0.04148 0.04141 0.0418 0.04181 0.04181 0.04215 0.04222 0.04235 0.04241 0.04245
676976.764815 0.03838 0.04039 0.04056 0.04059 0.04085 0.04055 0.04087 0.04122 0.04122 0.04118 0.04147 0.04154 0.04185 0.04189 0.04206 0.04206 0.04213
719336.914179 0.03957 0.0397 0.03963 0.03965 0.03991 0.04031 0.04052 0.04082 0.0408 0.04088 0.04106 0.04126 0.04143 0.0415 0.04165 0.04181 0.04181
764308.087161 0.03921 0.03952 0.03971 0.04013 0.03995 0.03971 0.04018 0.04026 0.04059 0.04067 0.04089 0.04099 0.04112 0.04118 0.04139 0.04146 0.04144
811989.903201 0.03986 0.03967 0.03981 0.03921 0.03976 0.03989 0.03973 0.04 0.04029 0.04029 0.04034 0.0408 0.04074 0.04096 0.04113 0.0411 0.04117
862783.454871 0.03808 0.03878 0.0387 0.03928 0.0389 0.03956 0.03962 0.03976 0.03993 0.03988 0.04001 0.04015 0.04032 0.04055 0.04069 0.04081 0.0408
916687.870597 0.04033 0.03896 0.03883 0.03836 0.03876 0.03911 0.03952 0.03935 0.03934 0.03953 0.03977 0.03997 0.04016 0.04009 0.04046 0.0404 0.04049
974006.36656 0.03793 0.03812 0.0379 0.03869 0.03855 0.03888 0.03883 0.03897 0.03904 0.03921 0.03939 0.03961 0.03967 0.03984 0.04 0.04019 0.04015
1034937.31023 0.03806 0.03747 0.03815 0.03813 0.03838 0.03841 0.03865 0.0385 0.03875 0.03876 0.03904 0.0391 0.03934 0.03952 0.03973 0.03983 0.03992
1099185.32964 0.03948 0.03775 0.03785 0.03738 0.03785 0.03783 0.03797 0.03819 0.03843 0.03866 0.03882 0.03899 0.03906 0.03905 0.03941 0.03951 0.03947
1168443.08377 0.03784 0.03696 0.0375 0.03737 0.03709 0.03774 0.03799 0.03777 0.03807 0.03822 0.03842 0.03856 0.03876 0.03891 0.0391 0.03916 0.03925
1240726.89985 0.0364 0.03727 0.03701 0.03689 0.03719 0.03717 0.03723 0.03756 0.03763 0.03794 0.03799 0.03832 0.03843 0.0386 0.03871 0.03881 0.03895
1319014.02949 0.03601 0.0373 0.03626 0.03635 0.03688 0.03714 0.03692 0.03699 0.03737 0.03741 0.0377 0.03781 0.0381 0.03827 0.03842 0.0385 0.03848
1401329.51514 0.03724 0.03558 0.03627 0.0363 0.03662 0.03653 0.03666 0.03675 0.03701 0.03713 0.03743 0.03747 0.03773 0.03788 0.038 0.03817 0.03824
1488669.55366 0.03539 0.03656 0.03595 0.03609 0.03598 0.03633 0.03631 0.03646 0.03655 0.0368 0.03723 0.03728 0.03727 0.03766 0.03769 0.03787 0.03777
1582021.62122 0.03442 0.03543 0.03532 0.03584 0.03581 0.03609 0.03617 0.0362 0.03653 0.0365 0.03676 0.03701 0.03697 0.0373 0.03742 0.03748 0.03756
1680398.24149 0.0358 0.03517 0.03574 0.03537 0.03552 0.03578 0.03583 0.03605 0.03608 0.03632 0.03645 0.03661 0.03676 0.03687 0.03709 0.03714 0.03719
1785791.80197 0.03603 0.03571 0.03479 0.035 0.03549 0.03542 0.03556 0.03575 0.03578 0.036 0.03616 0.03639 0.03646 0.03665 0.03673 0.0369 0.03691
1897223.53981 0.03441 0.03386 0.03453 0.03495 0.03497 0.03503 0.0353 0.03547 0.03554 0.03582 0.0357 0.03609 0.03627 0.03647 0.03655 0.03649 0.0366
2015672.2179 0.03359 0.03413 0.03478 0.03474 0.03444 0.03515 0.035 0.03516 0.03524 0.0355 0.03559 0.03584 0.03589 0.03611 0.03617 0.03625 0.03634
2142151.4629 0.03285 0.03448 0.03451 0.03441 0.0347 0.03471 0.03476 0.03491 0.03511 0.03527 0.03531 0.03549 0.03569 0.0359 0.03598 0.03601 0.03614
2275656.36466 0.03628 0.03381 0.03463 0.03427 0.03427 0.03438 0.0346 0.03488 0.03494 0.03508 0.03533 0.03541 0.03556 0.03568 0.03578 0.0358 0.03591
2418196.74344 0.03431 0.03434 0.03467 0.03452 0.03429 0.03447 0.03449 0.03461 0.03486 0.03486 0.03484 0.03519 0.0353 0.03545 0.03556 0.03557 0.03566
2568776.40327 0.0353 0.03366 0.034 0.03405 0.03406 0.03435 0.03439 0.03458 0.03459 0.03469 0.03497 0.03493 0.03509 0.03528 0.03537 0.03535 0.03543
2729387.73537 0.03458 0.03414 0.03416 0.03401 0.03396 0.03408 0.0342 0.03443 0.03441 0.03465 0.03479 0.03476 0.03493 0.03507 0.0351 0.03523 0.03525
2900039.4549 0.0336 0.03375 0.03396 0.03379 0.03402 0.03412 0.03408 0.03435 0.03444 0.03449 0.03441 0.03465 0.03463 0.03478 0.03506 0.035 0.03502
3000417.17933 0.03407 0.03403 0.03381 0.0339 0.03409 0.03406 0.03412 0.03423 0.03423 0.03427 0.03441 0.03469 0.0346 0.03481 0.03485 0.03483 0.03491
3280482.10024 0.03424 0.03381 0.03382 0.03387 0.03392 0.03386 0.03396 0.03405 0.03413 0.03419 0.03429 0.03435 0.0344 0.03456 0.03461 0.03467 0.03462
3586648.54147 0.0333 0.03367 0.03373 0.03361 0.03372 0.03382 0.03379 0.03396 0.03397 0.03405 0.03405 0.03422 0.03423 0.03434 0.03438 0.03438 0.03443
3921922.51836 0.03356 0.03346 0.03346 0.03357 0.03366 0.03372 0.03366 0.03367 0.03376 0.03385 0.03386 0.03391 0.03403 0.0341 0.03414 0.0342 0.03416
4288322.56716 0.03306 0.03353 0.03344 0.03342 0.03339 0.03348 0.03351 0.03355 0.03357 0.03371 0.03373 0.03371 0.03377 0.03386 0.0339 0.0339 0.03394
4688845.98702 0.03323 0.03328 0.03317 0.03339 0.03332 0.03325 0.03329 0.03335 0.03335 0.03334 0.03335 0.03351 0.03351 0.0336 0.03361 0.03367 0.03368
5127512.41929 0.03365 0.03256 0.03316 0.03304 0.03279 0.03309 0.03309 0.03301 0.03302 0.03311 0.03317 0.03323 0.03334 0.0333 0.03332 0.03338 0.03337
5606331.6848 0.03276 0.03222 0.03234 0.03271 0.03262 0.03262 0.03279 0.0327 0.03276 0.03285 0.03293 0.03296 0.03296 0.03303 0.03301 0.03308 0.03309
6130328.3346 0.03226 0.03276 0.03247 0.03241 0.03234 0.03238 0.03252 0.03242 0.03254 0.03252 0.03246 0.0326 0.03262 0.03266 0.03266 0.03265 0.03269
6702508.38418 0.03263 0.03238 0.032 0.03212 0.03198 0.03195 0.03194 0.03213 0.0322 0.03225 0.03224 0.03226 0.03214 0.03237 0.03238 0.03238 0.03239
7328883.86386 0.03115 0.03149 0.03152 0.03177 0.03141 0.03162 0.03168 0.03164 0.03178 0.0319 0.03188 0.03185 0.03189 0.03201 0.03196 0.03201 0.03191
8013491.84563 0.03192 0.03181 0.03112 0.03129 0.03155 0.03146 0.03139 0.03147 0.03127 0.03148 0.03142 0.03146 0.03161 0.03146 0.03158 0.03153 0.03158
8762344.36039 0.03029 0.03099 0.03054 0.03106 0.03078 0.03092 0.03112 0.03097 0.03091 0.03097 0.03098 0.03099 0.03102 0.03104 0.03108 0.03109 0.03112
9580457.24379 0.03076 0.03061 0.03087 0.03054 0.03041 0.03034 0.0305 0.03052 0.03046 0.03062 0.03055 0.03053 0.03069 0.03056 0.03062 0.03066 0.03068
10479845.8481 0.02947 0.03001 0.02971 0.03006 0.02987 0.02985 0.02997 0.02995 0.02987 0.03006 0.03013 0.03014 0.03007 0.03017 0.03014 0.03012 0.03013
11453589.0833 0.02905 0.02936 0.02946 0.0296 0.02948 0.02955 0.02944 0.02967 0.02959 0.02951 0.02952 0.02963 0.02969 0.0297 0.02966 0.02965 0.02968
12527683.9041 0.02765 0.02888 0.02868 0.02895 0.02915 0.02889 0.02901 0.02912 0.02901 0.0291 0.02906 0.02909 0.02903 0.02916 0.02926 0.0292 0.02917
13692159.6543 0.02787 0.02887 0.02879 0.02847 0.02849 0.02843 0.0284 0.02839 0.02853 0.0285 0.02861 0.02854 0.02866 0.02861 0.02864 0.0286 0.02869
14976963.1434 0.02889 0.02826 0.0279 0.02764 0.02809 0.0279 0.02791 0.02803 0.02811 0.02801 0.02803 0.02806 0.02812 0.02806 0.02805 0.02809 0.0281
16372306.7709 0.02699 0.02715 0.02708 0.02738 0.02751 0.02735 0.02747 0.02747 0.0275 0.02745 0.02754 0.02746 0.02749 0.02761 0.02757 0.02755 0.02755
17908076.3903 0.02707 0.02715 0.02674 0.02656 0.02673 0.0268 0.02693 0.02686 0.02695 0.02694 0.02689 0.02693 0.02701 0.02698 0.02692 0.02696 0.02695
19574484.3099 0.02535 0.02602 0.02622 0.02598 0.0261 0.02611 0.02627 0.02632 0.02633 0.02632 0.02637 0.02639 0.02629 0.02638 0.02641 0.02637 0.02642
21401503.592 0.02536 0.02559 0.02546 0.02552 0.0257 0.02558 0.0257 0.02577 0.02577 0.02574 0.02575 0.02566 0.02579 0.02584 0.02584 0.02588 0.02584
23409058.0759 0.02506 0.02553 0.02496 0.0249 0.02518 0.02498 0.02513 0.02513 0.02507 0.02519 0.02518 0.02523 0.02513 0.02528 0.02529 0.02529 0.02523
25587360.1608 0.024 0.02433 0.02441 0.02452 0.02446 0.02458 0.02461 0.02461 0.02453 0.02454 0.02466 0.0246 0.02468 0.0247 0.0246 0.02462 0.0246
27986481.04 0.02423 0.02375 0.02393 0.02392 0.0239 0.02393 0.02396 0.02396 0.0239 0.02407 0.02397 0.02406 0.024 0.02403 0.0241 0.02404 0.02404
30596458.7657 0.02373 0.02345 0.02333 0.02329 0.02336 0.02338 0.0233 0.02336 0.02346 0.02337 0.02342 0.02346 0.02344 0.02342 0.02345 0.02344 0.02347
33457315.4333 0.02315 0.02281 0.02281 0.02283 0.02282 0.02286 0.02281 0.02279 0.02281 0.02283 0.02286 0.02287 0.02286 0.0229 0.02292 0.02293 0.02292
36579187.3064 0.02147 0.02234 0.02239 0.02218 0.0223 0.02231 0.02219 0.02228 0.02224 0.02228 0.02227 0.02235 0.02228 0.02233 0.02234 0.02238 0.02235
40002183.6404 0.02199 0.02153 0.02169 0.02172 0.02165 0.0217 0.02169 0.0217 0.02173 0.0217 0.02172 0.02175 0.02176 0.0217 0.02179 0.02174 0.02181
-----------------------

E[V/m]_muExB[m2/Vs]
N2
NUM_COLUMNS:  17
COL_VALUES:  5.0 10.0 15.0 20.0 25.0 30.0 35.0 40.0 45.0 50.0 55.0 60.0 65.0 70.0 75.0 80.0 85.0
COMMENT: generated by particle_swarm
-----------------------
500002.826392 0.02769 0.02741 0.02655 0.02706 0.02715 0.02764 0.02786 0.02782 0.02818 0.02869 0.02917 0.02922 0.02957 0.03004 0.03022 0.03034 0.03054
531221.54512 0.02705 0.02634 0.02641 0.02655 0.02665 0.02697 0.02742 0.02745 0.0279 0.02773 0.02841 0.0288 0.029 0.02941 0.02957 0.02974 0.02992
564447.469744 0.02627 0.02615 0.02624 0.02562 0.02636 0.02638 0.02663 0.027 0.02737 0.0276 0.02794 0.02816 0.02841 0.02879 0.02895 0.02946 0.02932
599682.343329 0.02621 0.02559 0.0251 0.02563 0.02563 0.02601 0.02614 0.02633 0.02675 0.02714 0.02742 0.02776 0.02801 0.02828 0.02852 0.02878 0.02887
637224.152791 0.02571 0.0245 0.02504 0.02474 0.0248 0.02534 0.02566 0.02583 0.02643 0.0265 0.02704 0.0273 0.02744 0.02768 0.02808 0.0283 0.02832
676976.764815 0.02398 0.02433 0.02446 0.02444 0.02479 0.02482 0.02537 0.02546 0.02577 0.02611 0.02624 0.02678 0.02705 0.02739 0.02755 0.02784 0.02806
719336.914179 0.02453 0.02404 0.02421 0.02429 0.02397 0.02439 0.02463 0.02514 0.02534 0.02559 0.02612 0.02626 0.02663 0.0269 0.02717 0.0273 0.02745
764308.087161 0.02386 0.02371 0.02371 0.0235 0.02364 0.02411 0.02459 0.02449 0.02506 0.02512 0.02565 0.02595 0.02626 0.02651 0.02672 0.02689 0.02707
811989.903201 0.02282 0.02274 0.02304 0.02378 0.02325 0.02327 0.0241 0.024 0.02443 0.02458 0.02503 0.02547 0.02577 0.02601 0.02621 0.0265 0.02662
862783.454871 0.02267 0.02281 0.02267 0.02292 0.02277 0.02317 0.02315 0.02379 0.02388 0.02442 0.02465 0.02508 0.02539 0.0255 0.02589 0.02602 0.02625
916687.870597 0.02233 0.02223 0.02217 0.02269 0.02213 0.0228 0.02285 0.02319 0.02346 0.02389 0.02422 0.02448 0.02493 0.02523 0.02536 0.02568 0.02595
974006.36656 0.0209 0.02197 0.02189 0.02177 0.02194 0.02219 0.02259 0.02269 0.02315 0.02357 0.02395 0.02424 0.02444 0.0249 0.02513 0.02523 0.02541
1034937.31023 0.02231 0.02139 0.02105 0.02152 0.02151 0.02209 0.02224 0.02266 0.02267 0.02307 0.02351 0.02397 0.02418 0.02446 0.0248 0.02494 0.02507
1099185.32964 0.01953 0.02094 0.02063 0.0211 0.02116 0.02174 0.02165 0.022 0.02232 0.02267 0.0232 0.02324 0.02377 0.02413 0.0243 0.02451 0.02475
1168443.08377 0.02123 0.02109 0.02053 0.02052 0.02085 0.02107 0.02118 0.02163 0.02188 0.02208 0.0227 0.02315 0.02331 0.02359 0.02399 0.02405 0.02436
1240726.89985 0.01935 0.01998 0.01997 0.02019 0.02051 0.02076 0.02095 0.02129 0.02157 0.0219 0.02229 0.02265 0.0229 0.02332 0.02355 0.02376 0.02395
1319014.02949 0.01846 0.01926 0.01992 0.01995 0.01987 0.02011 0.02053 0.02083 0.02124 0.02157 0.02184 0.02207 0.02244 0.02271 0.02326 0.02327 0.02353
1401329.51514 0.01871 0.01886 0.01908 0.01979 0.01983 0.01998 0.01989 0.0205 0.02069 0.02107 0.02127 0.02178 0.02208 0.0226 0.02275 0.0229 0.02301
1488669.55366 0.01994 0.01893 0.0191 0.01926 0.01939 0.01962 0.0198 0.01991 0.02059 0.02064 0.02101 0.02131 0.02169 0.02203 0.02234 0.02262 0.02274
1582021.62122 0.01807 0.01824 0.01845 0.01848 0.01867 0.01924 0.01918 0.0197 0.0199 0.0201 0.02061 0.02107 0.02121 0.02168 0.02188 0.02206 0.0222
1680398.24149 0.01762 0.01909 0.01811 0.01853 0.01827 0.01884 0.0189 0.01923 0.01953 0.01985 0.02023 0.02047 0.02089 0.02112 0.02144 0.02163 0.02194
1785791.80197 0.01759 0.01761 0.01755 0.0182 0.01808 0.01832 0.01859 0.01867 0.01906 0.01937 0.01974 0.02018 0.02043 0.02073 0.02099 0.02131 0.0213
1897223.53981 0.01741 0.0175 0.01781 0.01747 0.01773 0.0178 0.01828 0.01855 0.01863 0.01892 0.01916 0.01975 0.02007 0.02026 0.02054 0.0208 0.02088
2015672.2179 0.01698 0.01726 0.01732 0.0168 0.01753 0.01767 0.01784 0.01809 0.01834 0.01871 0.0189 0.01937 0.01954 0.0198 0.02011 0.02034 0.02047
2142151.4629 0.01706 0.01684 0.0165 0.01697 0.01717 0.01716 0.01732 0.0178 0.01795 0.01815 0.01852 0.01874 0.01899 0.01943 0.01965 0.01987 0.02002
2275656.36466 0.01811 0.01685 0.01622 0.01696 0.01676 0.01696 0.0171 0.01737 0.01748 0.01775 0.01799 0.01842 0.01867 0.01897 0.01926 0.01935 0.01944
2418196.74344 0.01702 0.01674 0.01647 0.0161 0.01621 0.01637 0.01666 0.01729 0.01746 0.01743 0.0178 0.01811 0.01825 0.01863 0.01863 0.01891 0.01902
2568776.40327 0.0161 0.0156 0.01579 0.01611 0.01641 0.0162 0.01646 0.01674 0.01671 0.0171 0.01742 0.01752 0.01777 0.01799 0.01824 0.01855 0.01856
2729387.73537 0.01499 0.01598 0.01561 0.01549 0.0159 0.01618 0.01644 0.01642 0.01651 0.01661 0.01703 0.01732 0.01752 0.01778 0.01786 0.01809 0.01809
2900039.4549 0.01518 0.0156 0.01563 0.01592 0.01552 0.01579 0.01586 0.01596 0.01614 0.01654 0.01656 0.01671 0.01714 0.01711 0.01742 0.0176 0.01759
3000417.17933 0.01438 0.01534 0.01551 0.01551 0.01549 0.0157 0.01569 0.01591 0.01602 0.0162 0.01641 0.01663 0.01682 0.01699 0.01708 0.01721 0.01742
3280482.10024 0.01506 0.01527 0.015 0.01503 0.01505 0.01515 0.01535 0.01547 0.01559 0.01568 0.0159 0.01607 0.01623 0.01642 0.01661 0.0167 0.0168
3586648.54147 0.01445 0.01458 0.01475 0.01473 0.01476 0.01487 0.01489 0.01501 0.01514 0.01533 0.01543 0.01557 0.01568 0.01582 0.01602 0.01608 0.01618
3921922.51836 0.01515 0.01392 0.01418 0.0142 0.01443 0.01449 0.01449 0.01462 0.01469 0.01482 0.01496 0.01503 0.01515 0.01532 0.0154 0.01552 0.01558
4288322.56716 0.01366 0.01401 0.01368 0.01379 0.01388 0.01404 0.01416 0.01423 0.01423 0.0143 0.01446 0.01462 0.01463 0.0148 0.01488 0.01492 0.01505
4688845.98702 0.01351 0.01344 0.01356 0.0135 0.01356 0.01371 0.01366 0.01378 0.01388 0.01396 0.01397 0.0141 0.0142 0.01423 0.01433 0.01434 0.01447
5127512.41929 0.0127 0.01287 0.01311 0.01313 0.01321 0.01325 0.01329 0.01341 0.01344 0.01355 0.01355 0.01362 0.01371 0.01381 0.01382 0.01384 0.01393
5606331.6848 0.01297 0.01244 0.01272 0.01283 0.01269 0.01273 0.01276 0.01305 0.01301 0.01313 0.01307 0.0132 0.01317 0.01331 0.01335 0.01336 0.01342
6130328.3346 0.01316 0.01238 0.0122 0.01247 0.01228 0.01229 0.01258 0.01263 0.01273 0.01264 0.01278 0.01274 0.01279 0.01288 0.01291 0.01289 0.0129
6702508.38418 0.01273 0.01145 0.01198 0.01226 0.01194 0.01216 0.0122 0.01219 0.01229 0.01212 0.01218 0.01233 0.01236 0.01239 0.0124 0.01254 0.01243
7328883.86386 0.01167 0.01124 0.01171 0.0116 0.01143 0.01165 0.0117 0.01177 0.01172 0.01183 0.01184 0.01176 0.01189 0.01195 0.01198 0.0119 0.01204
8013491.84563 0.01131 0.01119 0.01106 0.01103 0.01118 0.01135 0.0113 0.01134 0.01135 0.01132 0.01147 0.01149 0.01151 0.01155 0.01143 0.01158 0.01161
8762344.36039 0.01137 0.01124 0.01069 0.01084 0.0107 0.01072 0.01092 0.01087 0.01098 0.01093 0.01099 0.01113 0.01114 0.01101 0.01107 0.01111 0.01119
9580457.24379 0.01126 0.01097 0.01032 0.01039 0.01051 0.01067 0.01043 0.01046 0.01054 0.01059 0.01075 0.01074 0.01056 0.01073 0.01068 0.01075 0.01073
10479845.8481 0.01005 0.009667 0.009908 0.009997 0.009821 0.009953 0.0102 0.01019 0.01016 0.01024 0.01008 0.01025 0.01027 0.0103 0.01036 0.01021 0.01023
11453589.0833 0.009688 0.009449 0.01003 0.009582 0.00972 0.009612 0.009675 0.009712 0.009591 0.009719 0.009781 0.009847 0.009812 0.009911 0.009894 0.009926 0.009765
12527683.9041 0.009689 0.009271 0.009002 0.009344 0.009183 0.009302 0.009215 0.009259 0.009299 0.009374 0.009398 0.009445 0.009478 0.009448 0.009452 0.009477 0.00951
13692159.6543 0.008832 0.009081 0.008854 0.008919 0.00888 0.009003 0.008768 0.008992 0.008801 0.008901 0.008977 0.008953 0.008974 0.009099 0.009009 0.009023 0.009016
14976963.1434 0.008302 0.008486 0.008265 0.008481 0.008619 0.008488 0.008587 0.00847 0.008556 0.008654 0.008549 0.008585 0.008568 0.008652 0.008602 0.008591 0.008568
16372306.7709 0.007934 0.008071 0.008112 0.007785 0.008086 0.008301 0.008136 0.008194 0.008116 0.008148 0.00822 0.008181 0.008189 0.008188 0.008179 0.008234 0.00829
17908076.3903 0.008393 0.007713 0.00764 0.007718 0.007653 0.007806 0.007736 0.007785 0.007732 0.007721 0.007918 0.007907 0.007839 0.007798 0.007824 0.007864 0.007857
19574484.3099 0.007566 0.007087 0.007604 0.007243 0.00739 0.007476 0.007359 0.007332 0.007392 0.007518 0.00743 0.00738 0.007456 0.007499 0.007458 0.007496 0.007526
21401503.592 0.006124 0.007096 0.006856 0.006933 0.006972 0.006932 0.006994 0.007057 0.006983 0.006941 0.007109 0.007021 0.007176 0.007089 0.007118 0.007163 0.007049
23409058.0759 0.006959 0.006414 0.006645 0.006566 0.006638 0.006644 0.006663 0.00657 0.006705 0.00672 0.00671 0.006806 0.006723 0.006788 0.006728 0.006776 0.006762
25587360.1608 0.006332 0.006004 0.0063 0.006179 0.006483 0.006322 0.006443 0.006355 0.00639 0.006381 0.00641 0.006338 0.006355 0.00641 0.006417 0.006305 0.006377
27986481.04 0.006472 0.006089 0.005978 0.005948 0.005964 0.005987 0.006091 0.006074 0.005942 0.006038 0.005935 0.006053 0.006065 0.006048 0.006025 0.006079 0.006013
30596458.7657 0.005491 0.005774 0.005687 0.005776 0.005752 0.005604 0.005657 0.005698 0.005641 0.005677 0.005721 0.005685 0.005681 0.005723 0.005805 0.005723 0.005706
33457315.4333 0.005687 0.005505 0.00519 0.005266 0.005446 0.005458 0.00541 0.005371 0.005379 0.005344 0.00539 0.005428 0.00545 0.005468 0.00546 0.005411 0.005446
36579187.3064 0.005812 0.004784 0.005018 0.005117 0.005186 0.005043 0.005017 0.005072 0.005047 0.005142 0.005105 0.005119 0.005175 0.005128 0.005148 0.005144 0.005165
40002183.6404 0.004996 0.004775 0.004719 0.004699 0.004843 0.004845 0.004804 0.004761 0.004758 0.004845 0.004826 0.004834 0.004814 0.004822 0.004855 0.004844 0.004846
-----------------------

E[V/m]_alpha[1/m]
N2
NUM_COLUMNS:  17
COL_VALUES:  5.0 10.0 15.0 20.0 25.0 30.0 35.0 40.0 45.0 50.0 55.0 60.0 65.0 70.0 75.0 80.0 85.0
COMMENT: generated by particle_swarm
-----------------------
500002.826392 0.0 0.0 0.0 0.0 0.0 0.0 0.0 0.0 0.0 0.0 0.0 0.0 0.0 0.0 0.0 0.0 0.0
531221.54512 0.0 0.0 0.0 0.0 0.0 0.0 0.0 0.0 0.0 0.0 0.0 0.0 0.0 0.0 0.0 0.0 0.0
564447.469744 0.0 0.0 0.0 0.0 0.0 0.0 0.0 0.0 0.0 0.0 0.0 0.0 0.0 0.0 0.0 0.0 0.0
599682.343329 0.0 0.0 0.0 0.0 0.0 0.0 0.0 0.0 0.0 0.0 0.0 0.0 0.0 0.0 0.0 0.0 0.0
637224.152791 0.0 0.0 0.0 0.0 0.0 0.0 0.0 0.0 0.0 0.0 0.0 0.0 0.0 0.0 0.0 0.0 0.0
676976.764815 0.0 0.0 0.0 0.0 0.0 0.0 0.0 0.0 0.0 0.0 0.0 0.0 0.0 0.0 0.0 0.0 0.0
719336.914179 0.0 0.0 0.0 0.0 0.0 0.0 0.0 0.0 0.0 0.0 0.0 0.0 0.0 0.0 0.0 0.0 0.0
764308.087161 0.0 0.0 0.0 0.0 0.0 0.0 0.0 0.0 0.0 0.0 0.0 0.0 0.0 0.0 0.0 0.0 0.0
811989.903201 0.0 0.0 0.0 0.0 0.0 0.0 0.0 0.0 0.0 0.0 0.0 0.0 0.0 0.0 0.0 0.0 0.0
862783.454871 0.0 0.0 0.0 0.0 0.0 0.0 0.0 0.0 0.0 0.0 0.0 0.0 0.0 0.0 0.0 0.0 0.0
916687.870597 0.0 0.0 0.0 0.0 0.0 0.0 0.0 0.0 0.0 0.0 0.0 0.0 0.0 0.0 0.0 0.0 0.0
974006.36656 0.0 0.0 0.0 0.0 0.0 0.0 0.0 0.0 0.0 0.0 0.0 0.0 0.0 0.0 0.0 0.0 0.0
1034937.31023 0.0 0.0 0.0 0.0 0.0 0.0 0.0 0.00393 0.0 0.0 0.0 0.0 0.0 0.0 0.0 0.0 0.0
1099185.32964 0.0 0.0 0.0 0.0 0.0 0.0 0.0 0.0 0.0 0.0 0.0 0.0 0.0 0.0 0.0 0.0 0.007467
1168443.08377 0.07818 0.02659 0.01224 0.004881 0.0 0.0 0.0 0.01798 0.008168 0.0 0.003175 0.004001 0.0 0.0 0.01126 0.0 0.0
1240726.89985 0.1022 0.4045 0.01233 0.0 0.1818 0.07494 0.005358 0.03499 0.0 0.01637 0.0 0.0 0.0505 0.01769 0.0 0.02049 0.08588
1319014.02949 0.005644 0.07537 1.079 0.2634 0.06769 0.06937 0.0258 0.08328 0.3062 0.1003 0.126 0.07151 0.0141 0.0 0.002757 0.135 0.0
1401329.51514 0.6398 0.1894 0.1435 0.1975 0.2176 0.1091 0.03434 0.6858 0.1856 0.08706 0.1987 0.4723 0.0 0.02674 0.4259 0.3094 0.007265
1488669.55366 0.9009 0.7449 1.035 1.501 0.7966 0.4933 0.6138 0.5914 1.844 1.11 0.2338 0.408 0.6674 0.4065 0.5194 0.1013 0.1788
1582021.62122 2.517 2.567 1.391 3.338 2.301 1.473 1.031 1.661 2.285 1.499 1.207 0.6133 1.009 1.311 1.419 0.638 2.014
1680398.24149 5.772 4.499 6.256 3.765 3.184 7.34 2.606 3.846 2.756 2.009 1.888 2.064 1.444 0.9182 1.63 1.721 1.151
1785791.80197 11.05 10.66 6.075 8.464 10.76 4.456 7.18 5.874 5.896 4.54 5.668 5.059 3.039 4.232 4.048 4.697 2.825
1897223.53981 17.48 14.39 15.42 14.31 15.39 13.64 14.49 13.74 11.46 10.67 8.241 8.274 9.377 7.356 7.327 5.35 6.993
2015672.2179 30.4 31.53 33.73 30.3 35.69 29.76 27.46 25.63 17.36 19.27 21.14 17.46 14.65 14.75 12.79 16.18 13.13
2142151.4629 57.53 56.27 58.97 53.91 49.9 44.86 44.88 42.95 36.73 33.66 36.82 30.96 29.64 32.33 29.45 28.02 25.47
2275656.36466 93.31 95.13 87.6 92.2 86.24 81.29 77.2 71.66 72.33 64.98 65.2 60.08 50.42 51.7 48.28 48.41 42.76
2418196.74344 167.3 149.5 145.2 162.0 136.6 139.5 147.3 123.8 126.0 104.3 99.81 92.24 98.89 87.95 87.29 79.97 80.57
2568776.40327 263.0 253.2 257.0 241.9 238.8 234.7 204.1 202.9 195.6 166.4 179.5 167.7 157.9 143.3 139.8 135.2 127.5
2729387.73537 410.1 391.0 385.1 388.6 375.0 351.5 327.1 309.6 293.3 306.1 275.7 258.1 247.3 243.9 232.1 237.3 212.9
2900039.4549 606.9 610.5 589.4 570.5 554.9 540.2 500.5 497.5 471.8 465.7 438.0 407.5 396.2 379.7 367.9 364.9 367.3
3000417.17933 758.5 744.5 739.6 729.9 718.4 688.4 651.5 627.3 576.8 563.3 535.9 518.7 484.0 495.6 467.6 456.2 458.2
3280482.10024 1312.0 1293.0 1281.0 1246.0 1222.0 1172.0 1141.0 1079.0 1055.0 1007.0 958.1 919.1 907.4 861.9 842.8 816.2 813.1
3586648.54147 2131.0 2124.0 2087.0 2038.0 1973.0 1958.0 1879.0 1834.0 1768.0 1691.0 1622.0 1593.0 1527.0 1490.0 1445.0 1422.0 1391.0
3921922.51836 3360.0 3339.0 3306.0 3213.0 3184.0 3085.0 3002.0 2904.0 2818.0 2703.0 2651.0 2566.0 2470.0 2416.0 2357.0 2326.0 2301.0
4288322.56716 5075.0 5085.0 4993.0 4934.0 4841.0 4710.0 4556.0 4464.0 4352.0 4241.0 4119.0 3944.0 3831.0 3779.0 3728.0 3661.0 3602.0
4688845.98702 7514.0 7436.0 7296.0 7229.0 7149.0 6948.0 6865.0 6670.0 6498.0 6254.0 6155.0 5955.0 5849.0 5644.0 5645.0 5554.0 5537.0
5127512.41929 10590.0 10730.0 10450.0 10440.0 10200.0 10070.0 9788.0 9540.0 9392.0 9076.0 8858.0 8704.0 8538.0 8373.0 8208.0 8187.0 8156.0
5606331.6848 14880.0 14960.0 14710.0 14480.0 14320.0 14000.0 13640.0 13360.0 13140.0 12890.0 12630.0 12410.0 12070.0 11970.0 11780.0 11630.0 11680.0
6130328.3346 20320.0 20020.0 19970.0 19780.0 19510.0 19170.0 18790.0 18360.0 18200.0 17800.0 17460.0 17080.0 16860.0 16570.0 16350.0 16210.0 16110.0
6702508.38418 26890.0 26630.0 26630.0 26380.0 26030.0 25630.0 25330.0 24800.0 24400.0 23930.0 23640.0 22770.0 22710.0 22300.0 22150.0 22030.0 22040.0
7328883.86386 35220.0 35200.0 34910.0 34690.0 34160.0 34080.0 33090.0 32880.0 32290.0 31780.0 31150.0 30730.0 30180.0 30100.0 29830.0 29170.0 28890.0
8013491.84563 45670.0 45350.0 45490.0 44760.0 44090.0 43730.0 42990.0 42380.0 41730.0 41130.0 40700.0 40290.0 39590.0 38930.0 38990.0 38490.0 38410.0
8762344.36039 57850.0 57500.0 57450.0 56550.0 56230.0 55770.0 55130.0 54030.0 53750.0 52960.0 51940.0 51490.0 50850.0 50330.0 49720.0 49580.0 49220.0
9580457.24379 72470.0 72180.0 71610.0 71370.0 70640.0 69680.0 68690.0 68620.0 67740.0 66500.0 65830.0 65360.0 64880.0 63180.0 63310.0 62950.0 62490.0
10479845.8481 89000.0 89450.0 88950.0 88390.0 87540.0 86640.0 85020.0 84450.0 83900.0 82220.0 81700.0 80730.0 80150.0 79430.0 79140.0 78640.0 78430.0
11453589.0833 108300.0 108600.0 108400.0 107500.0 106600.0 105800.0 104600.0 104700.0 103100.0 101600.0 100100.0 99510.0 99060.0 98020.0 97540.0 97090.0 96430.0
12527683.9041 130700.0 131200.0 130200.0 129400.0 129400.0 127300.0 126600.0 126100.0 124500.0 123700.0 122700.0 121300.0 119900.0 119200.0 118900.0 118900.0 117200.0
13692159.6543 156600.0 155000.0 155600.0 154600.0 153500.0 152600.0 151400.0 150800.0 149500.0 147700.0 147200.0 145600.0 144600.0 143900.0 142800.0 142300.0 142500.0
14976963.1434 183800.0 183800.0 182900.0 183200.0 182000.0 179700.0 178600.0 178300.0 176400.0 175600.0 174300.0 173200.0 171700.0 170700.0 169500.0 170900.0 169100.0
16372306.7709 216100.0 214800.0 213600.0 214300.0 212900.0 211600.0 210900.0 208200.0 208400.0 206300.0 204900.0 203700.0 202400.0 200200.0 200300.0 200800.0 199100.0
17908076.3903 248800.0 249500.0 248300.0 247800.0 246000.0 245800.0 244200.0 241800.0 241900.0 240700.0 239500.0 237800.0 236100.0 235200.0 233000.0 233300.0 233400.0
19574484.3099 286400.0 285700.0 285800.0 284000.0 285400.0 283000.0 280800.0 280800.0 280000.0 277500.0 275600.0 273900.0 271700.0 272400.0 270700.0 271200.0 269400.0
21401503.592 326600.0 326300.0 325500.0 325400.0 323600.0 322100.0 320800.0 318500.0 317800.0 317500.0 316300.0 314600.0 312200.0 311800.0 311200.0 309700.0 308900.0
23409058.0759 369700.0 369700.0 367800.0 368900.0 366100.0 365100.0 364800.0 363700.0 360900.0 359600.0 356900.0 356300.0 355400.0 353400.0 352800.0 352400.0 352400.0
25587360.1608 414600.0 414400.0 411500.0 412900.0 412400.0 411200.0 408400.0 405600.0 407200.0 403700.0 401800.0 400600.0 401500.0 398900.0 398200.0 399000.0 396900.0
27986481.04 461200.0 461500.0 459400.0 460800.0 459700.0 457600.0 456400.0 454800.0 453400.0 452500.0 450800.0 447700.0 447300.0 447800.0 445100.0 446000.0 446300.0
30596458.7657 511000.0 508400.0 510900.0 509100.0 507500.0 506600.0 505200.0 503600.0 504400.0 500200.0 499900.0 499400.0 497900.0 497700.0 494500.0 494700.0 494100.0
33457315.4333 561600.0 559800.0 559900.0 559600.0 560100.0 556700.0 554900.0 556000.0 553700.0 551800.0 551200.0 549700.0 549300.0 547100.0 546300.0 545700.0 544400.0
36579187.3064 612700.0 610700.0 611800.0 611900.0 611000.0 608300.0 607900.0 606000.0 604400.0 604100.0 603000.0 601700.0 599600.0 599400.0 599200.0 597400.0 596200.0
40002183.6404 662800.0 662900.0 663300.0 663500.0 662700.0 661700.0 659000.0 659000.0 658000.0 657400.0 654900.0 655000.0 652900.0 651100.0 651100.0 651900.0 650300.0
-----------------------

E[V/m]_eta[1/m]
N2
NUM_COLUMNS:  17
COL_VALUES:  5.0 10.0 15.0 20.0 25.0 30.0 35.0 40.0 45.0 50.0 55.0 60.0 65.0 70.0 75.0 80.0 85.0
COMMENT: generated by particle_swarm
-----------------------
500002.826392 0.0 0.0 0.0 0.0 0.0 0.0 0.0 0.0 0.0 0.0 0.0 0.0 0.0 0.0 0.0 0.0 0.0
531221.54512 0.0 0.0 0.0 0.0 0.0 0.0 0.0 0.0 0.0 0.0 0.0 0.0 0.0 0.0 0.0 0.0 0.0
564447.469744 0.0 0.0 0.0 0.0 0.0 0.0 0.0 0.0 0.0 0.0 0.0 0.0 0.0 0.0 0.0 0.0 0.0
599682.343329 0.0 0.0 0.0 0.0 0.0 0.0 0.0 0.0 0.0 0.0 0.0 0.0 0.0 0.0 0.0 0.0 0.0
637224.152791 0.0 0.0 0.0 0.0 0.0 0.0 0.0 0.0 0.0 0.0 0.0 0.0 0.0 0.0 0.0 0.0 0.0
676976.764815 0.0 0.0 0.0 0.0 0.0 0.0 0.0 0.0 0.0 0.0 0.0 0.0 0.0 0.0 0.0 0.0 0.0
719336.914179 0.0 0.0 0.0 0.0 0.0 0.0 0.0 0.0 0.0 0.0 0.0 0.0 0.0 0.0 0.0 0.0 0.0
764308.087161 0.0 0.0 0.0 0.0 0.0 0.0 0.0 0.0 0.0 0.0 0.0 0.0 0.0 0.0 0.0 0.0 0.0
811989.903201 0.0 0.0 0.0 0.0 0.0 0.0 0.0 0.0 0.0 0.0 0.0 0.0 0.0 0.0 0.0 0.0 0.0
862783.454871 0.0 0.0 0.0 0.0 0.0 0.0 0.0 0.0 0.0 0.0 0.0 0.0 0.0 0.0 0.0 0.0 0.0
916687.870597 0.0 0.0 0.0 0.0 0.0 0.0 0.0 0.0 0.0 0.0 0.0 0.0 0.0 0.0 0.0 0.0 0.0
974006.36656 0.0 0.0 0.0 0.0 0.0 0.0 0.0 0.0 0.0 0.0 0.0 0.0 0.0 0.0 0.0 0.0 0.0
1034937.31023 0.0 0.0 0.0 0.0 0.0 0.0 0.0 0.0 0.0 0.0 0.0 0.0 0.0 0.0 0.0 0.0 0.0
1099185.32964 0.0 0.0 0.0 0.0 0.0 0.0 0.0 0.0 0.0 0.0 0.0 0.0 0.0 0.0 0.0 0.0 0.0
1168443.08377 0.0 0.0 0.0 0.0 0.0 0.0 0.0 0.0 0.0 0.0 0.0 0.0 0.0 0.0 0.0 0.0 0.0
1240726.89985 0.0 0.0 0.0 0.0 0.0 0.0 0.0 0.0 0.0 0.0 0.0 0.0 0.0 0.0 0.0 0.0 0.0
1319014.02949 0.0 0.0 0.0 0.0 0.0 0.0 0.0 0.0 0.0 0.0 0.0 0.0 0.0 0.0 0.0 0.0 0.0
1401329.51514 0.0 0.0 0.0 0.0 0.0 0.0 0.0 0.0 0.0 0.0 0.0 0.0 0.0 0.0 0.0 0.0 0.0
1488669.55366 0.0 0.0 0.0 0.0 0.0 0.0 0.0 0.0 0.0 0.0 0.0 0.0 0.0 0.0 0.0 0.0 0.0
1582021.62122 0.0 0.0 0.0 0.0 0.0 0.0 0.0 0.0 0.0 0.0 0.0 0.0 0.0 0.0 0.0 0.0 0.0
1680398.24149 0.0 0.0 0.0 0.0 0.0 0.0 0.0 0.0 0.0 0.0 0.0 0.0 0.0 0.0 0.0 0.0 0.0
1785791.80197 0.0 0.0 0.0 0.0 0.0 0.0 0.0 0.0 0.0 0.0 0.0 0.0 0.0 0.0 0.0 0.0 0.0
1897223.53981 0.0 0.0 0.0 0.0 0.0 0.0 0.0 0.0 0.0 0.0 0.0 0.0 0.0 0.0 0.0 0.0 0.0
2015672.2179 0.0 0.0 0.0 0.0 0.0 0.0 0.0 0.0 0.0 0.0 0.0 0.0 0.0 0.0 0.0 0.0 0.0
2142151.4629 0.0 0.0 0.0 0.0 0.0 0.0 0.0 0.0 0.0 0.0 0.0 0.0 0.0 0.0 0.0 0.0 0.0
2275656.36466 0.0 0.0 0.0 0.0 0.0 0.0 0.0 0.0 0.0 0.0 0.0 0.0 0.0 0.0 0.0 0.0 0.0
2418196.74344 0.0 0.0 0.0 0.0 0.0 0.0 0.0 0.0 0.0 0.0 0.0 0.0 0.0 0.0 0.0 0.0 0.0
2568776.40327 0.0 0.0 0.0 0.0 0.0 0.0 0.0 0.0 0.0 0.0 0.0 0.0 0.0 0.0 0.0 0.0 0.0
2729387.73537 0.0 0.0 0.0 0.0 0.0 0.0 0.0 0.0 0.0 0.0 0.0 0.0 0.0 0.0 0.0 0.0 0.0
2900039.4549 0.0 0.0 0.0 0.0 0.0 0.0 0.0 0.0 0.0 0.0 0.0 0.0 0.0 0.0 0.0 0.0 0.0
3000417.17933 0.0 0.0 0.0 0.0 0.0 0.0 0.0 0.0 0.0 0.0 0.0 0.0 0.0 0.0 0.0 0.0 0.0
3280482.10024 0.0 0.0 0.0 0.0 0.0 0.0 0.0 0.0 0.0 0.0 0.0 0.0 0.0 0.0 0.0 0.0 0.0
3586648.54147 0.0 0.0 0.0 0.0 0.0 0.0 0.0 0.0 0.0 0.0 0.0 0.0 0.0 0.0 0.0 0.0 0.0
3921922.51836 0.0 0.0 0.0 0.0 0.0 0.0 0.0 0.0 0.0 0.0 0.0 0.0 0.0 0.0 0.0 0.0 0.0
4288322.56716 0.0 0.0 0.0 0.0 0.0 0.0 0.0 0.0 0.0 0.0 0.0 0.0 0.0 0.0 0.0 0.0 0.0
4688845.98702 0.0 0.0 0.0 0.0 0.0 0.0 0.0 0.0 0.0 0.0 0.0 0.0 0.0 0.0 0.0 0.0 0.0
5127512.41929 0.0 0.0 0.0 0.0 0.0 0.0 0.0 0.0 0.0 0.0 0.0 0.0 0.0 0.0 0.0 0.0 0.0
5606331.6848 0.0 0.0 0.0 0.0 0.0 0.0 0.0 0.0 0.0 0.0 0.0 0.0 0.0 0.0 0.0 0.0 0.0
6130328.3346 0.0 0.0 0.0 0.0 0.0 0.0 0.0 0.0 0.0 0.0 0.0 0.0 0.0 0.0 0.0 0.0 0.0
6702508.38418 0.0 0.0 0.0 0.0 0.0 0.0 0.0 0.0 0.0 0.0 0.0 0.0 0.0 0.0 0.0 0.0 0.0
7328883.86386 0.0 0.0 0.0 0.0 0.0 0.0 0.0 0.0 0.0 0.0 0.0 0.0 0.0 0.0 0.0 0.0 0.0
8013491.84563 0.0 0.0 0.0 0.0 0.0 0.0 0.0 0.0 0.0 0.0 0.0 0.0 0.0 0.0 0.0 0.0 0.0
8762344.36039 0.0 0.0 0.0 0.0 0.0 0.0 0.0 0.0 0.0 0.0 0.0 0.0 0.0 0.0 0.0 0.0 0.0
9580457.24379 0.0 0.0 0.0 0.0 0.0 0.0 0.0 0.0 0.0 0.0 0.0 0.0 0.0 0.0 0.0 0.0 0.0
10479845.8481 0.0 0.0 0.0 0.0 0.0 0.0 0.0 0.0 0.0 0.0 0.0 0.0 0.0 0.0 0.0 0.0 0.0
11453589.0833 0.0 0.0 0.0 0.0 0.0 0.0 0.0 0.0 0.0 0.0 0.0 0.0 0.0 0.0 0.0 0.0 0.0
12527683.9041 0.0 0.0 0.0 0.0 0.0 0.0 0.0 0.0 0.0 0.0 0.0 0.0 0.0 0.0 0.0 0.0 0.0
13692159.6543 0.0 0.0 0.0 0.0 0.0 0.0 0.0 0.0 0.0 0.0 0.0 0.0 0.0 0.0 0.0 0.0 0.0
14976963.1434 0.0 0.0 0.0 0.0 0.0 0.0 0.0 0.0 0.0 0.0 0.0 0.0 0.0 0.0 0.0 0.0 0.0
16372306.7709 0.0 0.0 0.0 0.0 0.0 0.0 0.0 0.0 0.0 0.0 0.0 0.0 0.0 0.0 0.0 0.0 0.0
17908076.3903 0.0 0.0 0.0 0.0 0.0 0.0 0.0 0.0 0.0 0.0 0.0 0.0 0.0 0.0 0.0 0.0 0.0
19574484.3099 0.0 0.0 0.0 0.0 0.0 0.0 0.0 0.0 0.0 0.0 0.0 0.0 0.0 0.0 0.0 0.0 0.0
21401503.592 0.0 0.0 0.0 0.0 0.0 0.0 0.0 0.0 0.0 0.0 0.0 0.0 0.0 0.0 0.0 0.0 0.0
23409058.0759 0.0 0.0 0.0 0.0 0.0 0.0 0.0 0.0 0.0 0.0 0.0 0.0 0.0 0.0 0.0 0.0 0.0
25587360.1608 0.0 0.0 0.0 0.0 0.0 0.0 0.0 0.0 0.0 0.0 0.0 0.0 0.0 0.0 0.0 0.0 0.0
27986481.04 0.0 0.0 0.0 0.0 0.0 0.0 0.0 0.0 0.0 0.0 0.0 0.0 0.0 0.0 0.0 0.0 0.0
30596458.7657 0.0 0.0 0.0 0.0 0.0 0.0 0.0 0.0 0.0 0.0 0.0 0.0 0.0 0.0 0.0 0.0 0.0
33457315.4333 0.0 0.0 0.0 0.0 0.0 0.0 0.0 0.0 0.0 0.0 0.0 0.0 0.0 0.0 0.0 0.0 0.0
36579187.3064 0.0 0.0 0.0 0.0 0.0 0.0 0.0 0.0 0.0 0.0 0.0 0.0 0.0 0.0 0.0 0.0 0.0
40002183.6404 0.0 0.0 0.0 0.0 0.0 0.0 0.0 0.0 0.0 0.0 0.0 0.0 0.0 0.0 0.0 0.0 0.0
-----------------------

E[V/m]_diff[m2/s]
N2
NUM_COLUMNS:  17
COL_VALUES:  5.0 10.0 15.0 20.0 25.0 30.0 35.0 40.0 45.0 50.0 55.0 60.0 65.0 70.0 75.0 80.0 85.0
COMMENT: generated by particle_swarm
-----------------------
500002.826392 0.0267 0.0274 0.02801 0.02893 0.03055 0.0321 0.03414 0.03666 0.03928 0.04283 0.04623 0.05049 0.05483 0.05954 0.06359 0.06836 0.07094
531221.54512 0.02636 0.02693 0.02756 0.02846 0.03007 0.03191 0.03392 0.03654 0.03939 0.04264 0.04623 0.05064 0.05469 0.05941 0.06395 0.0681 0.07039
564447.469744 0.02625 0.02701 0.02747 0.02865 0.02987 0.03177 0.0336 0.03607 0.0395 0.04243 0.04637 0.05009 0.05473 0.05919 0.06407 0.06798 0.07092
599682.343329 0.02614 0.02636 0.02708 0.02836 0.02962 0.03154 0.03371 0.03596 0.03912 0.04237 0.04607 0.04988 0.05463 0.05923 0.06363 0.0674 0.07045
637224.152791 0.02585 0.02625 0.02683 0.02828 0.02969 0.03146 0.03354 0.03597 0.03867 0.04216 0.04601 0.0498 0.05463 0.05917 0.06382 0.06757 0.07034
676976.764815 0.02574 0.02606 0.02682 0.02784 0.02939 0.03102 0.03342 0.03566 0.03846 0.04215 0.04586 0.0499 0.05444 0.05944 0.06319 0.06741 0.07026
719336.914179 0.02552 0.02608 0.02664 0.02789 0.02921 0.03078 0.03316 0.03559 0.03849 0.04221 0.04565 0.0497 0.05416 0.05906 0.06361 0.06712 0.07009
764308.087161 0.02533 0.02565 0.02654 0.02778 0.02912 0.03071 0.03309 0.03556 0.03821 0.04173 0.04553 0.04954 0.05445 0.05892 0.06305 0.06719 0.06991
811989.903201 0.02513 0.0256 0.02647 0.02754 0.02885 0.03071 0.03281 0.03559 0.03836 0.04152 0.04544 0.04974 0.05389 0.05859 0.0632 0.06658 0.07002
862783.454871 0.02512 0.02556 0.02633 0.02727 0.02899 0.03085 0.03289 0.03533 0.03794 0.04162 0.04524 0.04965 0.05354 0.05848 0.06294 0.06679 0.06931
916687.870597 0.02512 0.0253 0.02616 0.02738 0.02856 0.03063 0.03279 0.0353 0.03796 0.04146 0.04485 0.04947 0.05346 0.05774 0.06254 0.06646 0.06939
974006.36656 0.02495 0.02537 0.0263 0.02717 0.02877 0.03067 0.03256 0.035 0.03814 0.04107 0.04483 0.04899 0.0534 0.05821 0.06207 0.06591 0.06917
1034937.31023 0.02506 0.02558 0.0264 0.02725 0.02886 0.03041 0.03274 0.03508 0.03804 0.04147 0.04505 0.04933 0.0533 0.05803 0.06194 0.06587 0.06885
1099185.32964 0.02537 0.02563 0.02661 0.02775 0.02885 0.03064 0.03296 0.03524 0.03826 0.04123 0.04471 0.04881 0.05295 0.05754 0.06166 0.06561 0.06865
1168443.08377 0.02571 0.02602 0.02678 0.02758 0.02923 0.03077 0.03277 0.03552 0.03824 0.04148 0.04496 0.04894 0.05288 0.05747 0.06175 0.06579 0.0687
1240726.89985 0.02604 0.02615 0.02715 0.02832 0.02959 0.03126 0.03341 0.03569 0.03857 0.04181 0.04528 0.04922 0.05306 0.05742 0.06186 0.0653 0.06846
1319014.02949 0.0268 0.02718 0.02764 0.02887 0.03033 0.03152 0.03386 0.03591 0.03906 0.04201 0.04555 0.04899 0.05333 0.05761 0.0617 0.06539 0.06798
1401329.51514 0.02762 0.02789 0.02906 0.02986 0.03143 0.03253 0.03465 0.03713 0.03958 0.04238 0.04569 0.0496 0.0535 0.05773 0.06156 0.06547 0.06811
1488669.55366 0.02929 0.02955 0.03057 0.03125 0.03257 0.03403 0.03605 0.03779 0.0406 0.04347 0.04664 0.05041 0.05408 0.05799 0.06194 0.06556 0.06825
1582021.62122 0.03093 0.03116 0.03173 0.03298 0.03411 0.03544 0.0371 0.03968 0.04129 0.04454 0.04749 0.05101 0.05488 0.05893 0.06271 0.06585 0.06849
1680398.24149 0.03334 0.03345 0.03416 0.03466 0.03593 0.03767 0.03926 0.04119 0.04342 0.04652 0.0489 0.05246 0.05602 0.05982 0.06311 0.06672 0.06894
1785791.80197 0.0358 0.03608 0.03658 0.0375 0.03835 0.03959 0.04133 0.04328 0.04561 0.04826 0.05101 0.05397 0.0574 0.06082 0.06445 0.06753 0.06985
1897223.53981 0.03896 0.03958 0.03963 0.04056 0.04161 0.04261 0.04452 0.04604 0.04812 0.05062 0.0525 0.05591 0.0595 0.06274 0.06568 0.06888 0.07105
2015672.2179 0.04255 0.04255 0.04308 0.0441 0.04485 0.0466 0.04755 0.04925 0.05143 0.05352 0.05614 0.05858 0.06113 0.06457 0.06803 0.07065 0.07292
2142151.4629 0.04702 0.04679 0.04766 0.04803 0.04895 0.05047 0.05124 0.05281 0.05479 0.05651 0.05884 0.06146 0.06397 0.06712 0.06995 0.07266 0.07488
2275656.36466 0.05153 0.05075 0.05179 0.05305 0.05337 0.05492 0.05546 0.05791 0.05868 0.06067 0.06262 0.06496 0.06762 0.07022 0.07307 0.07515 0.07673
2418196.74344 0.05598 0.0564 0.05646 0.05766 0.05814 0.05946 0.06078 0.06172 0.06327 0.06487 0.06671 0.0688 0.07086 0.07388 0.07594 0.07844 0.08007
2568776.40327 0.06154 0.0613 0.06237 0.06242 0.06338 0.06403 0.06519 0.06571 0.0674 0.06951 0.07137 0.07274 0.07558 0.07797 0.07992 0.08208 0.08326
2729387.73537 0.06708 0.06638 0.0674 0.0676 0.06809 0.06907 0.07048 0.07135 0.07255 0.07463 0.07578 0.07795 0.07959 0.08139 0.08409 0.08582 0.08757
2900039.4549 0.07183 0.07241 0.07287 0.07335 0.07374 0.07476 0.07549 0.07702 0.07782 0.07919 0.08094 0.08236 0.08452 0.08653 0.08842 0.08952 0.09116
3000417.17933 0.07474 0.07533 0.07564 0.07581 0.07692 0.07783 0.0784 0.07964 0.08137 0.08257 0.0839 0.08534 0.0872 0.08981 0.09005 0.09284 0.09369
3280482.10024 0.0827 0.08297 0.08309 0.08375 0.08468 0.08538 0.08621 0.08741 0.08859 0.08978 0.09151 0.09321 0.09437 0.09583 0.0976 0.09959 0.1002
3586648.54147 0.08994 0.09028 0.09074 0.09132 0.0918 0.09285 0.09376 0.09521 0.09626 0.09755 0.09912 0.1005 0.1017 0.1034 0.1047 0.106 0.1069
3921922.51836 0.09718 0.09777 0.09797 0.09838 0.09945 0.1004 0.1012 0.1024 0.1037 0.1052 0.1064 0.108 0.109 0.1108 0.1117 0.113 0.1138
4288322.56716 0.1036 0.1041 0.1045 0.1053 0.1061 0.1069 0.1083 0.1094 0.1111 0.1125 0.1135 0.1147 0.1168 0.1174 0.119 0.1202 0.1204
4688845.98702 0.1101 0.1096 0.1104 0.1108 0.1123 0.1133 0.1147 0.1161 0.1175 0.1185 0.1206 0.1219 0.1236 0.1246 0.1256 0.1269 0.1273
5127512.41929 0.1152 0.1157 0.1159 0.1174 0.118 0.1193 0.1208 0.1218 0.1231 0.1254 0.1267 0.1282 0.1298 0.1307 0.1322 0.1333 0.1345
5606331.6848 0.121 0.1218 0.1215 0.123 0.1234 0.1247 0.1259 0.1278 0.1294 0.1308 0.1329 0.1345 0.1356 0.1374 0.1384 0.1397 0.1403
6130328.3346 0.126 0.1248 0.1263 0.1271 0.1296 0.1304 0.1312 0.1331 0.135 0.1372 0.1383 0.1407 0.1417 0.1437 0.1444 0.1468 0.1459
6702508.38418 0.1308 0.1299 0.131 0.1329 0.1335 0.1347 0.1362 0.1379 0.1402 0.1425 0.1443 0.146 0.1473 0.1494 0.1508 0.1509 0.151
7328883.86386 0.1358 0.1353 0.1363 0.1365 0.1377 0.1393 0.1407 0.1436 0.1446 0.1462 0.149 0.1507 0.1531 0.1556 0.1552 0.1573 0.1575
8013491.84563 0.1388 0.139 0.1401 0.141 0.1432 0.1444 0.1454 0.1487 0.1507 0.1527 0.154 0.1567 0.1588 0.1598 0.1613 0.1633 0.1636
8762344.36039 0.1431 0.1442 0.1441 0.1462 0.1471 0.1489 0.1511 0.1517 0.1559 0.1579 0.1597 0.1617 0.1629 0.1653 0.167 0.1672 0.1684
9580457.24379 0.1486 0.1484 0.1483 0.1508 0.1525 0.1539 0.1553 0.1569 0.1611 0.1639 0.1658 0.1672 0.17 0.171 0.1731 0.1738 0.1745
10479845.8481 0.1531 0.1534 0.1542 0.1557 0.1564 0.1586 0.1604 0.1629 0.1641 0.1678 0.1694 0.1722 0.1733 0.1759 0.1786 0.1781 0.1795
11453589.0833 0.1565 0.1586 0.1586 0.1604 0.1619 0.1624 0.1637 0.168 0.17 0.172 0.176 0.1783 0.1795 0.1814 0.1836 0.1843 0.1849
12527683.9041 0.1601 0.1612 0.1622 0.1636 0.1654 0.1673 0.1705 0.1719 0.1752 0.1789 0.1814 0.1828 0.1864 0.1868 0.1895 0.1906 0.1923
13692159.6543 0.1664 0.1663 0.1684 0.1677 0.1696 0.1737 0.1735 0.1782 0.1805 0.1828 0.1857 0.1896 0.191 0.1944 0.1963 0.1967 0.1972
14976963.1434 0.1713 0.1705 0.1713 0.1726 0.1767 0.1787 0.1802 0.1815 0.1862 0.1892 0.1916 0.1956 0.198 0.2002 0.2028 0.202 0.2041
16372306.7709 0.1749 0.1769 0.1784 0.1801 0.1825 0.1826 0.1871 0.1889 0.1918 0.1959 0.1973 0.2017 0.2032 0.2047 0.2061 0.2089 0.2105
17908076.3903 0.1813 0.1809 0.1831 0.1871 0.1873 0.1901 0.1929 0.1964 0.2001 0.2023 0.2051 0.2079 0.2088 0.2119 0.2127 0.2161 0.2154
19574484.3099 0.1886 0.1895 0.19 0.1912 0.1941 0.1955 0.1999 0.2046 0.2055 0.2078 0.213 0.2146 0.2169 0.2207 0.222 0.2219 0.2248
21401503.592 0.194 0.1976 0.1972 0.2008 0.2022 0.2046 0.2065 0.208 0.2105 0.2161 0.2189 0.2213 0.2225 0.2301 0.2305 0.2295 0.2311
23409058.0759 0.2038 0.2028 0.2041 0.2067 0.2089 0.2118 0.2148 0.218 0.2202 0.2229 0.2284 0.2287 0.2303 0.2348 0.2388 0.2379 0.2381
25587360.1608 0.2086 0.2098 0.2133 0.2151 0.2153 0.22 0.2222 0.2214 0.2292 0.2304 0.2366 0.2347 0.242 0.2418 0.2484 0.2484 0.2494
27986481.04 0.2219 0.2191 0.2216 0.2223 0.2246 0.2276 0.2316 0.2364 0.237 0.2434 0.2446 0.2487 0.2498 0.2543 0.2545 0.2556 0.2594
30596458.7657 0.2311 0.2301 0.2302 0.2341 0.2346 0.2375 0.2428 0.2446 0.249 0.2508 0.2545 0.2588 0.2601 0.2659 0.2667 0.2672 0.27
33457315.4333 0.2421 0.2427 0.2437 0.2461 0.2444 0.2502 0.2526 0.2557 0.2598 0.2652 0.2688 0.2703 0.2744 0.2745 0.2756 0.2786 0.2797
36579187.3064 0.2554 0.2577 0.2542 0.2604 0.2606 0.2621 0.2644 0.2672 0.2715 0.2741 0.2762 0.2823 0.2863 0.2872 0.2863 0.29 0.2896
40002183.6404 0.2685 0.2705 0.273 0.2714 0.274 0.2785 0.2814 0.2828 0.2852 0.2893 0.2905 0.2992 0.2976 0.3007 0.3014 0.3065 0.3067
-----------------------

