E[V/m]_muB[m2/Vs]
N2
NUM_COLUMNS:  17
COL_VALUES:  5.0 10.0 15.0 20.0 25.0 30.0 35.0 40.0 45.0 50.0 55.0 60.0 65.0 70.0 75.0 80.0 85.0
COMMENT: generated by particle_swarm
-----------------------
500002.826392 0.06105 0.06129 0.06167 0.06185 0.0623 0.06285 0.06347 0.06438 0.06513 0.06627 0.06766 0.06894 0.07049 0.07242 0.07407 0.07564 0.07777
531221.54512 0.06026 0.06046 0.06063 0.06112 0.06167 0.06218 0.06265 0.06362 0.06426 0.06568 0.06657 0.06785 0.06987 0.07098 0.07283 0.07501 0.07617
564447.469744 0.05954 0.05971 0.05978 0.06035 0.06064 0.06129 0.06183 0.06264 0.06338 0.06462 0.06586 0.06707 0.06863 0.06994 0.07214 0.07247 0.07412
599682.343329 0.0586 0.05896 0.05942 0.05945 0.06014 0.06058 0.06123 0.06199 0.06278 0.06396 0.06472 0.06623 0.06754 0.0692 0.07103 0.07251 0.07323
637224.152791 0.05803 0.05818 0.05856 0.05871 0.05924 0.0597 0.06019 0.06117 0.0617 0.06271 0.06387 0.06524 0.06707 0.06818 0.07008 0.07107 0.07368
676976.764815 0.0574 0.05754 0.05765 0.05805 0.05841 0.05874 0.05942 0.0603 0.06121 0.06218 0.06316 0.06451 0.0661 0.06764 0.06913 0.06982 0.07121
719336.914179 0.05648 0.05654 0.05705 0.05718 0.05773 0.05816 0.05874 0.05965 0.06025 0.06129 0.06228 0.06374 0.06524 0.06644 0.06729 0.06865 0.07049
764308.087161 0.05587 0.05586 0.05619 0.0566 0.05687 0.05747 0.0582 0.05875 0.05954 0.06074 0.06189 0.06272 0.06453 0.06519 0.0669 0.06905 0.06792
811989.903201 0.05516 0.05523 0.0555 0.05576 0.05608 0.05677 0.05744 0.05815 0.05899 0.05985 0.06104 0.06222 0.06355 0.06495 0.06627 0.06737 0.07185
862783.454871 0.05443 0.05462 0.05456 0.05531 0.05558 0.0561 0.05677 0.05723 0.05831 0.05929 0.06064 0.06179 0.06281 0.06472 0.06598 0.06644 0.06728
916687.870597 0.05371 0.05377 0.05393 0.05442 0.05506 0.05538 0.05608 0.05662 0.05748 0.05873 0.05989 0.06112 0.06225 0.06384 0.06529 0.06624 0.06676
974006.36656 0.05307 0.05329 0.05329 0.05383 0.05416 0.05483 0.05537 0.0559 0.05665 0.0578 0.05888 0.06022 0.06127 0.06286 0.06497 0.06579 0.06828
1034937.31023 0.0522 0.05258 0.0526 0.05308 0.05331 0.05401 0.05454 0.05539 0.05636 0.05743 0.05854 0.05958 0.06095 0.06235 0.06398 0.0653 0.06703
1099185.32964 0.05152 0.05162 0.0521 0.05226 0.05301 0.05325 0.05389 0.05493 0.05577 0.05657 0.05776 0.05896 0.06045 0.06163 0.06326 0.06369 0.06373
1168443.08377 0.05109 0.05105 0.0512 0.05162 0.05199 0.05267 0.05315 0.05399 0.05512 0.05593 0.05705 0.05843 0.05975 0.06125 0.06289 0.06347 0.06485
1240726.89985 0.05026 0.05035 0.0505 0.05082 0.05144 0.05183 0.05257 0.05325 0.05446 0.05504 0.05638 0.05756 0.05901 0.06064 0.06199 0.06272 0.06598
1319014.02949 0.04974 0.04968 0.05012 0.05022 0.05074 0.05123 0.05187 0.05263 0.05356 0.05467 0.05561 0.05714 0.0583 0.0596 0.06156 0.06263 0.06339
1401329.51514 0.04895 0.04914 0.04938 0.04969 0.05006 0.05054 0.05118 0.05197 0.05306 0.05382 0.05511 0.0563 0.05779 0.0593 0.0608 0.0611 0.06332
1488669.55366 0.04831 0.04852 0.04855 0.04886 0.04933 0.05001 0.05069 0.05131 0.05202 0.05331 0.05441 0.05555 0.05713 0.05865 0.05959 0.06155 0.06147
1582021.62122 0.04756 0.04774 0.04812 0.0482 0.04876 0.04918 0.04992 0.05058 0.05148 0.05259 0.05375 0.05522 0.05634 0.05796 0.05973 0.06117 0.06299
1680398.24149 0.04705 0.04704 0.04733 0.04766 0.04797 0.04846 0.04913 0.04992 0.05087 0.05171 0.05307 0.0545 0.05594 0.05721 0.05867 0.05986 0.06155
1785791.80197 0.04634 0.04637 0.0467 0.04696 0.0473 0.0479 0.04862 0.04914 0.05004 0.05111 0.05211 0.05344 0.05508 0.05661 0.05785 0.05976 0.0611
1897223.53981 0.04563 0.04591 0.04605 0.04654 0.04674 0.04723 0.04775 0.04854 0.04929 0.05021 0.0516 0.05275 0.05403 0.0558 0.05726 0.05892 0.05867
2015672.2179 0.045 0.04515 0.04555 0.04563 0.04613 0.04655 0.047 0.0478 0.04882 0.04959 0.05073 0.05228 0.05369 0.05495 0.05684 0.05842 0.05905
2142151.4629 0.04461 0.04467 0.0448 0.04509 0.04551 0.04591 0.04659 0.04719 0.04807 0.04879 0.05 0.05119 0.05252 0.05404 0.05565 0.05727 0.05767
2275656.36466 0.04406 0.04416 0.04429 0.04452 0.04501 0.04533 0.0458 0.04658 0.04736 0.04808 0.04938 0.05045 0.05217 0.0532 0.05478 0.05665 0.05763
2418196.74344 0.04351 0.04365 0.04389 0.04406 0.04426 0.04483 0.04537 0.04606 0.04665 0.04762 0.04852 0.04949 0.05086 0.05262 0.05423 0.05502 0.05647
2568776.40327 0.04298 0.04324 0.04336 0.04344 0.0439 0.04436 0.04468 0.04518 0.04586 0.04668 0.04771 0.04901 0.05017 0.05147 0.05281 0.055 0.05603
2729387.73537 0.04256 0.04268 0.04279 0.043 0.04323 0.04371 0.04421 0.04468 0.04545 0.04615 0.04705 0.04792 0.04942 0.05031 0.0517 0.05366 0.05434
2900039.4549 0.04208 0.04224 0.0423 0.04257 0.04282 0.04327 0.04365 0.04405 0.04469 0.04544 0.04628 0.04722 0.0483 0.05014 0.05131 0.05325 0.05465
3000417.17933 0.04186 0.042 0.04216 0.04235 0.04254 0.04285 0.04325 0.04378 0.04439 0.04502 0.0458 0.04695 0.04786 0.04922 0.05074 0.05187 0.05364
3280482.10024 0.04126 0.0413 0.04147 0.04165 0.04188 0.04221 0.04257 0.04298 0.04352 0.04402 0.04485 0.04576 0.04659 0.04819 0.04899 0.05 0.0511
3586648.54147 0.04072 0.04078 0.04087 0.04101 0.04124 0.04148 0.04181 0.04224 0.04266 0.04325 0.04403 0.04451 0.04557 0.04658 0.04768 0.04914 0.05052
3921922.51836 0.0401 0.04012 0.04025 0.04039 0.04061 0.04082 0.04116 0.04151 0.04194 0.04237 0.043 0.04362 0.04436 0.04536 0.04619 0.0473 0.04845
4288322.56716 0.03954 0.03958 0.03969 0.03983 0.03997 0.04016 0.0405 0.04081 0.04115 0.04162 0.0421 0.04271 0.04334 0.04415 0.0451 0.0457 0.04616
4688845.98702 0.03896 0.03894 0.03903 0.03923 0.03943 0.03956 0.03992 0.04009 0.04048 0.04088 0.04135 0.04179 0.04236 0.04301 0.04374 0.04432 0.04464
5127512.41929 0.03838 0.03843 0.0385 0.03863 0.03871 0.0389 0.03916 0.03931 0.03975 0.0401 0.04054 0.04099 0.04148 0.04201 0.04276 0.04322 0.04365
5606331.6848 0.03771 0.03781 0.03785 0.03801 0.03814 0.03832 0.03856 0.03872 0.03896 0.03945 0.03966 0.04008 0.04059 0.04097 0.04165 0.04198 0.04181
6130328.3346 0.03718 0.03712 0.03733 0.03731 0.03755 0.03762 0.03788 0.0381 0.03832 0.03861 0.03895 0.03934 0.03958 0.04008 0.04055 0.04085 0.04141
6702508.38418 0.0366 0.03661 0.0366 0.03671 0.03683 0.03699 0.03717 0.03753 0.03771 0.03795 0.03827 0.03859 0.03875 0.03923 0.03962 0.0401 0.04009
7328883.86386 0.03597 0.03604 0.03592 0.03606 0.03623 0.03634 0.03656 0.0367 0.03695 0.03739 0.03747 0.03783 0.03796 0.03833 0.03867 0.03881 0.03875
8013491.84563 0.03521 0.03522 0.03534 0.0354 0.03557 0.03563 0.0358 0.03601 0.03618 0.03626 0.03668 0.03695 0.0372 0.03769 0.03784 0.03766 0.03861
8762344.36039 0.0346 0.03457 0.03473 0.03471 0.0348 0.03493 0.0352 0.03532 0.03562 0.03565 0.03597 0.03604 0.03635 0.03666 0.03712 0.03738 0.03642
9580457.24379 0.03394 0.03393 0.0339 0.03408 0.03427 0.03431 0.03448 0.03462 0.03479 0.0349 0.03524 0.03542 0.03542 0.03587 0.0359 0.03644 0.03601
10479845.8481 0.03327 0.03327 0.03329 0.03328 0.03358 0.03361 0.03375 0.03375 0.03397 0.03415 0.03434 0.03481 0.03481 0.03505 0.03513 0.03548 0.03462
11453589.0833 0.03247 0.03251 0.03259 0.03269 0.03287 0.03286 0.03306 0.03312 0.03341 0.03359 0.03376 0.03388 0.03404 0.03428 0.03462 0.03412 0.0349
12527683.9041 0.03183 0.03177 0.0318 0.03207 0.03199 0.03205 0.03225 0.03237 0.03255 0.03271 0.03288 0.033 0.03317 0.0335 0.0338 0.03435 0.03276
13692159.6543 0.03108 0.03108 0.03119 0.03129 0.03134 0.03153 0.0315 0.03157 0.0317 0.03189 0.03212 0.03235 0.03239 0.03243 0.03293 0.03275 0.03335
14976963.1434 0.0304 0.03046 0.03039 0.03049 0.03055 0.03063 0.03075 0.03089 0.03107 0.03123 0.03136 0.03154 0.03174 0.03182 0.03177 0.03217 0.03261
16372306.7709 0.02965 0.02968 0.02971 0.02981 0.02988 0.02992 0.02999 0.03016 0.03023 0.03046 0.03054 0.03084 0.0306 0.03111 0.03109 0.03123 0.03168
17908076.3903 0.02887 0.02894 0.029 0.02902 0.02911 0.02916 0.02928 0.02948 0.02964 0.02965 0.02976 0.02998 0.03006 0.03029 0.03052 0.03043 0.03091
19574484.3099 0.02818 0.02826 0.02824 0.02825 0.02846 0.02838 0.02857 0.02871 0.02877 0.0289 0.02902 0.02912 0.02927 0.0294 0.02976 0.02976 0.02916
21401503.592 0.02745 0.02751 0.02753 0.02769 0.02759 0.02761 0.0278 0.02791 0.02799 0.02816 0.02822 0.02828 0.02848 0.02839 0.02854 0.02855 0.02863
23409058.0759 0.02673 0.02669 0.02676 0.02691 0.02686 0.02703 0.02709 0.02718 0.02723 0.02722 0.02741 0.02757 0.02767 0.02797 0.02793 0.02793 0.02743
25587360.1608 0.02604 0.02601 0.0261 0.02615 0.02624 0.02629 0.02626 0.02636 0.0265 0.02662 0.02661 0.0268 0.02675 0.02708 0.02688 0.02682 0.02701
27986481.04 0.02535 0.02537 0.02549 0.02548 0.02544 0.0255 0.02561 0.02567 0.02578 0.02597 0.02602 0.02605 0.02609 0.02633 0.02625 0.02643 0.02653
30596458.7657 0.02465 0.02467 0.02465 0.02469 0.02479 0.02482 0.0249 0.02499 0.02503 0.02511 0.02514 0.0251 0.02532 0.02547 0.02572 0.02553 0.02553
33457315.4333 0.02398 0.024 0.02403 0.02407 0.02408 0.02417 0.02418 0.02431 0.02428 0.02444 0.02446 0.02449 0.02465 0.02467 0.02482 0.02475 0.02529
36579187.3064 0.02332 0.02331 0.02339 0.02335 0.02343 0.02349 0.02352 0.0236 0.02366 0.02375 0.02386 0.02388 0.02382 0.02385 0.02377 0.02414 0.02386
40002183.6404 0.02269 0.02268 0.02276 0.02272 0.02277 0.02279 0.02281 0.02295 0.02299 0.02305 0.02314 0.0232 0.02324 0.02336 0.02328 0.02346 0.02324
-----------------------

E[V/m]_muxB[m2/Vs]
N2
NUM_COLUMNS:  17
COL_VALUES:  5.0 10.0 15.0 20.0 25.0 30.0 35.0 40.0 45.0 50.0 55.0 60.0 65.0 70.0 75.0 80.0 85.0
COMMENT: generated by particle_swarm
-----------------------
500002.826392 0.02377 0.02409 0.02387 0.02345 0.02376 0.02354 0.02359 0.02344 0.0233 0.0234 0.02324 0.02308 0.02297 0.0228 0.02272 0.02247 0.02249
531221.54512 0.02428 0.02304 0.02338 0.02371 0.02367 0.02358 0.02371 0.02365 0.02338 0.02335 0.02325 0.02306 0.02311 0.02296 0.02279 0.02261 0.0225
564447.469744 0.02507 0.02335 0.02394 0.02392 0.0236 0.02344 0.02353 0.02359 0.02344 0.02345 0.02329 0.02321 0.02301 0.02296 0.02284 0.02272 0.02258
599682.343329 0.0231 0.02303 0.02365 0.02363 0.02391 0.02358 0.02371 0.02356 0.02352 0.02334 0.02337 0.02317 0.02307 0.02306 0.0229 0.02274 0.02264
637224.152791 0.02473 0.02361 0.02315 0.02331 0.02334 0.02356 0.02364 0.02355 0.02342 0.0235 0.02343 0.02322 0.02314 0.02304 0.02292 0.02281 0.02273
676976.764815 0.02452 0.02288 0.02408 0.02384 0.02338 0.02342 0.02363 0.02354 0.02355 0.02334 0.02326 0.02328 0.02315 0.02301 0.02299 0.02286 0.02285
719336.914179 0.02297 0.0239 0.02354 0.02371 0.02358 0.02343 0.02371 0.02348 0.02354 0.02338 0.02337 0.02337 0.02324 0.02309 0.02306 0.02289 0.02274
764308.087161 0.02284 0.02357 0.02391 0.0236 0.02361 0.02366 0.02356 0.02355 0.02353 0.02346 0.02333 0.0234 0.02329 0.02305 0.023 0.02287 0.02287
811989.903201 0.02228 0.02339 0.02365 0.0233 0.02355 0.0234 0.02358 0.02349 0.02345 0.02348 0.02348 0.02322 0.0232 0.02316 0.02304 0.02295 0.02282
862783.454871 0.02443 0.02411 0.02329 0.02355 0.02357 0.02364 0.02354 0.02356 0.02354 0.02335 0.02348 0.02325 0.02317 0.02316 0.02293 0.02295 0.02281
916687.870597 0.02289 0.02372 0.02323 0.02339 0.02341 0.02334 0.02359 0.02341 0.02335 0.02348 0.02321 0.02334 0.02318 0.02312 0.02308 0.02294 0.02282
974006.36656 0.02331 0.02377 0.02368 0.02352 0.02341 0.02329 0.02336 0.02331 0.02347 0.02339 0.0233 0.02313 0.02331 0.02315 0.02291 0.02296 0.02284
1034937.31023 0.0234 0.02368 0.02334 0.02342 0.0234 0.02343 0.02358 0.0234 0.02335 0.02336 0.02333 0.02328 0.02317 0.02311 0.02305 0.02295 0.02279
1099185.32964 0.02311 0.02375 0.02302 0.02361 0.02319 0.02355 0.02338 0.02327 0.02335 0.02326 0.0233 0.02317 0.02318 0.02305 0.02297 0.02292 0.02282
1168443.08377 0.02376 0.02384 0.02382 0.02351 0.02312 0.02358 0.02313 0.02344 0.02336 0.02326 0.02317 0.02321 0.02305 0.02292 0.02291 0.02293 0.02277
1240726.89985 0.02352 0.02315 0.02328 0.0234 0.02323 0.02336 0.02334 0.02335 0.02325 0.0234 0.02311 0.02322 0.023 0.02301 0.02299 0.0228 0.02282
1319014.02949 0.02319 0.02338 0.02325 0.02321 0.02339 0.02316 0.02324 0.02321 0.02313 0.02318 0.02313 0.02324 0.02302 0.02291 0.02291 0.02282 0.02274
1401329.51514 0.02329 0.02376 0.0231 0.02326 0.02334 0.02336 0.02308 0.02314 0.0232 0.02309 0.02312 0.02307 0.02298 0.0229 0.0228 0.0228 0.02277
1488669.55366 0.02331 0.02313 0.02354 0.02334 0.02309 0.02322 0.0231 0.02311 0.0232 0.02306 0.02314 0.02302 0.02287 0.02289 0.02287 0.02275 0.02265
1582021.62122 0.02351 0.02265 0.02343 0.02313 0.02316 0.0231 0.0232 0.02311 0.02301 0.02306 0.02302 0.023 0.02289 0.02285 0.02277 0.02268 0.02265
1680398.24149 0.02341 0.02319 0.0234 0.02353 0.02303 0.02308 0.023 0.02318 0.02313 0.02307 0.02297 0.02295 0.02296 0.02282 0.02267 0.02262 0.02256
1785791.80197 0.0235 0.02298 0.02315 0.02339 0.02304 0.0231 0.02321 0.02315 0.02316 0.02311 0.02298 0.02287 0.02293 0.02283 0.02266 0.02261 0.02263
1897223.53981 0.02237 0.02295 0.02298 0.02308 0.02288 0.02298 0.02313 0.02298 0.0231 0.02309 0.02291 0.02284 0.02283 0.02285 0.0226 0.02264 0.02259
2015672.2179 0.02335 0.02362 0.02278 0.02325 0.0231 0.02307 0.0232 0.02305 0.02294 0.02302 0.02295 0.023 0.02292 0.0228 0.02272 0.02266 0.02245
2142151.4629 0.02284 0.02245 0.02334 0.02324 0.02307 0.02319 0.02317 0.02312 0.02323 0.02303 0.02296 0.02295 0.02279 0.02276 0.0226 0.02256 0.02249
2275656.36466 0.02376 0.02309 0.02303 0.02309 0.02307 0.02312 0.02323 0.02315 0.02308 0.02297 0.02307 0.02297 0.02288 0.02277 0.02263 0.02261 0.02249
2418196.74344 0.02253 0.02323 0.02289 0.02331 0.02312 0.0232 0.02318 0.02308 0.02296 0.02296 0.02305 0.02302 0.02294 0.02285 0.02273 0.02275 0.02248
2568776.40327 0.02232 0.02341 0.02317 0.02305 0.02318 0.02308 0.0231 0.02321 0.02319 0.02318 0.0231 0.02301 0.02291 0.02283 0.0228 0.02268 0.0226
2729387.73537 0.02249 0.02289 0.02328 0.02319 0.02331 0.02305 0.02322 0.02337 0.02317 0.02298 0.0231 0.02295 0.02293 0.0229 0.02287 0.02266 0.02267
2900039.4549 0.02363 0.0234 0.02334 0.02346 0.02328 0.02334 0.02327 0.02321 0.02313 0.02333 0.02318 0.023 0.02301 0.02305 0.02288 0.02281 0.02272
3000417.17933 0.02294 0.02317 0.02316 0.02305 0.02314 0.02328 0.02331 0.02329 0.02329 0.02316 0.02322 0.02315 0.02304 0.02303 0.02293 0.02274 0.02272
3280482.10024 0.02272 0.02341 0.02321 0.02328 0.0233 0.02327 0.02337 0.02331 0.02334 0.02328 0.02323 0.02323 0.02321 0.02304 0.02301 0.02294 0.02287
3586648.54147 0.02305 0.02328 0.02326 0.02334 0.02331 0.02338 0.02338 0.02337 0.02336 0.02337 0.02333 0.02326 0.0232 0.02319 0.02315 0.023 0.02291
3921922.51836 0.02332 0.02332 0.02333 0.02351 0.02345 0.02337 0.02336 0.02341 0.0234 0.02342 0.02339 0.02339 0.02333 0.02328 0.02319 0.02314 0.02308
4288322.56716 0.02358 0.02336 0.02334 0.02331 0.0234 0.02345 0.02343 0.02349 0.02344 0.02347 0.02344 0.02343 0.02338 0.02334 0.02331 0.02323 0.02318
4688845.98702 0.02332 0.02379 0.02363 0.02334 0.02348 0.02337 0.02355 0.02348 0.0235 0.0235 0.02345 0.02348 0.02344 0.02341 0.02338 0.0233 0.0233
5127512.41929 0.02322 0.0232 0.02351 0.02339 0.02357 0.0235 0.0234 0.0235 0.0235 0.02351 0.0235 0.02352 0.02345 0.02345 0.02345 0.02342 0.02336
5606331.6848 0.02309 0.02347 0.02345 0.02353 0.02339 0.02347 0.02346 0.02349 0.0235 0.02346 0.02351 0.02356 0.02353 0.02351 0.02349 0.02346 0.02342
6130328.3346 0.02301 0.02359 0.02373 0.02338 0.02349 0.02348 0.02345 0.02348 0.02341 0.0234 0.02346 0.02353 0.0235 0.0235 0.02347 0.02347 0.02348
6702508.38418 0.02222 0.02346 0.02362 0.02337 0.0235 0.02337 0.02343 0.02342 0.02343 0.02337 0.02344 0.02345 0.02343 0.02353 0.02347 0.02349 0.02345
7328883.86386 0.02239 0.02265 0.02351 0.02343 0.02337 0.02329 0.02328 0.02345 0.02347 0.02332 0.02336 0.0234 0.02351 0.02343 0.02345 0.02344 0.02342
8013491.84563 0.02326 0.02358 0.02319 0.02331 0.0233 0.02328 0.02343 0.02317 0.02332 0.02339 0.02333 0.02334 0.02335 0.02332 0.02335 0.0234 0.02335
8762344.36039 0.02492 0.02359 0.02318 0.02322 0.02312 0.02321 0.02327 0.02324 0.02331 0.02326 0.02325 0.02335 0.02328 0.0233 0.0234 0.02332 0.02329
9580457.24379 0.02345 0.02332 0.02323 0.02287 0.02292 0.02307 0.02314 0.02315 0.02315 0.02316 0.02327 0.02316 0.02321 0.0232 0.02326 0.02328 0.02322
10479845.8481 0.02333 0.02246 0.02275 0.02295 0.0231 0.02305 0.02299 0.02302 0.02301 0.02316 0.02302 0.02313 0.02305 0.02306 0.02316 0.02311 0.02319
11453589.0833 0.02256 0.02312 0.02264 0.02281 0.02269 0.02281 0.02292 0.02285 0.02289 0.02302 0.02298 0.02298 0.02294 0.02301 0.02299 0.02291 0.02305
12527683.9041 0.02333 0.02346 0.02239 0.02263 0.02264 0.02255 0.02272 0.0227 0.02272 0.02283 0.02291 0.02285 0.02285 0.0229 0.02289 0.02293 0.0229
13692159.6543 0.02268 0.02224 0.02269 0.02267 0.0225 0.02256 0.02247 0.0225 0.0225 0.02261 0.02263 0.02262 0.02267 0.02269 0.02274 0.02272 0.02266
14976963.1434 0.0223 0.02252 0.02215 0.02228 0.02227 0.02233 0.02229 0.02228 0.02233 0.0224 0.02243 0.02249 0.02247 0.02255 0.02259 0.02255 0.02257
16372306.7709 0.02289 0.02169 0.02191 0.02198 0.02196 0.02211 0.02205 0.02216 0.02217 0.02223 0.02217 0.02226 0.02225 0.02229 0.02239 0.02237 0.02232
17908076.3903 0.02162 0.02216 0.02144 0.02189 0.0218 0.02182 0.02189 0.02195 0.02193 0.02197 0.02198 0.02201 0.02203 0.02207 0.02212 0.02205 0.02207
19574484.3099 0.02102 0.02146 0.02177 0.02138 0.02149 0.02157 0.0215 0.02165 0.0217 0.02162 0.02175 0.0217 0.02181 0.02178 0.02185 0.02176 0.02185
21401503.592 0.02095 0.02112 0.02137 0.02122 0.02118 0.02129 0.02132 0.02147 0.02128 0.02145 0.02144 0.02147 0.02146 0.02158 0.02158 0.02157 0.02158
23409058.0759 0.02157 0.0211 0.02098 0.02108 0.02105 0.02103 0.02115 0.02105 0.0211 0.02113 0.0212 0.02118 0.02121 0.02128 0.02127 0.02131 0.02129
25587360.1608 0.02109 0.0204 0.0208 0.02046 0.02068 0.02072 0.02083 0.02075 0.02079 0.02074 0.02085 0.02087 0.02097 0.021 0.02101 0.02094 0.02104
27986481.04 0.01961 0.02047 0.02013 0.0203 0.02043 0.0205 0.02046 0.02051 0.02045 0.02055 0.02058 0.02054 0.02065 0.0207 0.02068 0.02059 0.02072
30596458.7657 0.01999 0.02 0.01996 0.02015 0.02011 0.01995 0.02016 0.02015 0.02006 0.02015 0.02027 0.02032 0.0202 0.02033 0.02033 0.02031 0.02032
33457315.4333 0.02028 0.01948 0.01957 0.01967 0.01982 0.01974 0.01979 0.01979 0.01987 0.01986 0.01992 0.01991 0.01984 0.02 0.01994 0.02006 0.02003
36579187.3064 0.01958 0.01933 0.01919 0.01929 0.01947 0.01943 0.01944 0.01947 0.01951 0.01952 0.01954 0.0196 0.01963 0.01964 0.01961 0.01961 0.01965
40002183.6404 0.01858 0.01932 0.01917 0.01911 0.01911 0.01908 0.01915 0.01908 0.01917 0.01917 0.01917 0.01924 0.01924 0.01925 0.01931 0.01929 0.01933
-----------------------

E[V/m]_muExB[m2/Vs]
N2
NUM_COLUMNS:  17
COL_VALUES:  5.0 10.0 15.0 20.0 25.0 30.0 35.0 40.0 45.0 50.0 55.0 60.0 65.0 70.0 75.0 80.0 85.0
COMMENT: generated by particle_swarm
-----------------------
500002.826392 0.02797 0.02878 0.02867 0.02901 0.02854 0.02905 0.02912 0.02932 0.02978 0.03021 0.03062 0.03117 0.03155 0.03211 0.0325 0.033 0.03327
531221.54512 0.02884 0.02743 0.02729 0.02819 0.02828 0.02861 0.02882 0.02911 0.02944 0.02986 0.0303 0.03071 0.03123 0.03166 0.03214 0.03261 0.03298
564447.469744 0.02643 0.02731 0.02761 0.02764 0.02814 0.02822 0.02839 0.02873 0.02905 0.02965 0.02999 0.03032 0.03094 0.03147 0.03183 0.03224 0.03257
599682.343329 0.02629 0.02832 0.02785 0.02757 0.02777 0.02768 0.02801 0.02858 0.02891 0.02918 0.02961 0.03008 0.03044 0.03105 0.03151 0.03184 0.03217
637224.152791 0.02514 0.02687 0.02644 0.02681 0.02743 0.02745 0.02767 0.02813 0.02839 0.02892 0.02925 0.02966 0.0302 0.03068 0.03109 0.03154 0.03184
676976.764815 0.02494 0.02708 0.02713 0.0268 0.02676 0.02715 0.02732 0.02776 0.02807 0.02853 0.02896 0.02941 0.02983 0.0303 0.0308 0.03113 0.03142
719336.914179 0.02655 0.02609 0.02624 0.0264 0.02652 0.02683 0.02718 0.02735 0.02776 0.02812 0.02868 0.02904 0.0295 0.03003 0.03041 0.03087 0.03119
764308.087161 0.02604 0.02579 0.02603 0.02585 0.0264 0.02655 0.02686 0.02718 0.02734 0.02784 0.02825 0.02861 0.02921 0.02966 0.03017 0.03055 0.03085
811989.903201 0.02471 0.02498 0.02566 0.02545 0.02589 0.0262 0.02634 0.02668 0.027 0.02748 0.02794 0.02835 0.02879 0.02936 0.02984 0.03023 0.03061
862783.454871 0.02623 0.02583 0.0251 0.02546 0.0256 0.02576 0.02621 0.02636 0.02662 0.02727 0.02746 0.02799 0.02862 0.02907 0.02959 0.02997 0.03026
916687.870597 0.02471 0.02528 0.02463 0.02524 0.02506 0.02539 0.02567 0.02604 0.02651 0.02681 0.02727 0.0277 0.0282 0.02874 0.02917 0.02964 0.02996
974006.36656 0.02423 0.02464 0.02474 0.02455 0.02504 0.02506 0.02527 0.02576 0.02618 0.02658 0.02695 0.02748 0.02793 0.0284 0.02894 0.02933 0.02959
1034937.31023 0.02375 0.02466 0.02426 0.02442 0.02437 0.02461 0.02501 0.02518 0.02566 0.02618 0.02659 0.02712 0.02757 0.02814 0.02868 0.02905 0.02938
1099185.32964 0.02321 0.02394 0.02366 0.02386 0.02377 0.02418 0.02466 0.02492 0.02532 0.02586 0.02614 0.0267 0.02727 0.02787 0.02836 0.02877 0.02912
1168443.08377 0.02338 0.02304 0.02345 0.02336 0.02394 0.02381 0.0242 0.02455 0.02507 0.0255 0.02602 0.02643 0.0269 0.02761 0.02803 0.02848 0.02883
1240726.89985 0.02192 0.02267 0.02271 0.02345 0.02363 0.0238 0.02382 0.02413 0.02448 0.02504 0.02567 0.02618 0.02668 0.02727 0.02777 0.02811 0.02852
1319014.02949 0.02288 0.02235 0.02302 0.02297 0.02278 0.02331 0.02358 0.02379 0.02445 0.02491 0.02537 0.02574 0.02635 0.02692 0.02746 0.02789 0.0282
1401329.51514 0.0223 0.02156 0.02201 0.02244 0.02265 0.02291 0.02315 0.02367 0.02397 0.02451 0.02499 0.02546 0.02613 0.02657 0.02717 0.0276 0.02798
1488669.55366 0.02131 0.02158 0.02183 0.02205 0.02258 0.02261 0.02302 0.02336 0.02361 0.0241 0.02454 0.02519 0.02573 0.02623 0.02688 0.02732 0.02767
1582021.62122 0.02069 0.0217 0.02135 0.0219 0.02204 0.02216 0.02242 0.02286 0.02328 0.0237 0.02423 0.02476 0.02546 0.02592 0.02652 0.02703 0.02735
1680398.24149 0.02064 0.02108 0.0212 0.02157 0.02185 0.02206 0.0222 0.02263 0.02303 0.02339 0.02403 0.02455 0.02503 0.02564 0.02619 0.02676 0.02712
1785791.80197 0.02111 0.02151 0.02101 0.02099 0.02148 0.02164 0.02209 0.02245 0.0226 0.02312 0.02374 0.02424 0.0247 0.02532 0.02592 0.02644 0.0267
1897223.53981 0.02076 0.02124 0.02114 0.02113 0.02112 0.02147 0.02156 0.02191 0.02248 0.02281 0.0233 0.02397 0.02446 0.025 0.02569 0.02604 0.02645
2015672.2179 0.02079 0.0199 0.02088 0.02091 0.02074 0.02114 0.02133 0.02161 0.0221 0.02276 0.02301 0.02353 0.02409 0.02469 0.02524 0.02576 0.02619
2142151.4629 0.01983 0.02045 0.02059 0.02031 0.02082 0.02096 0.02105 0.02147 0.02178 0.02221 0.02254 0.02323 0.0238 0.0243 0.02496 0.02547 0.02584
2275656.36466 0.01959 0.01992 0.0199 0.0203 0.02033 0.02078 0.02082 0.02119 0.02156 0.02202 0.02243 0.02288 0.02343 0.02414 0.02462 0.02519 0.02554
2418196.74344 0.01996 0.01991 0.02023 0.02 0.02041 0.02057 0.02058 0.02104 0.02111 0.0216 0.02214 0.02265 0.02312 0.02377 0.02427 0.02476 0.02515
2568776.40327 0.01869 0.01962 0.01954 0.01996 0.02035 0.02035 0.02052 0.02091 0.02102 0.02143 0.02192 0.02231 0.02283 0.02337 0.02389 0.02439 0.02477
2729387.73537 0.01978 0.01975 0.01963 0.01972 0.01988 0.02006 0.0202 0.02073 0.02087 0.02133 0.02151 0.02206 0.02268 0.02296 0.02362 0.02405 0.0243
2900039.4549 0.01918 0.01963 0.01972 0.01966 0.01978 0.02 0.02021 0.02044 0.02071 0.02085 0.02128 0.02178 0.02223 0.0227 0.02315 0.0238 0.02401
3000417.17933 0.01941 0.01948 0.01965 0.01963 0.01971 0.01999 0.02007 0.02023 0.02057 0.02078 0.02124 0.02162 0.02214 0.0226 0.02295 0.02349 0.02384
3280482.10024 0.0191 0.01915 0.01945 0.01939 0.01961 0.01958 0.0198 0.01999 0.02033 0.02062 0.02091 0.02125 0.02166 0.0221 0.02255 0.02294 0.02331
3586648.54147 0.01926 0.01922 0.01913 0.01926 0.01936 0.01944 0.01966 0.01981 0.01997 0.02022 0.02057 0.02094 0.02128 0.02166 0.02206 0.02243 0.02274
3921922.51836 0.01912 0.01908 0.019 0.01903 0.01916 0.01924 0.0194 0.01957 0.01975 0.01997 0.02022 0.02054 0.02088 0.0212 0.02159 0.02192 0.02217
4288322.56716 0.01839 0.01898 0.0188 0.01886 0.01895 0.01908 0.01909 0.01928 0.01945 0.01965 0.01989 0.02022 0.02046 0.02074 0.02107 0.02142 0.02163
4688845.98702 0.01911 0.01843 0.01867 0.01856 0.01868 0.01873 0.01885 0.01908 0.01921 0.01935 0.01957 0.01981 0.02008 0.02037 0.02062 0.0209 0.02112
5127512.41929 0.01799 0.01829 0.01821 0.01852 0.01845 0.01849 0.01874 0.0187 0.01883 0.01912 0.01925 0.01946 0.01973 0.01992 0.02018 0.02041 0.02059
5606331.6848 0.0176 0.01804 0.01761 0.01817 0.01818 0.01825 0.01826 0.01846 0.01855 0.01867 0.01893 0.01909 0.01929 0.01949 0.01976 0.0199 0.02002
6130328.3346 0.01847 0.01747 0.01794 0.01794 0.01784 0.01787 0.01792 0.01814 0.01829 0.01833 0.01858 0.01868 0.01894 0.01907 0.01927 0.01942 0.01958
6702508.38418 0.01788 0.01723 0.01733 0.01732 0.01742 0.01767 0.01764 0.01777 0.01796 0.01794 0.0181 0.01832 0.01857 0.01865 0.0188 0.01896 0.01908
7328883.86386 0.01708 0.01746 0.01697 0.01693 0.01695 0.01718 0.01741 0.01744 0.01746 0.01768 0.01776 0.01798 0.01811 0.01834 0.0184 0.01856 0.01861
8013491.84563 0.01666 0.01689 0.01682 0.0167 0.01683 0.01687 0.01692 0.01706 0.01704 0.01711 0.01732 0.01753 0.01757 0.01775 0.01788 0.018 0.01815
8762344.36039 0.01585 0.01631 0.01633 0.01636 0.01627 0.01644 0.01655 0.01643 0.01666 0.01693 0.01692 0.01702 0.01728 0.01734 0.01742 0.0175 0.01765
9580457.24379 0.01497 0.01591 0.01595 0.01581 0.01595 0.0161 0.01591 0.01614 0.01623 0.01645 0.0164 0.01657 0.01669 0.0168 0.01698 0.01706 0.01705
10479845.8481 0.01632 0.0152 0.01578 0.0157 0.0156 0.01562 0.01559 0.01577 0.01595 0.0158 0.01604 0.01619 0.01626 0.0164 0.01643 0.01653 0.01657
11453589.0833 0.01486 0.01484 0.01486 0.01475 0.01501 0.01503 0.01534 0.0152 0.01549 0.01548 0.01557 0.01572 0.01577 0.01591 0.01599 0.01605 0.01615
12527683.9041 0.01364 0.0145 0.0142 0.01481 0.01449 0.01468 0.01473 0.01493 0.01487 0.01495 0.01515 0.01514 0.01533 0.01531 0.0155 0.01552 0.01556
13692159.6543 0.01407 0.01425 0.01432 0.01395 0.01416 0.01418 0.01414 0.01433 0.01453 0.0146 0.01471 0.01466 0.01485 0.01492 0.01499 0.01499 0.01508
14976963.1434 0.01414 0.01373 0.01329 0.01372 0.01362 0.01371 0.01389 0.01388 0.01397 0.01409 0.01417 0.01423 0.0142 0.01432 0.01452 0.01442 0.01449
16372306.7709 0.01265 0.01306 0.01308 0.01305 0.01331 0.01314 0.01335 0.01339 0.01336 0.01359 0.01363 0.01373 0.01383 0.01383 0.01389 0.01399 0.01399
17908076.3903 0.01363 0.01254 0.01245 0.01231 0.01268 0.01255 0.01275 0.01292 0.01292 0.0129 0.01321 0.01316 0.01326 0.01331 0.01337 0.01348 0.01355
19574484.3099 0.01257 0.01181 0.01236 0.01236 0.0122 0.01212 0.01238 0.01238 0.01256 0.01253 0.01256 0.01272 0.01279 0.0128 0.01285 0.01296 0.01302
21401503.592 0.01194 0.01143 0.01181 0.01171 0.01168 0.01168 0.01194 0.01199 0.01199 0.01204 0.01208 0.01209 0.01228 0.01228 0.01235 0.01243 0.01243
23409058.0759 0.01087 0.01107 0.01111 0.01129 0.01113 0.01141 0.01134 0.01142 0.01141 0.01146 0.01165 0.01163 0.01165 0.01181 0.01182 0.01184 0.0119
25587360.1608 0.01022 0.01063 0.01054 0.01094 0.01087 0.01078 0.01094 0.01092 0.01093 0.01105 0.01107 0.01122 0.01129 0.01131 0.01136 0.01135 0.01138
27986481.04 0.01035 0.01007 0.01026 0.01005 0.01039 0.01035 0.01034 0.01046 0.01043 0.01065 0.01057 0.0107 0.01063 0.01073 0.01084 0.01083 0.01082
30596458.7657 0.009625 0.009936 0.01001 0.00984 0.009751 0.009711 0.009946 0.01 0.01008 0.01013 0.01012 0.01012 0.01026 0.01029 0.01029 0.01036 0.01031
33457315.4333 0.009317 0.009532 0.00921 0.009252 0.009395 0.009447 0.009426 0.009509 0.009585 0.009699 0.009656 0.009715 0.009703 0.009751 0.009799 0.009848 0.009835
36579187.3064 0.009261 0.00918 0.008888 0.008953 0.009044 0.008998 0.008972 0.009057 0.009093 0.009161 0.009246 0.009189 0.009244 0.009355 0.009335 0.009407 0.00937
40002183.6404 0.008453 0.008338 0.008394 0.008428 0.008517 0.008629 0.008534 0.008579 0.008675 0.00874 0.008813 0.008789 0.008854 0.00889 0.008983 0.008947 0.008913
-----------------------

E[V/m]_alpha[1/m]
N2
NUM_COLUMNS:  17
COL_VALUES:  5.0 10.0 15.0 20.0 25.0 30.0 35.0 40.0 45.0 50.0 55.0 60.0 65.0 70.0 75.0 80.0 85.0
COMMENT: generated by particle_swarm
-----------------------
500002.826392 0.0 0.0 0.0 0.0 0.0 0.0 0.0 0.0 0.0 0.0 0.0 0.0 0.0 0.0 0.0 0.0 0.0
531221.54512 0.0 0.0 0.0 0.0 0.0 0.0 0.0 0.0 0.0 0.0 0.0 0.0 0.0 0.0 0.0 0.0 0.0
564447.469744 0.0 0.0 0.0 0.0 0.0 0.0 0.0 0.0 0.0 0.0 0.0 0.0 0.0 0.0 0.0 0.0 0.0
599682.343329 0.0 0.0 0.0 0.0 0.0 0.0 0.0 0.0 0.0 0.0 0.0 0.0 0.0 0.0 0.0 0.0 0.0
637224.152791 0.0 0.0 0.0 0.0 0.0 0.0 0.0 0.0 0.0 0.0 0.0 0.0 0.0 0.0 0.0 0.0 0.0
676976.764815 0.0 0.0 0.0 0.0 0.0 0.0 0.0 0.0 0.0 0.0 0.0 0.0 0.0 0.0 0.0 0.0 0.0
719336.914179 0.0 0.0 0.0 0.0 0.0 0.0 0.0 0.0 0.0 0.0 0.0 0.0 0.0 0.0 0.0 0.0 0.0
764308.087161 0.0 0.0 0.0 0.0 0.0 0.0 0.0 0.0 0.0 0.0 0.0 0.0 0.0 0.0 0.0 0.0 0.0
811989.903201 0.0 0.0 0.0 0.0 0.0 0.0 0.0 0.0 0.0 0.0 0.0 0.0 0.0 0.0 0.0 0.0 0.0
862783.454871 0.0 0.0 0.0 0.0 0.0 0.0 0.0 0.0 0.0 0.0 0.0 0.0 0.0 0.0 0.0 0.0 0.0
916687.870597 0.0 0.0 0.0 0.0 0.0 0.0 0.0 0.0 0.0 0.0 0.0 0.0 0.0 0.0 0.0 0.0 0.0
974006.36656 0.0 0.0 0.0 0.0 0.0 0.0 0.0 0.0 0.0 0.0 0.0 0.0 0.0 0.0 0.0 0.0 0.0
1034937.31023 0.0 0.0 0.0 0.0 0.0 0.0 0.0 0.0 0.0 0.0 0.0 0.0 0.0 0.0 0.0 0.0 0.0
1099185.32964 0.0 0.0 0.0 0.0 0.0 0.0 0.04014 0.0 0.0 0.1131 0.0 0.0 0.0 0.0 0.0 0.0 0.0
1168443.08377 0.375 0.0 0.05535 0.0 0.0003934 0.0 0.07775 0.0 0.0 0.0 0.0 0.0 0.0 0.007846 0.0 0.0 0.0
1240726.89985 0.1335 0.08393 0.0 0.009252 0.0 0.03799 0.0 0.09156 0.0 0.0 0.02402 0.0 0.0 0.0 0.0 0.0 0.0
1319014.02949 0.8036 0.5712 0.589 0.05031 0.5387 0.02265 0.0 0.01257 0.0 0.0 0.0 0.1169 0.0 0.0 0.0 0.0 0.0
1401329.51514 0.3213 0.0578 0.9083 0.1296 0.3528 0.1251 0.04858 0.08215 0.2459 0.0009208 0.006094 0.05024 0.0 0.0 0.0 0.0 0.0
1488669.55366 1.25 0.6822 0.7311 1.209 0.1463 0.5555 0.5946 0.2532 0.1561 0.03866 0.07105 0.1593 0.007365 0.0 0.05712 0.07026 0.08525
1582021.62122 2.011 2.905 3.256 1.402 1.586 0.8818 0.4626 0.6035 0.4958 0.2181 0.2601 0.1697 0.05072 0.03909 0.02508 0.05588 0.002173
1680398.24149 4.317 2.913 5.116 2.939 2.528 2.035 1.122 0.4059 0.9739 0.8163 0.5608 0.7907 0.4917 0.0974 0.1372 0.1493 0.02663
1785791.80197 11.07 9.999 7.238 8.431 4.29 3.685 4.94 2.274 1.689 2.131 0.7165 0.8413 0.6429 0.2215 0.4388 0.3382 0.274
1897223.53981 23.2 15.3 16.21 15.29 12.17 9.798 6.541 5.748 2.49 4.601 1.757 2.739 1.711 1.607 0.6373 0.5407 1.448
2015672.2179 32.52 32.44 28.92 27.74 17.64 20.74 18.03 11.18 12.5 6.379 5.977 6.012 3.486 3.188 1.228 1.08 1.44
2142151.4629 63.48 54.05 43.46 52.85 42.66 33.95 31.25 28.35 18.27 20.03 11.24 10.47 8.756 6.552 5.59 3.692 3.745
2275656.36466 98.06 90.2 81.75 81.51 71.82 63.7 55.16 45.51 35.36 27.33 26.76 16.6 11.3 13.15 9.292 9.245 6.245
2418196.74344 177.4 164.2 144.7 140.2 119.6 118.1 95.32 75.8 61.33 50.05 37.67 32.27 24.06 22.59 18.97 17.3 17.72
2568776.40327 269.0 249.7 229.5 216.0 180.0 183.9 160.9 122.9 110.7 84.41 72.8 57.29 47.61 42.42 34.28 25.42 34.63
2729387.73537 389.5 386.8 366.9 363.1 289.6 266.2 242.1 196.3 173.8 145.7 127.5 105.3 78.45 70.44 60.48 55.61 49.26
2900039.4549 602.0 609.4 540.7 516.4 486.6 415.8 384.1 322.8 284.9 241.9 182.3 170.4 143.7 121.9 102.2 105.9 92.4
3000417.17933 745.0 736.6 695.7 656.1 590.2 545.1 480.4 433.7 352.6 313.7 263.5 212.7 203.9 155.8 136.3 120.0 118.1
3280482.10024 1302.0 1275.0 1200.0 1142.0 1044.0 958.1 863.9 768.6 660.6 581.1 491.7 431.5 373.7 330.2 290.6 261.8 237.3
3586648.54147 2123.0 2066.0 1986.0 1882.0 1739.0 1622.0 1471.0 1323.0 1182.0 1031.0 908.8 786.4 664.1 612.3 545.6 525.6 468.6
3921922.51836 3335.0 3282.0 3176.0 3022.0 2825.0 2619.0 2389.0 2168.0 1932.0 1715.0 1561.0 1347.0 1214.0 1092.0 990.1 927.1 869.4
4288322.56716 5062.0 4971.0 4849.0 4595.0 4366.0 4043.0 3736.0 3420.0 3125.0 2788.0 2536.0 2254.0 2030.0 1847.0 1693.0 1598.0 1520.0
4688845.98702 7499.0 7316.0 7083.0 6768.0 6447.0 6088.0 5697.0 5186.0 4780.0 4365.0 3946.0 3548.0 3211.0 2975.0 2750.0 2637.0 2494.0
5127512.41929 10590.0 10480.0 10120.0 9841.0 9417.0 8779.0 8241.0 7677.0 7128.0 6489.0 5964.0 5450.0 4984.0 4600.0 4336.0 4107.0 3956.0
5606331.6848 14920.0 14700.0 14290.0 13780.0 13170.0 12320.0 11660.0 11000.0 10110.0 9453.0 8709.0 8059.0 7410.0 6933.0 6591.0 6217.0 6065.0
6130328.3346 20240.0 19720.0 19630.0 18710.0 18130.0 17150.0 16240.0 15320.0 14320.0 13270.0 12500.0 11560.0 10760.0 10040.0 9563.0 9238.0 8977.0
6702508.38418 26770.0 26440.0 25890.0 25380.0 24210.0 23290.0 21880.0 20770.0 19670.0 18500.0 17230.0 16180.0 15200.0 14120.0 13500.0 13190.0 12780.0
7328883.86386 35820.0 34930.0 34240.0 33150.0 31950.0 30970.0 29510.0 27800.0 26540.0 24810.0 23280.0 21860.0 20630.0 19530.0 19020.0 18240.0 17790.0
8013491.84563 45720.0 44800.0 44120.0 42800.0 41970.0 40140.0 38340.0 37000.0 34580.0 32870.0 30960.0 29630.0 28140.0 26560.0 25840.0 24860.0 24420.0
8762344.36039 57520.0 57310.0 56360.0 55360.0 53400.0 51750.0 49310.0 47400.0 45450.0 42950.0 40740.0 38900.0 36900.0 35200.0 34150.0 33150.0 32680.0
9580457.24379 72620.0 71610.0 70470.0 68620.0 67060.0 64930.0 62940.0 59900.0 57630.0 54940.0 52630.0 50440.0 47880.0 46130.0 44950.0 43570.0 42940.0
10479845.8481 88850.0 88390.0 86330.0 85510.0 82910.0 81180.0 78140.0 75290.0 72560.0 69940.0 66500.0 64250.0 61010.0 59150.0 57580.0 55910.0 55520.0
11453589.0833 108800.0 107800.0 107100.0 104700.0 102300.0 99700.0 96420.0 93470.0 89890.0 86490.0 82980.0 79860.0 77220.0 74670.0 72760.0 70630.0 70160.0
12527683.9041 130900.0 129000.0 127500.0 126400.0 124100.0 120900.0 117600.0 114000.0 110400.0 106100.0 102300.0 99330.0 96180.0 92780.0 91140.0 88940.0 87870.0
13692159.6543 156000.0 154400.0 153600.0 151700.0 147900.0 145300.0 142000.0 137100.0 133200.0 128700.0 124900.0 120800.0 117400.0 115100.0 112000.0 110000.0 109600.0
14976963.1434 184600.0 183700.0 181800.0 179000.0 176800.0 171900.0 168900.0 164300.0 159400.0 155300.0 151400.0 146900.0 142900.0 140100.0 135400.0 134400.0 133400.0
16372306.7709 214900.0 213800.0 212500.0 210300.0 207000.0 203000.0 198600.0 194100.0 189400.0 184300.0 179300.0 173900.0 170100.0 166300.0 164600.0 161900.0 160500.0
17908076.3903 250000.0 248100.0 247100.0 242700.0 240500.0 237100.0 232300.0 226300.0 222600.0 217500.0 212500.0 206900.0 201300.0 197400.0 195100.0 191900.0 190500.0
19574484.3099 287300.0 285300.0 283900.0 281100.0 277000.0 273300.0 268300.0 262900.0 257000.0 251900.0 247800.0 240600.0 237200.0 233300.0 229600.0 226400.0 224800.0
21401503.592 326400.0 323800.0 321600.0 319500.0 316700.0 312300.0 308400.0 302900.0 296700.0 290900.0 286500.0 280200.0 276200.0 270700.0 267400.0 264600.0 262700.0
23409058.0759 368900.0 367800.0 366800.0 363300.0 359300.0 353200.0 351000.0 345000.0 337400.0 334600.0 329000.0 322500.0 318300.0 312200.0 308600.0 307100.0 305500.0
25587360.1608 414200.0 411000.0 410800.0 407800.0 405600.0 399500.0 395400.0 388900.0 385100.0 377200.0 371500.0 366600.0 362300.0 357000.0 353500.0 351800.0 348800.0
27986481.04 460500.0 459100.0 456400.0 455600.0 451400.0 447100.0 441500.0 437600.0 431600.0 424300.0 421300.0 414200.0 410200.0 405700.0 400800.0 398400.0 396400.0
30596458.7657 510400.0 509200.0 508100.0 504500.0 501000.0 498600.0 490700.0 486100.0 480600.0 475900.0 469500.0 462900.0 458300.0 453200.0 451700.0 447600.0 447000.0
33457315.4333 560900.0 559700.0 558100.0 553200.0 551500.0 546700.0 542300.0 538100.0 532500.0 526500.0 521700.0 517200.0 512400.0 508600.0 504000.0 499500.0 498800.0
36579187.3064 611900.0 613100.0 609500.0 607300.0 604300.0 599700.0 594200.0 590200.0 585000.0 579800.0 574200.0 569300.0 565300.0 561700.0 557600.0 554400.0 552200.0
40002183.6404 663800.0 661900.0 659300.0 659000.0 656100.0 651500.0 648200.0 643300.0 636900.0 634900.0 627900.0 623500.0 617600.0 615100.0 609400.0 611000.0 608400.0
-----------------------

E[V/m]_eta[1/m]
N2
NUM_COLUMNS:  17
COL_VALUES:  5.0 10.0 15.0 20.0 25.0 30.0 35.0 40.0 45.0 50.0 55.0 60.0 65.0 70.0 75.0 80.0 85.0
COMMENT: generated by particle_swarm
-----------------------
500002.826392 0.0 0.0 0.0 0.0 0.0 0.0 0.0 0.0 0.0 0.0 0.0 0.0 0.0 0.0 0.0 0.0 0.0
531221.54512 0.0 0.0 0.0 0.0 0.0 0.0 0.0 0.0 0.0 0.0 0.0 0.0 0.0 0.0 0.0 0.0 0.0
564447.469744 0.0 0.0 0.0 0.0 0.0 0.0 0.0 0.0 0.0 0.0 0.0 0.0 0.0 0.0 0.0 0.0 0.0
599682.343329 0.0 0.0 0.0 0.0 0.0 0.0 0.0 0.0 0.0 0.0 0.0 0.0 0.0 0.0 0.0 0.0 0.0
637224.152791 0.0 0.0 0.0 0.0 0.0 0.0 0.0 0.0 0.0 0.0 0.0 0.0 0.0 0.0 0.0 0.0 0.0
676976.764815 0.0 0.0 0.0 0.0 0.0 0.0 0.0 0.0 0.0 0.0 0.0 0.0 0.0 0.0 0.0 0.0 0.0
719336.914179 0.0 0.0 0.0 0.0 0.0 0.0 0.0 0.0 0.0 0.0 0.0 0.0 0.0 0.0 0.0 0.0 0.0
764308.087161 0.0 0.0 0.0 0.0 0.0 0.0 0.0 0.0 0.0 0.0 0.0 0.0 0.0 0.0 0.0 0.0 0.0
811989.903201 0.0 0.0 0.0 0.0 0.0 0.0 0.0 0.0 0.0 0.0 0.0 0.0 0.0 0.0 0.0 0.0 0.0
862783.454871 0.0 0.0 0.0 0.0 0.0 0.0 0.0 0.0 0.0 0.0 0.0 0.0 0.0 0.0 0.0 0.0 0.0
916687.870597 0.0 0.0 0.0 0.0 0.0 0.0 0.0 0.0 0.0 0.0 0.0 0.0 0.0 0.0 0.0 0.0 0.0
974006.36656 0.0 0.0 0.0 0.0 0.0 0.0 0.0 0.0 0.0 0.0 0.0 0.0 0.0 0.0 0.0 0.0 0.0
1034937.31023 0.0 0.0 0.0 0.0 0.0 0.0 0.0 0.0 0.0 0.0 0.0 0.0 0.0 0.0 0.0 0.0 0.0
1099185.32964 0.0 0.0 0.0 0.0 0.0 0.0 0.0 0.0 0.0 0.0 0.0 0.0 0.0 0.0 0.0 0.0 0.0
1168443.08377 0.0 0.0 0.0 0.0 0.0 0.0 0.0 0.0 0.0 0.0 0.0 0.0 0.0 0.0 0.0 0.0 0.0
1240726.89985 0.0 0.0 0.0 0.0 0.0 0.0 0.0 0.0 0.0 0.0 0.0 0.0 0.0 0.0 0.0 0.0 0.0
1319014.02949 0.0 0.0 0.0 0.0 0.0 0.0 0.0 0.0 0.0 0.0 0.0 0.0 0.0 0.0 0.0 0.0 0.0
1401329.51514 0.0 0.0 0.0 0.0 0.0 0.0 0.0 0.0 0.0 0.0 0.0 0.0 0.0 0.0 0.0 0.0 0.0
1488669.55366 0.0 0.0 0.0 0.0 0.0 0.0 0.0 0.0 0.0 0.0 0.0 0.0 0.0 0.0 0.0 0.0 0.0
1582021.62122 0.0 0.0 0.0 0.0 0.0 0.0 0.0 0.0 0.0 0.0 0.0 0.0 0.0 0.0 0.0 0.0 0.0
1680398.24149 0.0 0.0 0.0 0.0 0.0 0.0 0.0 0.0 0.0 0.0 0.0 0.0 0.0 0.0 0.0 0.0 0.0
1785791.80197 0.0 0.0 0.0 0.0 0.0 0.0 0.0 0.0 0.0 0.0 0.0 0.0 0.0 0.0 0.0 0.0 0.0
1897223.53981 0.0 0.0 0.0 0.0 0.0 0.0 0.0 0.0 0.0 0.0 0.0 0.0 0.0 0.0 0.0 0.0 0.0
2015672.2179 0.0 0.0 0.0 0.0 0.0 0.0 0.0 0.0 0.0 0.0 0.0 0.0 0.0 0.0 0.0 0.0 0.0
2142151.4629 0.0 0.0 0.0 0.0 0.0 0.0 0.0 0.0 0.0 0.0 0.0 0.0 0.0 0.0 0.0 0.0 0.0
2275656.36466 0.0 0.0 0.0 0.0 0.0 0.0 0.0 0.0 0.0 0.0 0.0 0.0 0.0 0.0 0.0 0.0 0.0
2418196.74344 0.0 0.0 0.0 0.0 0.0 0.0 0.0 0.0 0.0 0.0 0.0 0.0 0.0 0.0 0.0 0.0 0.0
2568776.40327 0.0 0.0 0.0 0.0 0.0 0.0 0.0 0.0 0.0 0.0 0.0 0.0 0.0 0.0 0.0 0.0 0.0
2729387.73537 0.0 0.0 0.0 0.0 0.0 0.0 0.0 0.0 0.0 0.0 0.0 0.0 0.0 0.0 0.0 0.0 0.0
2900039.4549 0.0 0.0 0.0 0.0 0.0 0.0 0.0 0.0 0.0 0.0 0.0 0.0 0.0 0.0 0.0 0.0 0.0
3000417.17933 0.0 0.0 0.0 0.0 0.0 0.0 0.0 0.0 0.0 0.0 0.0 0.0 0.0 0.0 0.0 0.0 0.0
3280482.10024 0.0 0.0 0.0 0.0 0.0 0.0 0.0 0.0 0.0 0.0 0.0 0.0 0.0 0.0 0.0 0.0 0.0
3586648.54147 0.0 0.0 0.0 0.0 0.0 0.0 0.0 0.0 0.0 0.0 0.0 0.0 0.0 0.0 0.0 0.0 0.0
3921922.51836 0.0 0.0 0.0 0.0 0.0 0.0 0.0 0.0 0.0 0.0 0.0 0.0 0.0 0.0 0.0 0.0 0.0
4288322.56716 0.0 0.0 0.0 0.0 0.0 0.0 0.0 0.0 0.0 0.0 0.0 0.0 0.0 0.0 0.0 0.0 0.0
4688845.98702 0.0 0.0 0.0 0.0 0.0 0.0 0.0 0.0 0.0 0.0 0.0 0.0 0.0 0.0 0.0 0.0 0.0
5127512.41929 0.0 0.0 0.0 0.0 0.0 0.0 0.0 0.0 0.0 0.0 0.0 0.0 0.0 0.0 0.0 0.0 0.0
5606331.6848 0.0 0.0 0.0 0.0 0.0 0.0 0.0 0.0 0.0 0.0 0.0 0.0 0.0 0.0 0.0 0.0 0.0
6130328.3346 0.0 0.0 0.0 0.0 0.0 0.0 0.0 0.0 0.0 0.0 0.0 0.0 0.0 0.0 0.0 0.0 0.0
6702508.38418 0.0 0.0 0.0 0.0 0.0 0.0 0.0 0.0 0.0 0.0 0.0 0.0 0.0 0.0 0.0 0.0 0.0
7328883.86386 0.0 0.0 0.0 0.0 0.0 0.0 0.0 0.0 0.0 0.0 0.0 0.0 0.0 0.0 0.0 0.0 0.0
8013491.84563 0.0 0.0 0.0 0.0 0.0 0.0 0.0 0.0 0.0 0.0 0.0 0.0 0.0 0.0 0.0 0.0 0.0
8762344.36039 0.0 0.0 0.0 0.0 0.0 0.0 0.0 0.0 0.0 0.0 0.0 0.0 0.0 0.0 0.0 0.0 0.0
9580457.24379 0.0 0.0 0.0 0.0 0.0 0.0 0.0 0.0 0.0 0.0 0.0 0.0 0.0 0.0 0.0 0.0 0.0
10479845.8481 0.0 0.0 0.0 0.0 0.0 0.0 0.0 0.0 0.0 0.0 0.0 0.0 0.0 0.0 0.0 0.0 0.0
11453589.0833 0.0 0.0 0.0 0.0 0.0 0.0 0.0 0.0 0.0 0.0 0.0 0.0 0.0 0.0 0.0 0.0 0.0
12527683.9041 0.0 0.0 0.0 0.0 0.0 0.0 0.0 0.0 0.0 0.0 0.0 0.0 0.0 0.0 0.0 0.0 0.0
13692159.6543 0.0 0.0 0.0 0.0 0.0 0.0 0.0 0.0 0.0 0.0 0.0 0.0 0.0 0.0 0.0 0.0 0.0
14976963.1434 0.0 0.0 0.0 0.0 0.0 0.0 0.0 0.0 0.0 0.0 0.0 0.0 0.0 0.0 0.0 0.0 0.0
16372306.7709 0.0 0.0 0.0 0.0 0.0 0.0 0.0 0.0 0.0 0.0 0.0 0.0 0.0 0.0 0.0 0.0 0.0
17908076.3903 0.0 0.0 0.0 0.0 0.0 0.0 0.0 0.0 0.0 0.0 0.0 0.0 0.0 0.0 0.0 0.0 0.0
19574484.3099 0.0 0.0 0.0 0.0 0.0 0.0 0.0 0.0 0.0 0.0 0.0 0.0 0.0 0.0 0.0 0.0 0.0
21401503.592 0.0 0.0 0.0 0.0 0.0 0.0 0.0 0.0 0.0 0.0 0.0 0.0 0.0 0.0 0.0 0.0 0.0
23409058.0759 0.0 0.0 0.0 0.0 0.0 0.0 0.0 0.0 0.0 0.0 0.0 0.0 0.0 0.0 0.0 0.0 0.0
25587360.1608 0.0 0.0 0.0 0.0 0.0 0.0 0.0 0.0 0.0 0.0 0.0 0.0 0.0 0.0 0.0 0.0 0.0
27986481.04 0.0 0.0 0.0 0.0 0.0 0.0 0.0 0.0 0.0 0.0 0.0 0.0 0.0 0.0 0.0 0.0 0.0
30596458.7657 0.0 0.0 0.0 0.0 0.0 0.0 0.0 0.0 0.0 0.0 0.0 0.0 0.0 0.0 0.0 0.0 0.0
33457315.4333 0.0 0.0 0.0 0.0 0.0 0.0 0.0 0.0 0.0 0.0 0.0 0.0 0.0 0.0 0.0 0.0 0.0
36579187.3064 0.0 0.0 0.0 0.0 0.0 0.0 0.0 0.0 0.0 0.0 0.0 0.0 0.0 0.0 0.0 0.0 0.0
40002183.6404 0.0 0.0 0.0 0.0 0.0 0.0 0.0 0.0 0.0 0.0 0.0 0.0 0.0 0.0 0.0 0.0 0.0
-----------------------

E[V/m]_diff[m2/s]
N2
NUM_COLUMNS:  17
COL_VALUES:  5.0 10.0 15.0 20.0 25.0 30.0 35.0 40.0 45.0 50.0 55.0 60.0 65.0 70.0 75.0 80.0 85.0
COMMENT: generated by particle_swarm
-----------------------
500002.826392 0.02665 0.02704 0.02739 0.02766 0.02851 0.02932 0.03041 0.03166 0.03374 0.0356 0.03795 0.04105 0.04534 0.04991 0.05652 0.06232 0.06868
531221.54512 0.02654 0.02656 0.02678 0.02739 0.02819 0.02908 0.03011 0.03145 0.0333 0.03577 0.03792 0.04132 0.04501 0.05037 0.05598 0.06243 0.06849
564447.469744 0.02633 0.02657 0.0267 0.02762 0.0279 0.02885 0.02986 0.03139 0.03308 0.03521 0.03773 0.04102 0.04526 0.05022 0.05623 0.0626 0.06874
599682.343329 0.02575 0.02618 0.02654 0.02705 0.02796 0.02878 0.02967 0.03126 0.03311 0.03479 0.03766 0.0408 0.04496 0.04974 0.05586 0.06269 0.06873
637224.152791 0.02569 0.02605 0.02655 0.02672 0.02785 0.02854 0.02956 0.03101 0.0326 0.03486 0.03748 0.04045 0.04509 0.05015 0.05601 0.06276 0.06902
676976.764815 0.02564 0.02567 0.0261 0.027 0.02751 0.02807 0.02953 0.0311 0.03242 0.03457 0.03736 0.04089 0.04511 0.04974 0.05592 0.06278 0.0687
719336.914179 0.02529 0.02559 0.02606 0.02628 0.02729 0.02818 0.02916 0.03068 0.03246 0.03459 0.03719 0.04034 0.04463 0.04996 0.05587 0.06311 0.06855
764308.087161 0.02528 0.02525 0.02604 0.02645 0.02724 0.02812 0.02895 0.03044 0.03228 0.03433 0.03737 0.04036 0.0447 0.04984 0.05581 0.06245 0.06868
811989.903201 0.02522 0.02542 0.02574 0.02621 0.02678 0.02784 0.02899 0.03022 0.03214 0.03421 0.03679 0.04015 0.04427 0.04981 0.05587 0.06251 0.0683
862783.454871 0.02497 0.02506 0.02547 0.02616 0.02689 0.02748 0.02895 0.03027 0.03232 0.03419 0.03685 0.04001 0.04423 0.04926 0.05593 0.06241 0.06852
916687.870597 0.02482 0.02528 0.02529 0.02604 0.02675 0.02774 0.02857 0.02982 0.03181 0.03414 0.03672 0.04011 0.04436 0.04948 0.0558 0.06255 0.06864
974006.36656 0.02491 0.02491 0.02532 0.026 0.02662 0.02748 0.02883 0.02985 0.03161 0.03388 0.03643 0.03968 0.04425 0.04901 0.05541 0.06215 0.06862
1034937.31023 0.02495 0.02523 0.0257 0.02607 0.02658 0.02755 0.02843 0.02995 0.03164 0.03366 0.03652 0.0397 0.04389 0.04876 0.05516 0.06183 0.06812
1099185.32964 0.02498 0.02516 0.02591 0.02602 0.02675 0.02759 0.02845 0.0299 0.03162 0.03357 0.03621 0.03961 0.04401 0.04872 0.05494 0.06194 0.06859
1168443.08377 0.02572 0.02564 0.02583 0.02618 0.02673 0.02773 0.02862 0.0304 0.03172 0.03331 0.03646 0.03942 0.04356 0.04895 0.05509 0.06165 0.06772
1240726.89985 0.02601 0.02594 0.02612 0.02659 0.0274 0.02786 0.02881 0.0299 0.0318 0.03378 0.03632 0.03959 0.04379 0.04842 0.05475 0.06152 0.06749
1319014.02949 0.02692 0.02683 0.02715 0.0275 0.02779 0.02858 0.02944 0.03036 0.03196 0.03403 0.03653 0.03965 0.04367 0.04864 0.05468 0.06128 0.06743
1401329.51514 0.02751 0.02758 0.02784 0.02816 0.02852 0.02909 0.02976 0.031 0.03259 0.03407 0.0366 0.03972 0.04355 0.04833 0.05453 0.06126 0.06766
1488669.55366 0.02921 0.02921 0.02933 0.02948 0.02952 0.03046 0.03099 0.03191 0.03304 0.03477 0.03701 0.03992 0.04375 0.04876 0.05452 0.06118 0.06704
1582021.62122 0.03063 0.03105 0.03099 0.03088 0.03144 0.03114 0.03185 0.03285 0.03383 0.03548 0.03749 0.04026 0.04413 0.04883 0.05475 0.06114 0.06726
1680398.24149 0.03305 0.03289 0.03285 0.0331 0.03321 0.03342 0.03388 0.03458 0.03521 0.03649 0.03838 0.04103 0.04441 0.04956 0.05477 0.06182 0.06647
1785791.80197 0.03569 0.03533 0.03566 0.03543 0.03561 0.0357 0.03563 0.03615 0.03719 0.03822 0.03966 0.04202 0.04554 0.05004 0.05525 0.06177 0.06782
1897223.53981 0.03873 0.03892 0.03847 0.03843 0.03848 0.03814 0.03849 0.03832 0.03851 0.03979 0.04105 0.04376 0.04652 0.05039 0.05584 0.06233 0.06793
2015672.2179 0.04224 0.04192 0.04213 0.04198 0.04158 0.04156 0.04111 0.04129 0.04173 0.04162 0.04285 0.04461 0.04796 0.05198 0.05704 0.06252 0.06769
2142151.4629 0.04671 0.04667 0.04596 0.04567 0.04546 0.04512 0.04503 0.04465 0.0445 0.04489 0.04581 0.04741 0.04951 0.05352 0.05782 0.06357 0.06889
2275656.36466 0.05142 0.05079 0.0509 0.04984 0.05013 0.04952 0.04872 0.04828 0.04834 0.04839 0.04886 0.05007 0.0522 0.05552 0.05941 0.06488 0.06998
2418196.74344 0.05646 0.05646 0.05568 0.05576 0.05397 0.05389 0.05385 0.05317 0.05207 0.05192 0.05246 0.05276 0.05477 0.05777 0.06138 0.06725 0.07138
2568776.40327 0.06118 0.06179 0.06072 0.06047 0.06003 0.05872 0.05813 0.05708 0.05671 0.0564 0.05578 0.05703 0.05846 0.06073 0.06418 0.06868 0.0739
2729387.73537 0.06714 0.06633 0.06566 0.06554 0.06477 0.06434 0.06352 0.06262 0.06153 0.06092 0.06108 0.06108 0.06173 0.06388 0.06757 0.07112 0.07582
2900039.4549 0.07118 0.07161 0.07095 0.07093 0.07029 0.06965 0.06897 0.0677 0.06665 0.0656 0.06538 0.06567 0.06675 0.06818 0.07016 0.075 0.07869
3000417.17933 0.075 0.07434 0.07434 0.07351 0.07369 0.0721 0.07136 0.07064 0.07033 0.06918 0.06818 0.06793 0.06916 0.07008 0.07251 0.07677 0.08093
3280482.10024 0.08244 0.08248 0.08214 0.08188 0.08088 0.08046 0.08014 0.0786 0.07757 0.07647 0.07572 0.07531 0.07601 0.07704 0.07894 0.08305 0.08564
3586648.54147 0.09015 0.08991 0.08962 0.0892 0.08854 0.08808 0.08729 0.08657 0.08594 0.08511 0.08448 0.08327 0.08339 0.08409 0.08601 0.08821 0.09141
3921922.51836 0.09713 0.09675 0.09666 0.09636 0.09617 0.09549 0.09497 0.09442 0.0936 0.09299 0.09252 0.09176 0.09184 0.09211 0.09306 0.09535 0.09839
4288322.56716 0.1036 0.1037 0.1034 0.1031 0.103 0.1025 0.1026 0.1016 0.1014 0.1007 0.1002 0.09964 0.09954 0.1 0.1009 0.1026 0.1049
4688845.98702 0.1099 0.1095 0.1096 0.1098 0.1095 0.1093 0.1093 0.1088 0.1087 0.1082 0.1079 0.1076 0.1074 0.1079 0.1084 0.1099 0.1119
5127512.41929 0.1151 0.1154 0.1153 0.1152 0.1153 0.1153 0.1153 0.115 0.1152 0.1149 0.1151 0.1151 0.115 0.115 0.1162 0.1171 0.1186
5606331.6848 0.1208 0.1208 0.1206 0.1212 0.1217 0.1208 0.1209 0.1218 0.1214 0.1219 0.1215 0.1219 0.1222 0.1227 0.1233 0.1243 0.1253
6130328.3346 0.1255 0.1245 0.1257 0.1256 0.1268 0.1264 0.1267 0.1272 0.1283 0.1271 0.1278 0.128 0.1292 0.1295 0.1307 0.1308 0.1324
6702508.38418 0.13 0.1303 0.1303 0.1304 0.1314 0.1315 0.1325 0.1328 0.1329 0.1345 0.1345 0.1354 0.1358 0.1364 0.1369 0.1381 0.139
7328883.86386 0.1354 0.1351 0.1342 0.1362 0.1357 0.1361 0.1377 0.1377 0.139 0.1396 0.1406 0.142 0.1416 0.1427 0.1439 0.1438 0.1447
8013491.84563 0.1391 0.1387 0.1386 0.1389 0.1411 0.1408 0.1433 0.1432 0.1432 0.144 0.1459 0.1485 0.1483 0.1491 0.1507 0.1504 0.1513
8762344.36039 0.1422 0.1435 0.1441 0.1449 0.1435 0.1446 0.1461 0.1481 0.1483 0.1497 0.1508 0.1529 0.1535 0.1551 0.1556 0.1557 0.1584
9580457.24379 0.1487 0.1474 0.1479 0.1495 0.1501 0.1501 0.1515 0.153 0.1553 0.1555 0.1571 0.1586 0.1585 0.1609 0.1622 0.1633 0.1644
10479845.8481 0.1525 0.152 0.1517 0.1526 0.1542 0.1551 0.1566 0.1584 0.1591 0.1606 0.1631 0.1655 0.1659 0.1661 0.1683 0.1685 0.1701
11453589.0833 0.1564 0.1553 0.1574 0.1579 0.1595 0.1606 0.1609 0.1622 0.1646 0.1671 0.168 0.1693 0.1718 0.173 0.1742 0.1745 0.176
12527683.9041 0.1625 0.1607 0.1599 0.1642 0.1635 0.1643 0.1654 0.1684 0.1713 0.1708 0.1726 0.1744 0.1772 0.1767 0.1805 0.18 0.1811
13692159.6543 0.1659 0.1649 0.1667 0.1682 0.1701 0.1704 0.1727 0.1733 0.1746 0.1769 0.1798 0.1804 0.1827 0.1849 0.1871 0.1867 0.189
14976963.1434 0.1703 0.1693 0.1707 0.1728 0.1738 0.1735 0.1761 0.1775 0.1811 0.1823 0.1847 0.1853 0.1901 0.1917 0.1941 0.1928 0.1953
16372306.7709 0.1764 0.1768 0.1776 0.1772 0.1795 0.181 0.1812 0.1845 0.1866 0.1908 0.1905 0.1935 0.1957 0.196 0.1983 0.2002 0.203
17908076.3903 0.181 0.1794 0.1819 0.1831 0.1836 0.1869 0.1885 0.1907 0.1953 0.1932 0.1971 0.2008 0.2002 0.2052 0.2069 0.207 0.2095
19574484.3099 0.1883 0.1878 0.1905 0.19 0.1918 0.1925 0.1945 0.1964 0.1986 0.2024 0.205 0.2085 0.209 0.2117 0.2137 0.2151 0.2153
21401503.592 0.1932 0.195 0.1959 0.1978 0.1978 0.1987 0.2017 0.2029 0.2083 0.2107 0.211 0.2144 0.2187 0.2173 0.2206 0.2234 0.2237
23409058.0759 0.2043 0.2012 0.2012 0.2056 0.2079 0.2068 0.2079 0.2108 0.2138 0.215 0.2212 0.2215 0.2239 0.2285 0.2289 0.2302 0.2315
25587360.1608 0.2095 0.2103 0.2102 0.2141 0.2168 0.2153 0.2176 0.2202 0.2225 0.2241 0.2275 0.2296 0.2328 0.2354 0.2379 0.2374 0.2391
27986481.04 0.2198 0.2201 0.2227 0.2249 0.2231 0.2265 0.227 0.2269 0.2333 0.2403 0.2367 0.2415 0.2416 0.2444 0.2447 0.2466 0.2504
30596458.7657 0.231 0.2308 0.2315 0.2317 0.2331 0.2342 0.2388 0.2417 0.2419 0.2439 0.2471 0.2451 0.2509 0.2509 0.259 0.2562 0.26
33457315.4333 0.2404 0.2421 0.2415 0.2437 0.2452 0.2462 0.2484 0.2511 0.2526 0.2558 0.2561 0.2593 0.2638 0.2662 0.2691 0.268 0.2694
36579187.3064 0.2532 0.252 0.2566 0.2543 0.2599 0.2592 0.2599 0.2625 0.2654 0.2682 0.27 0.2734 0.2772 0.2765 0.2791 0.2793 0.2818
40002183.6404 0.2696 0.2701 0.2721 0.2713 0.2736 0.2751 0.2733 0.2778 0.2764 0.2838 0.2845 0.2844 0.2874 0.2919 0.2904 0.2959 0.2972
-----------------------

