E[V/m]_muB[m2/Vs]
N2
NUM_COLUMNS:  17
COL_VALUES:  5.0 10.0 15.0 20.0 25.0 30.0 35.0 40.0 45.0 50.0 55.0 60.0 65.0 70.0 75.0 80.0 85.0
COMMENT: generated by particle_swarm
-----------------------
500002.826392 0.0611 0.06125 0.06128 0.06111 0.06123 0.06127 0.06099 0.0613 0.06127 0.0614 0.06131 0.06114 0.06092 0.06113 0.061 0.06045 0.06131
531221.54512 0.06036 0.06036 0.06039 0.0603 0.06037 0.06034 0.06016 0.06038 0.06029 0.06051 0.06049 0.06039 0.0603 0.06037 0.0605 0.06105 0.05933
564447.469744 0.05952 0.05951 0.05952 0.05957 0.05954 0.05957 0.05955 0.05965 0.05962 0.05972 0.05941 0.05974 0.05962 0.0595 0.05939 0.05975 0.06061
599682.343329 0.05875 0.05866 0.05872 0.0588 0.05864 0.0587 0.05877 0.05889 0.05856 0.05861 0.05882 0.05921 0.05842 0.05841 0.05875 0.05933 0.05851
637224.152791 0.05793 0.05806 0.05804 0.05796 0.058 0.05801 0.05787 0.058 0.05781 0.05774 0.058 0.05817 0.05769 0.05808 0.05883 0.05785 0.05763
676976.764815 0.05732 0.05718 0.05727 0.05722 0.05738 0.05709 0.05731 0.05725 0.05722 0.05715 0.05713 0.05731 0.05725 0.05718 0.0573 0.05745 0.05666
719336.914179 0.0566 0.05641 0.05647 0.05663 0.05644 0.05653 0.05654 0.0563 0.05655 0.05653 0.05666 0.05625 0.0567 0.05662 0.05679 0.05686 0.0556
764308.087161 0.05581 0.05584 0.05568 0.05574 0.05576 0.05589 0.05571 0.05576 0.05592 0.0558 0.05575 0.05583 0.05559 0.05584 0.05556 0.05562 0.05467
811989.903201 0.05502 0.05518 0.05511 0.05495 0.05517 0.05513 0.05515 0.05504 0.05513 0.05515 0.05501 0.05517 0.05492 0.05521 0.05485 0.05436 0.05321
862783.454871 0.05432 0.0544 0.0543 0.05429 0.05439 0.05436 0.05443 0.05437 0.05448 0.05437 0.0544 0.05451 0.05465 0.05434 0.05434 0.05344 0.05421
916687.870597 0.05369 0.05376 0.05369 0.05373 0.05372 0.05359 0.05372 0.05381 0.05374 0.05373 0.05377 0.05379 0.05354 0.05338 0.05369 0.05337 0.05451
974006.36656 0.05292 0.05298 0.05304 0.05294 0.05292 0.05298 0.05303 0.05292 0.0529 0.0529 0.05293 0.05287 0.053 0.05267 0.05279 0.05267 0.05319
1034937.31023 0.05232 0.05221 0.05235 0.05226 0.05234 0.05233 0.05227 0.05235 0.05242 0.05222 0.05216 0.05225 0.05287 0.05223 0.05235 0.05188 0.05457
1099185.32964 0.05152 0.05164 0.0514 0.05173 0.05162 0.05165 0.05182 0.05154 0.05183 0.05142 0.05169 0.05162 0.05176 0.05196 0.05135 0.05108 0.05182
1168443.08377 0.05089 0.05095 0.05085 0.05088 0.05084 0.05097 0.05095 0.051 0.05097 0.05082 0.0508 0.05097 0.05095 0.0507 0.05046 0.05082 0.05109
1240726.89985 0.05031 0.05019 0.05022 0.05029 0.05031 0.05017 0.05017 0.05015 0.05035 0.05016 0.0502 0.05011 0.05026 0.05008 0.05035 0.05022 0.05177
1319014.02949 0.04952 0.04945 0.04952 0.04949 0.04956 0.04957 0.04958 0.04954 0.0497 0.04956 0.04958 0.04951 0.04973 0.04971 0.04972 0.04926 0.04875
1401329.51514 0.04888 0.04879 0.04895 0.04895 0.04899 0.04897 0.04897 0.04902 0.04886 0.04908 0.04873 0.04866 0.04901 0.04886 0.04933 0.04886 0.04909
1488669.55366 0.04815 0.04811 0.04835 0.04822 0.04833 0.04817 0.04834 0.04824 0.04822 0.04812 0.04822 0.04804 0.04797 0.04856 0.04761 0.04812 0.0506
1582021.62122 0.04773 0.04755 0.04765 0.04751 0.04752 0.04747 0.04758 0.04757 0.04756 0.04765 0.04742 0.04738 0.04739 0.04788 0.0475 0.04708 0.04751
1680398.24149 0.0469 0.0468 0.04685 0.04691 0.04691 0.04699 0.04689 0.04685 0.04709 0.04684 0.04695 0.04684 0.04682 0.04685 0.0466 0.04713 0.04642
1785791.80197 0.04625 0.0463 0.0464 0.04635 0.04623 0.04624 0.04635 0.04633 0.04618 0.04633 0.0462 0.04608 0.04614 0.04641 0.046 0.04573 0.047
1897223.53981 0.04572 0.04569 0.04568 0.04568 0.0457 0.0457 0.04568 0.04567 0.04573 0.04581 0.04573 0.04571 0.04562 0.04544 0.04565 0.04578 0.04671
2015672.2179 0.04515 0.04508 0.04509 0.04516 0.04517 0.045 0.04526 0.04517 0.04502 0.04524 0.04518 0.04493 0.04521 0.04524 0.04509 0.04492 0.04504
2142151.4629 0.04447 0.04461 0.04463 0.04457 0.0445 0.04462 0.04435 0.04454 0.04463 0.04455 0.04451 0.04446 0.04464 0.04425 0.04454 0.04538 0.0445
2275656.36466 0.04403 0.04398 0.04394 0.04396 0.04399 0.0441 0.04392 0.04386 0.04401 0.04393 0.04387 0.04417 0.04434 0.04397 0.04423 0.04412 0.04399
2418196.74344 0.04353 0.04341 0.04344 0.04349 0.04345 0.04352 0.0435 0.04352 0.04341 0.0436 0.04382 0.04339 0.04327 0.04351 0.04289 0.04311 0.04354
2568776.40327 0.0429 0.04303 0.04297 0.04297 0.04296 0.04306 0.043 0.043 0.04309 0.04293 0.04308 0.04291 0.04314 0.0427 0.04307 0.04308 0.04323
2729387.73537 0.04263 0.04252 0.04263 0.04254 0.0425 0.04257 0.04251 0.04253 0.04257 0.04249 0.04253 0.04261 0.04262 0.04262 0.0428 0.04255 0.04158
2900039.4549 0.04211 0.04206 0.04207 0.04216 0.0421 0.04206 0.04211 0.04212 0.04201 0.04202 0.04214 0.04205 0.04219 0.04218 0.04227 0.04217 0.04263
3000417.17933 0.04192 0.04181 0.04186 0.04182 0.04181 0.04187 0.04185 0.04187 0.04187 0.04183 0.04195 0.04183 0.04172 0.04187 0.04147 0.04161 0.04222
3280482.10024 0.04121 0.04127 0.04129 0.04122 0.04133 0.04127 0.04126 0.04123 0.04116 0.04124 0.04126 0.04121 0.04123 0.0412 0.04122 0.04145 0.04081
3586648.54147 0.0407 0.04061 0.04066 0.04065 0.04066 0.04068 0.04063 0.04067 0.04067 0.04066 0.04063 0.04065 0.04076 0.04058 0.04074 0.04069 0.04098
3921922.51836 0.04011 0.04008 0.04005 0.04014 0.0401 0.04007 0.04007 0.04009 0.04009 0.04014 0.04011 0.03998 0.04014 0.03999 0.04011 0.04014 0.03989
4288322.56716 0.03952 0.03948 0.03953 0.03954 0.03946 0.03948 0.03956 0.03945 0.03957 0.03947 0.03952 0.03954 0.03954 0.03944 0.03958 0.03962 0.03945
4688845.98702 0.03896 0.03898 0.039 0.03887 0.03895 0.03891 0.03901 0.03894 0.0388 0.03895 0.03893 0.03898 0.03887 0.03883 0.03885 0.03905 0.0393
5127512.41929 0.03825 0.03835 0.0383 0.03831 0.03839 0.03834 0.0383 0.03826 0.03843 0.03834 0.03835 0.03841 0.03841 0.03859 0.03831 0.03822 0.03943
5606331.6848 0.03772 0.03778 0.03767 0.03776 0.03781 0.03773 0.03772 0.03774 0.03779 0.03768 0.0377 0.03773 0.03784 0.03756 0.03793 0.0376 0.03849
6130328.3346 0.03712 0.03707 0.03718 0.03719 0.03718 0.03716 0.0371 0.03711 0.03714 0.03716 0.03714 0.03719 0.03717 0.03718 0.03718 0.03702 0.03733
6702508.38418 0.03649 0.03647 0.03653 0.03643 0.03646 0.0366 0.03655 0.03658 0.03657 0.03652 0.03639 0.03653 0.03668 0.03648 0.03626 0.03711 0.03561
7328883.86386 0.03585 0.03582 0.03585 0.03588 0.03585 0.03597 0.03595 0.03583 0.03577 0.03583 0.03583 0.03583 0.03592 0.03604 0.03598 0.03547 0.03543
8013491.84563 0.03529 0.03512 0.03521 0.03526 0.03516 0.03517 0.03529 0.03523 0.03521 0.03533 0.03508 0.03516 0.03529 0.0351 0.03496 0.03568 0.03583
8762344.36039 0.03453 0.03458 0.03465 0.03467 0.03463 0.03464 0.03459 0.03459 0.0346 0.0346 0.03473 0.03464 0.03495 0.03446 0.03426 0.03447 0.03434
9580457.24379 0.03396 0.03382 0.0339 0.03396 0.03389 0.03403 0.03402 0.03384 0.03377 0.03377 0.03388 0.03389 0.03379 0.03398 0.03402 0.0342 0.03456
10479845.8481 0.03319 0.0332 0.03326 0.03324 0.03324 0.03322 0.03316 0.03327 0.03326 0.03328 0.03322 0.03328 0.03319 0.0335 0.03341 0.03298 0.03287
11453589.0833 0.0325 0.03258 0.03254 0.03251 0.03249 0.03251 0.03248 0.03247 0.03249 0.03247 0.03261 0.03272 0.03231 0.03248 0.03262 0.03258 0.03297
12527683.9041 0.03177 0.03184 0.03182 0.03173 0.03187 0.03188 0.03173 0.03175 0.03177 0.03169 0.03186 0.03194 0.03191 0.0321 0.03131 0.03185 0.03307
13692159.6543 0.03109 0.03106 0.03111 0.03101 0.03104 0.03112 0.03113 0.03106 0.03099 0.03112 0.03118 0.03084 0.03107 0.03127 0.03122 0.03139 0.03105
14976963.1434 0.03036 0.03035 0.03043 0.03041 0.03035 0.0303 0.03034 0.03038 0.03036 0.03041 0.03036 0.03042 0.03032 0.0306 0.03034 0.03087 0.03048
16372306.7709 0.02968 0.02958 0.02959 0.02962 0.0297 0.0297 0.02963 0.02972 0.02969 0.02961 0.02972 0.02975 0.02968 0.02992 0.0296 0.02951 0.02992
17908076.3903 0.02893 0.02887 0.02884 0.02896 0.02889 0.02899 0.02897 0.02896 0.02888 0.0288 0.02883 0.02891 0.02893 0.02928 0.02879 0.02914 0.0291
19574484.3099 0.02822 0.02816 0.02821 0.02821 0.02813 0.02827 0.02816 0.02813 0.02822 0.02824 0.02813 0.0283 0.02809 0.028 0.02804 0.02839 0.02761
21401503.592 0.02746 0.02753 0.02748 0.02741 0.02739 0.02746 0.02753 0.02756 0.0274 0.0275 0.02747 0.02742 0.02749 0.02745 0.02741 0.02753 0.02681
23409058.0759 0.0268 0.02673 0.02674 0.02671 0.02673 0.02676 0.02671 0.02673 0.02675 0.02677 0.02671 0.02683 0.0268 0.02671 0.02671 0.02664 0.02685
25587360.1608 0.02603 0.02607 0.02598 0.02603 0.02605 0.02602 0.02596 0.02608 0.02614 0.02588 0.02606 0.02606 0.026 0.02603 0.02612 0.02567 0.02613
27986481.04 0.02539 0.0253 0.02538 0.02535 0.02529 0.0253 0.02527 0.02527 0.02538 0.02527 0.02546 0.02528 0.02534 0.02546 0.02552 0.02513 0.02505
30596458.7657 0.02468 0.02462 0.02463 0.02461 0.02462 0.02466 0.02461 0.02467 0.02468 0.0247 0.02463 0.02463 0.02483 0.02482 0.02462 0.02418 0.02427
33457315.4333 0.0239 0.02396 0.02402 0.02399 0.02392 0.024 0.02394 0.02395 0.02396 0.02397 0.02407 0.02402 0.02401 0.02406 0.02387 0.02386 0.02336
36579187.3064 0.02331 0.02329 0.02333 0.02329 0.02329 0.02328 0.0233 0.02335 0.02334 0.02329 0.02334 0.02341 0.02335 0.0233 0.02338 0.02317 0.02271
40002183.6404 0.02272 0.02263 0.02267 0.0227 0.02268 0.0227 0.02267 0.02271 0.02259 0.02265 0.02269 0.0226 0.02262 0.02285 0.02268 0.02295 0.02249
-----------------------

E[V/m]_muxB[m2/Vs]
N2
NUM_COLUMNS:  17
COL_VALUES:  5.0 10.0 15.0 20.0 25.0 30.0 35.0 40.0 45.0 50.0 55.0 60.0 65.0 70.0 75.0 80.0 85.0
COMMENT: generated by particle_swarm
-----------------------
500002.826392 0.06113 0.06154 0.06069 0.06142 0.06066 0.06092 0.06114 0.06106 0.06117 0.0612 0.06124 0.06131 0.06097 0.06107 0.06111 0.06113 0.06119
531221.54512 0.05851 0.05985 0.06083 0.06054 0.06004 0.06054 0.06021 0.06012 0.06029 0.06017 0.06033 0.06044 0.0604 0.06028 0.0603 0.06031 0.0603
564447.469744 0.05913 0.05932 0.05912 0.05902 0.05964 0.05933 0.0594 0.05953 0.05928 0.05957 0.05942 0.05952 0.05947 0.05939 0.05955 0.05954 0.05954
599682.343329 0.0587 0.0593 0.05883 0.05889 0.05894 0.05881 0.05885 0.05868 0.05876 0.05877 0.0587 0.0588 0.05876 0.05873 0.05869 0.05869 0.05872
637224.152791 0.05797 0.05853 0.05829 0.05773 0.0578 0.05797 0.05807 0.05806 0.058 0.05808 0.05802 0.05791 0.05788 0.058 0.05786 0.05803 0.05804
676976.764815 0.05707 0.05693 0.05707 0.0572 0.05689 0.05739 0.0571 0.05732 0.05713 0.05728 0.05731 0.05722 0.05727 0.05712 0.05732 0.05717 0.05738
719336.914179 0.05619 0.05673 0.05648 0.0565 0.05642 0.05647 0.05644 0.05676 0.05642 0.05651 0.05645 0.05644 0.05659 0.05647 0.05657 0.05649 0.05653
764308.087161 0.05587 0.05561 0.05575 0.05598 0.05586 0.05565 0.05577 0.05547 0.05586 0.05579 0.05578 0.05584 0.0557 0.05577 0.05577 0.05575 0.05577
811989.903201 0.05556 0.05582 0.05456 0.05492 0.05505 0.05481 0.05497 0.05513 0.05515 0.05518 0.05516 0.0551 0.05507 0.05499 0.05507 0.05509 0.05515
862783.454871 0.05325 0.05434 0.05428 0.05469 0.05442 0.0544 0.05415 0.05427 0.05441 0.05441 0.05432 0.05445 0.05443 0.05446 0.05436 0.05437 0.05438
916687.870597 0.05302 0.05342 0.05353 0.05345 0.05352 0.05392 0.05354 0.05383 0.05369 0.05379 0.05386 0.05376 0.05362 0.05373 0.05378 0.05371 0.05362
974006.36656 0.05433 0.05214 0.05314 0.05277 0.0532 0.05279 0.05297 0.05292 0.05309 0.05292 0.05286 0.05305 0.05301 0.05311 0.05298 0.05298 0.05298
1034937.31023 0.05269 0.052 0.05199 0.05241 0.05245 0.05239 0.05239 0.05226 0.05213 0.05238 0.05234 0.05228 0.05224 0.05233 0.05233 0.05223 0.05219
1099185.32964 0.05279 0.05206 0.05209 0.05138 0.05169 0.05174 0.05142 0.05166 0.0514 0.05159 0.05174 0.05165 0.05165 0.05163 0.05165 0.05147 0.05157
1168443.08377 0.05169 0.05092 0.05184 0.05096 0.05105 0.05089 0.05101 0.05106 0.05097 0.05103 0.05092 0.05096 0.0509 0.051 0.05102 0.051 0.05092
1240726.89985 0.05022 0.04994 0.05044 0.04993 0.05008 0.0502 0.05046 0.05025 0.05023 0.05022 0.05022 0.05033 0.05029 0.05025 0.05036 0.05032 0.05017
1319014.02949 0.04887 0.04971 0.04995 0.04963 0.04973 0.04933 0.04949 0.04964 0.04944 0.04967 0.04963 0.04949 0.04958 0.0496 0.04955 0.04944 0.04955
1401329.51514 0.04862 0.04937 0.04881 0.04874 0.0487 0.04894 0.04902 0.04879 0.04889 0.04888 0.04904 0.049 0.04893 0.04881 0.04879 0.04886 0.04891
1488669.55366 0.04652 0.04857 0.04825 0.04833 0.04809 0.04797 0.0483 0.04818 0.04829 0.04822 0.0482 0.04829 0.04823 0.04815 0.04822 0.04829 0.04816
1582021.62122 0.04769 0.04784 0.04715 0.04762 0.04736 0.0477 0.04762 0.04776 0.04762 0.04754 0.04767 0.04767 0.04769 0.04754 0.04757 0.04755 0.04753
1680398.24149 0.04654 0.04661 0.04707 0.04675 0.04713 0.04709 0.04684 0.04715 0.04692 0.0471 0.04697 0.04702 0.04687 0.04687 0.04686 0.04693 0.04702
1785791.80197 0.04659 0.04714 0.04609 0.04611 0.04628 0.04612 0.04631 0.04634 0.0464 0.04636 0.04625 0.04638 0.04626 0.04633 0.04628 0.04646 0.04626
1897223.53981 0.04608 0.04578 0.04545 0.04562 0.04572 0.04595 0.04556 0.04577 0.04576 0.04572 0.04564 0.04582 0.04555 0.04568 0.04564 0.04574 0.04576
2015672.2179 0.04583 0.04493 0.04512 0.04491 0.04517 0.04522 0.04513 0.04497 0.0452 0.04498 0.04499 0.04509 0.04507 0.04517 0.04502 0.04506 0.04514
2142151.4629 0.04383 0.04429 0.04445 0.0443 0.04446 0.04461 0.04475 0.04444 0.04449 0.04459 0.04458 0.04448 0.0444 0.0445 0.04453 0.04461 0.04442
2275656.36466 0.04237 0.04362 0.04418 0.04387 0.04406 0.04393 0.04405 0.04393 0.04407 0.04394 0.04396 0.044 0.04404 0.04409 0.04398 0.04401 0.04393
2418196.74344 0.04431 0.04391 0.04375 0.04356 0.04356 0.04374 0.04355 0.04366 0.04352 0.04352 0.04344 0.04342 0.04361 0.04357 0.04344 0.04356 0.04354
2568776.40327 0.04322 0.04311 0.04295 0.04353 0.04283 0.04294 0.0429 0.04312 0.04286 0.04278 0.04294 0.04298 0.04304 0.04307 0.04299 0.04296 0.04294
2729387.73537 0.04157 0.04236 0.04259 0.04282 0.04241 0.04247 0.04249 0.04249 0.04246 0.04244 0.04261 0.04272 0.04256 0.04253 0.04254 0.04264 0.04249
2900039.4549 0.04201 0.0424 0.04207 0.04209 0.04202 0.04229 0.04215 0.04217 0.04206 0.04218 0.04213 0.04218 0.04213 0.04215 0.04211 0.04215 0.04214
3000417.17933 0.04185 0.04204 0.04203 0.04193 0.04203 0.04189 0.04187 0.04187 0.04181 0.04183 0.0419 0.04188 0.0419 0.0419 0.04181 0.04186 0.04182
3280482.10024 0.04139 0.04097 0.04138 0.04117 0.04117 0.04137 0.04128 0.04126 0.04126 0.04124 0.04128 0.04127 0.04125 0.04127 0.0412 0.04126 0.04122
3586648.54147 0.04087 0.04065 0.0407 0.04071 0.04065 0.04071 0.04062 0.04065 0.04065 0.04065 0.04069 0.04072 0.04068 0.04063 0.04069 0.04069 0.04063
3921922.51836 0.04053 0.04024 0.04007 0.04009 0.04015 0.04008 0.04004 0.04011 0.04004 0.04006 0.0401 0.04005 0.04006 0.04007 0.04007 0.04006 0.0401
4288322.56716 0.03975 0.03983 0.0395 0.03948 0.03947 0.03952 0.03957 0.03953 0.03948 0.03951 0.03954 0.03949 0.03947 0.03949 0.03948 0.03945 0.03949
4688845.98702 0.03944 0.03892 0.03906 0.03879 0.03895 0.0389 0.03899 0.03899 0.03907 0.03887 0.03889 0.03894 0.0389 0.03891 0.03897 0.03892 0.03885
5127512.41929 0.03831 0.03792 0.03869 0.03865 0.03847 0.03836 0.03847 0.03844 0.03834 0.03834 0.03833 0.03831 0.03833 0.03836 0.03835 0.03828 0.03836
5606331.6848 0.03695 0.03774 0.03768 0.03767 0.03783 0.03753 0.0379 0.03774 0.03782 0.03769 0.03772 0.03781 0.03778 0.03768 0.03779 0.03778 0.03774
6130328.3346 0.03761 0.03726 0.037 0.03694 0.03728 0.0372 0.03719 0.03715 0.03712 0.03716 0.03715 0.03711 0.03711 0.037 0.03712 0.03711 0.03715
6702508.38418 0.03635 0.03632 0.03674 0.03653 0.03656 0.03632 0.03636 0.03652 0.03665 0.03655 0.03657 0.03651 0.03661 0.03659 0.03655 0.03656 0.0365
7328883.86386 0.03617 0.03631 0.03649 0.03599 0.03562 0.03591 0.03594 0.036 0.03579 0.03581 0.036 0.03583 0.03597 0.03574 0.03579 0.03591 0.03594
8013491.84563 0.0363 0.03486 0.03533 0.03544 0.03519 0.03527 0.03533 0.03529 0.03516 0.03514 0.03523 0.03529 0.03517 0.03524 0.03521 0.03529 0.03526
8762344.36039 0.03457 0.03459 0.03491 0.03443 0.03453 0.03439 0.03445 0.03454 0.03472 0.03449 0.03459 0.03461 0.0345 0.03457 0.03465 0.03451 0.03449
9580457.24379 0.03423 0.03401 0.03393 0.03369 0.03386 0.03383 0.03391 0.03396 0.034 0.03387 0.03396 0.03388 0.03388 0.03387 0.03394 0.03384 0.03384
10479845.8481 0.03262 0.03318 0.03297 0.03343 0.03317 0.03332 0.03315 0.03337 0.03322 0.03315 0.03325 0.03326 0.03317 0.03324 0.03318 0.03318 0.03313
11453589.0833 0.03315 0.03245 0.0324 0.03235 0.03276 0.03237 0.03257 0.03252 0.03239 0.03258 0.03243 0.03239 0.03259 0.03243 0.03257 0.03251 0.03253
12527683.9041 0.03118 0.03136 0.0317 0.03171 0.03187 0.0317 0.03168 0.03176 0.0318 0.03182 0.03175 0.03175 0.03194 0.0319 0.03178 0.03175 0.03187
13692159.6543 0.03094 0.03078 0.03095 0.03106 0.03112 0.03118 0.03103 0.03105 0.03105 0.03112 0.03106 0.03111 0.0311 0.03107 0.03108 0.03105 0.03107
14976963.1434 0.03003 0.0306 0.03041 0.03018 0.03029 0.03034 0.03039 0.03038 0.03036 0.0303 0.03032 0.03027 0.03038 0.03043 0.03032 0.03034 0.03034
16372306.7709 0.02971 0.02969 0.02971 0.02962 0.02959 0.02966 0.02956 0.02958 0.02982 0.02953 0.02972 0.02956 0.02963 0.02969 0.02968 0.0296 0.02966
17908076.3903 0.02823 0.02891 0.02902 0.02895 0.02887 0.0289 0.02902 0.02883 0.02889 0.02892 0.0289 0.02886 0.029 0.02898 0.02886 0.02894 0.02889
19574484.3099 0.02721 0.02789 0.02763 0.02808 0.02825 0.0281 0.02825 0.02827 0.02818 0.02817 0.02812 0.02812 0.02814 0.02811 0.02815 0.02805 0.02821
21401503.592 0.02719 0.02742 0.02756 0.02751 0.02735 0.02748 0.02736 0.0276 0.02743 0.02747 0.02742 0.02737 0.02735 0.02743 0.02743 0.02748 0.02749
23409058.0759 0.02747 0.0269 0.02697 0.02679 0.02679 0.02676 0.02674 0.02657 0.02678 0.02666 0.0267 0.02682 0.02671 0.02671 0.0267 0.02676 0.02673
25587360.1608 0.0255 0.02579 0.02608 0.02596 0.02606 0.02602 0.02602 0.02595 0.02602 0.02594 0.02601 0.02605 0.02604 0.026 0.02602 0.02601 0.02598
27986481.04 0.02522 0.02532 0.02534 0.02539 0.02525 0.02533 0.02536 0.02537 0.02536 0.02536 0.02527 0.02539 0.02532 0.02529 0.0253 0.02536 0.02534
30596458.7657 0.02463 0.0249 0.02461 0.02468 0.02464 0.02473 0.02473 0.02464 0.02467 0.02465 0.02469 0.02464 0.02467 0.02465 0.02461 0.02475 0.0247
33457315.4333 0.0238 0.024 0.02411 0.02398 0.02401 0.02391 0.02396 0.02397 0.02392 0.02401 0.02397 0.02398 0.02399 0.02396 0.02395 0.02396 0.02395
36579187.3064 0.0234 0.0233 0.02328 0.02323 0.02331 0.02333 0.02336 0.02337 0.02334 0.0234 0.02334 0.02331 0.02325 0.02328 0.02331 0.0233 0.02333
40002183.6404 0.02265 0.02259 0.02265 0.02271 0.02279 0.02263 0.02268 0.02271 0.0226 0.02269 0.02267 0.02267 0.02272 0.02264 0.02274 0.02273 0.02265
-----------------------

E[V/m]_muExB[m2/Vs]
N2
NUM_COLUMNS:  17
COL_VALUES:  5.0 10.0 15.0 20.0 25.0 30.0 35.0 40.0 45.0 50.0 55.0 60.0 65.0 70.0 75.0 80.0 85.0
COMMENT: generated by particle_swarm
-----------------------
500002.826392 -0.0007685 -0.00127 9.057e-05 -0.0004422 -0.0002094 0.0003247 1.987e-05 -0.0002217 -0.000175 3.016e-05 9.442e-05 3.738e-05 -2.05e-05 -0.000148 7.388e-05 3.96e-05 -0.0001162
531221.54512 0.0003043 -0.000564 -2.095e-05 -2.841e-05 -0.0004399 0.0001651 0.0001643 6.762e-05 0.0001527 -5.195e-05 -7.537e-05 -2.23e-05 2.983e-05 -1.851e-05 0.0001457 5.601e-05 -2.881e-05
564447.469744 -0.0005201 -0.0006985 -6.715e-05 0.0004489 -0.0006066 -0.0001413 0.0003585 -0.0001065 2.163e-05 -2.167e-05 6.998e-05 -4.839e-05 -8.137e-07 -0.0001322 0.0001764 -8.889e-05 4.84e-05
599682.343329 0.0005568 -0.0009115 -0.0006851 -4.63e-05 5.845e-05 0.0001859 -9.192e-05 -8.317e-05 2.851e-05 0.0002896 -9.261e-05 0.0001232 4.456e-05 -2.552e-05 -5.818e-05 1.321e-05 7.063e-05
637224.152791 -0.0005468 0.0003352 -0.0003681 0.0001167 -7.098e-06 0.0001456 -9.29e-05 6.594e-05 -2.99e-05 4.047e-05 -0.0002717 -9.711e-05 -4.365e-06 -0.0001183 -0.0001748 1.013e-05 0.0001002
676976.764815 -0.001593 -0.0002156 -0.0003944 -0.0002857 0.0002369 -6.873e-06 0.0001273 0.0002276 7.303e-05 -1.035e-05 0.0001586 0.0001624 -3.64e-06 9.299e-06 3.117e-05 0.0001411 6.726e-05
719336.914179 0.0007025 8.357e-06 0.0002585 -0.0004256 -0.00019 5.302e-05 -0.0001226 -0.0001278 0.0001227 -5.436e-05 -0.00013 -0.0001368 -8.893e-05 -2.499e-05 5.175e-05 0.000118 2.22e-05
764308.087161 0.0008367 -8.583e-05 -0.0003973 -0.0002346 9.599e-05 0.0002079 0.0002098 3.788e-05 -4.35e-05 4.792e-07 6.058e-05 0.0001932 -0.0001167 -0.0001216 -5.33e-05 -3.045e-05 7.602e-05
811989.903201 -0.0007403 -0.0001592 -0.0007857 0.000321 2.611e-05 0.0001844 -0.0002919 0.0002194 -0.000189 -0.0001017 -0.0002444 -7.861e-06 8.593e-06 -8.928e-06 0.0001763 -4.282e-05 0.000181
862783.454871 0.00033 -0.0005411 0.0001262 7.8e-05 0.0001892 -0.0001887 -5.075e-05 -0.000129 -4.81e-05 6.347e-05 2.764e-05 0.0001889 -0.0002695 -0.0001848 -4.491e-05 -2.596e-05 8.421e-06
916687.870597 -0.0006575 0.0003264 -0.0001717 -0.0002334 -0.0001107 -0.0001613 -0.0004411 9.041e-05 7.626e-06 0.0001059 4.114e-05 -2.141e-05 -8.271e-05 -1.439e-05 -2.798e-05 7.66e-05 -2.676e-06
974006.36656 -0.0001239 0.0008101 9.279e-05 3.668e-05 0.0001686 -5.521e-05 -1.845e-06 -7.755e-05 0.0001561 4.065e-05 3.865e-05 0.0002096 6.345e-05 -7.81e-05 -5.813e-05 -4.965e-05 -5.843e-05
1034937.31023 -0.001838 0.0001383 -9.405e-05 -0.0002115 -0.0003218 -0.0002293 -1.94e-05 -0.0001021 -2.863e-05 -7.703e-05 -8.4e-05 -2.264e-05 -3.718e-05 -0.0001113 1.991e-05 -2.24e-05 -0.0001068
1099185.32964 0.001416 -0.0003392 4.29e-05 -0.0002141 3.367e-05 0.0001171 -4.042e-05 0.0002236 -0.0001387 0.0001636 -6.854e-05 -3.291e-05 -9.58e-06 8.636e-05 -9.912e-05 3.724e-05 1.201e-05
1168443.08377 0.0009572 0.000424 0.0001012 4.96e-05 -1.526e-06 -0.0001208 3.978e-05 0.0001955 0.0001058 -0.0001834 -1.749e-05 0.0001229 0.000138 -8.004e-05 -9.439e-05 6.42e-05 -3.86e-05
1240726.89985 -0.0001059 0.0004778 -0.0001373 4.277e-05 -6.448e-05 0.0001109 -0.0001039 0.0001608 -0.0003501 -3.773e-05 -0.0001513 -0.0001057 -2.346e-05 4.201e-05 -6.765e-05 2.216e-05 0.0001273
1319014.02949 -0.0002938 0.0003724 0.000145 -7.033e-05 -0.0003838 -1.985e-05 -0.0001046 3.101e-05 0.0001576 7.022e-05 3.462e-05 2.96e-05 -5.859e-05 -0.0002367 5.607e-05 1.228e-05 -6.933e-05
1401329.51514 5.517e-05 -0.0001652 -0.0002814 -0.0003104 0.0001692 0.0001878 -5.527e-06 -0.0002402 -0.0001145 -8.354e-05 -2.353e-05 -8.958e-05 2.015e-05 8.718e-05 -7.778e-05 1.277e-05 -7.825e-05
1488669.55366 -0.001242 3.317e-05 -0.000336 -0.0001226 9.099e-05 -0.0001597 1.577e-05 1.306e-05 -0.0001817 -0.0001129 6.496e-06 -0.0001268 0.0001106 5.419e-05 -3.025e-05 -0.0001332 6.157e-05
1582021.62122 -0.0003046 -0.0003579 0.0001442 0.0001175 -0.0002393 8.06e-05 -0.0001655 1.339e-05 0.0001338 5.183e-05 7.827e-05 -5.169e-05 -0.0001186 8.417e-05 1.652e-05 -6.556e-05 8.016e-05
1680398.24149 2.75e-05 -0.0007878 0.0003514 0.000397 -0.0002348 -2.612e-05 4.248e-05 0.0001049 -1.27e-06 5.417e-05 7.134e-05 -5.104e-05 8.114e-05 7.483e-05 0.0001392 3.55e-05 -0.0001137
1785791.80197 0.001376 0.0001958 -6.609e-05 -7.734e-05 8.214e-05 -0.0001063 -0.0002034 -0.0001352 -4.232e-05 -2.206e-05 9.996e-07 -1.934e-05 -1.579e-06 3.405e-05 -9.736e-06 8.209e-05 8.154e-05
1897223.53981 0.0003149 0.00069 0.0001446 -0.0002243 0.0001578 4.763e-05 7.051e-05 -6.08e-06 -7.737e-05 -0.0001182 7.995e-05 -1.334e-05 3.777e-05 3.771e-06 1.842e-05 9.696e-05 -3.755e-05
2015672.2179 0.0007745 -0.0001909 -0.000218 -4.47e-05 -9.354e-07 -5.186e-05 -1.987e-05 -8.076e-05 4.286e-05 0.0001035 -0.0001451 -0.0001052 9.387e-07 1.794e-05 -0.000156 0.0001297 9.076e-05
2142151.4629 -0.001286 -0.0004187 -0.000507 -7.912e-05 -4.372e-05 -2.501e-06 0.0001001 -0.0001087 7.104e-05 0.0001255 -0.0001175 0.0001412 6.014e-05 -1.839e-05 4.794e-05 0.0001129 1.049e-05
2275656.36466 0.0009197 0.0003115 -2.653e-06 -0.000348 7.388e-06 0.0001522 0.000134 -4.525e-05 1.57e-05 4.778e-05 -0.0001232 -0.0001905 2.745e-05 -5.465e-05 -6.704e-05 -4.838e-05 -6.102e-05
2418196.74344 0.0005484 -0.0002626 -0.0004185 -0.0001492 0.0001466 -2.261e-05 6.83e-06 0.000115 -8.215e-05 0.0001021 2.26e-05 -1.639e-05 2.941e-05 4.884e-05 8.416e-05 1.656e-05 -3.63e-05
2568776.40327 -0.0007345 -0.0005537 0.0002217 -0.0001596 -6.561e-05 6.675e-05 -2.757e-05 9.615e-05 0.0001277 3.17e-05 -0.0002664 -1.357e-05 0.0001514 1.541e-05 1.135e-05 1.691e-05 -2.694e-06
2729387.73537 -0.0002128 0.0002668 -0.0001209 2.284e-05 -0.0002516 -0.0001338 4.591e-05 0.0001993 1.051e-05 3.104e-05 -1.03e-05 9.458e-05 8.789e-05 3.652e-05 -3.699e-05 -2.075e-05 2.176e-05
2900039.4549 0.0006945 -0.0001432 -0.0002397 -0.0001407 -6.18e-05 7.069e-05 -4.183e-05 -9.688e-05 3.263e-05 -0.0001391 6.224e-05 -1.945e-06 -9.262e-06 1.115e-05 9.114e-05 2.416e-05 0.0001123
3000417.17933 0.00036 0.0001894 8.861e-05 0.0003228 0.0001176 -0.0001108 -7.196e-05 4.29e-05 -6.536e-05 6.063e-06 -4.036e-05 0.0001008 -2.193e-05 -1.365e-05 4.806e-05 1.806e-05 1.21e-06
3280482.10024 0.0001401 0.0001175 -5.964e-05 -2.891e-05 -2.622e-05 6.83e-06 -3.465e-06 -4.783e-05 7.005e-05 3.719e-05 -5.475e-05 -4.16e-05 -1.255e-05 -5.922e-05 -2.745e-05 -3.226e-05 -2.533e-05
3586648.54147 1.665e-06 -6.728e-05 6.763e-05 -2.044e-05 -6.82e-06 -4.202e-05 -1.936e-05 1.211e-05 -1.689e-05 -0.0001034 -1.692e-05 1.632e-05 -5.413e-07 -6.631e-07 2.463e-05 1.954e-06 -2.148e-05
3921922.51836 5.723e-05 -8.792e-05 -8.903e-06 -6.846e-05 4.321e-06 9.359e-05 5.938e-05 -7.855e-05 4.034e-05 -2.189e-05 -1.288e-05 4.191e-05 7.084e-06 2.213e-05 -1.814e-05 -1.257e-05 7.111e-05
4288322.56716 -0.0002407 8.615e-05 -8.702e-05 0.0001215 -0.0001118 -6.04e-05 0.0001014 2.942e-05 -1.388e-06 4.119e-05 -8.54e-06 3.126e-05 1.004e-05 2.28e-05 5.447e-06 3.864e-05 1.09e-05
4688845.98702 0.0001084 0.0005194 -0.0001092 -0.0001272 2.83e-05 -1.009e-06 -3.578e-05 4.138e-05 -1.213e-05 9.642e-05 7.939e-06 9.748e-06 6.243e-06 -2.123e-05 -2.765e-05 -1.245e-05 9.448e-08
5127512.41929 0.0002626 -0.0001012 -0.0001584 8.835e-05 -1.859e-05 0.000143 -3.479e-05 -1.327e-05 -8.578e-06 -9.925e-06 -8.601e-05 -3.787e-05 4.393e-05 4.141e-05 0.0001181 2.616e-05 -4.503e-05
5606331.6848 -0.0002905 -0.0005765 -8.654e-05 0.0002763 -8.054e-06 1.553e-05 1.577e-05 -9.478e-05 -5.217e-05 1.576e-05 -1.197e-05 -9.666e-06 -4.361e-05 -2.422e-06 9.889e-05 3.84e-05 7.252e-05
6130328.3346 6.281e-05 -0.0002438 0.00022 -1.435e-05 -3.441e-06 4.388e-05 1.601e-05 1.429e-05 9.404e-06 0.000105 -4.009e-05 8.109e-05 5.198e-06 6.716e-05 1.977e-05 1.618e-05 -1.958e-05
6702508.38418 0.0009925 0.0003617 1.188e-05 -6.99e-05 -6.324e-05 9.817e-05 5.253e-05 0.000108 -0.0001134 -0.0001952 6.096e-05 1.759e-05 6.947e-05 -8.524e-05 6.286e-06 -2.295e-05 -2.01e-05
7328883.86386 -0.0003901 -5.367e-05 -2.458e-05 -0.0003393 0.0001159 -5.98e-05 -1.435e-05 6.284e-05 -6.47e-05 -9.672e-06 8.079e-05 -8.98e-05 1.319e-05 4.99e-05 4.558e-07 -9.068e-06 -6.958e-05
8013491.84563 -0.001274 0.0003086 0.000168 -2.729e-05 -0.0002017 -4.261e-05 2.795e-05 -8.797e-05 -7.52e-05 -8.855e-05 -5.789e-05 3.471e-05 7.476e-05 0.0001646 9.296e-06 -2.358e-05 -2.503e-05
8762344.36039 0.0002156 -0.0002211 -4.13e-05 8.74e-05 -0.0001327 -8.351e-05 1.007e-05 2.029e-05 -1.126e-05 1.474e-05 8.275e-05 -3.792e-05 -7.363e-05 -2.061e-05 4.292e-05 -4.427e-05 -2.642e-05
9580457.24379 0.0001396 0.0003861 -3.147e-05 0.000107 -1.028e-05 3.582e-05 -0.0001019 8.088e-05 0.0001687 -4.391e-05 4.959e-05 3.084e-05 -1.727e-05 -6.129e-05 -3.14e-05 -1.513e-06 1.752e-05
10479845.8481 0.0001222 -1.177e-05 0.0002555 -2.034e-05 0.0001119 0.000124 3.462e-05 6.865e-05 1.139e-05 1.645e-05 8.848e-05 -6.47e-05 -1.193e-05 -8.556e-05 3.216e-05 2.92e-05 5.444e-05
11453589.0833 1.802e-05 0.0002089 -5.674e-06 -0.0001422 0.0002065 3.42e-05 3.858e-06 -7.297e-05 7.453e-05 1.634e-05 5.949e-05 -2.434e-05 -6.049e-05 2.755e-05 0.0001195 6.48e-05 4.431e-05
12527683.9041 0.0002122 -0.000155 0.0001426 0.0001575 -1.402e-05 -9.761e-06 6.917e-05 6.335e-07 -7.285e-05 6.663e-05 7.62e-05 0.0001463 0.0001358 -7.242e-05 5.498e-05 -2.133e-05 -7.382e-05
13692159.6543 -0.0007645 -0.0001548 0.0002113 0.000476 -0.0001927 -7.617e-05 -2.306e-06 9.939e-06 -3.617e-05 -3.262e-05 3.566e-05 1.03e-05 4.014e-05 -2.528e-05 9.356e-05 1.016e-05 1.343e-05
14976963.1434 -0.0001965 -5.117e-05 0.0002416 -0.0001813 0.0002514 0.0001088 6.498e-05 -0.0001257 7.92e-05 2.907e-05 -6.361e-05 -3.212e-05 1.581e-05 4.326e-05 8.965e-06 -2.275e-05 2.38e-05
16372306.7709 0.0002399 -0.0003368 -1.143e-05 1.97e-06 0.0001883 1.799e-05 0.0001291 2.504e-05 3.352e-05 5.781e-05 8.279e-06 -7.418e-06 -8.157e-05 -4.347e-05 3.764e-06 -7.902e-05 6.453e-05
17908076.3903 0.0004234 0.0003529 6.354e-05 0.0001377 5.641e-06 7.448e-05 -0.0001052 0.0002223 -1.024e-05 9.731e-05 -5.669e-05 1.52e-05 3.388e-05 -7.711e-05 2.797e-06 4.194e-05 -4.86e-06
19574484.3099 -0.0006525 0.0001085 5.557e-05 0.0003761 7.717e-06 -0.0001068 1.724e-05 2.588e-05 -8.912e-06 4.537e-05 9.066e-06 1.899e-05 3.829e-05 8.348e-05 -6.314e-05 1.363e-05 2.587e-05
21401503.592 0.0004438 0.0002098 3.058e-05 2.333e-05 -3.816e-05 -9.387e-06 3.292e-05 2.487e-05 -1.624e-05 7.134e-05 -3.089e-05 8.422e-06 -4.584e-05 4.164e-05 -3.83e-05 -4.543e-05 1.724e-05
23409058.0759 3.065e-05 7.67e-05 -0.0002026 -6.755e-05 2.893e-05 0.0001471 7.332e-05 4.634e-05 7.168e-06 1.372e-05 -2.989e-05 -5.98e-06 -9.63e-05 -3.236e-05 -2.82e-05 9.458e-06 -1.794e-05
25587360.1608 -0.0002388 -0.0001134 0.0001419 -7.583e-05 4.995e-05 -0.0001519 -6.945e-05 1.501e-05 -7.701e-07 -9.29e-05 -4.427e-05 -6.245e-06 -3.493e-05 -5.421e-05 -1.834e-05 3.992e-05 7.312e-06
27986481.04 -7.182e-05 -0.0001588 -1.825e-05 0.0001069 -6.336e-05 -4.389e-05 -2.541e-05 -2.544e-05 2.945e-05 -2.434e-05 -1.96e-05 -5.586e-05 5.335e-05 -7.102e-05 7.836e-05 1.769e-05 -2.13e-05
30596458.7657 8.241e-05 -0.0002076 -0.000103 -0.0001554 -6.68e-05 -0.0001525 9.556e-05 -5.642e-05 9.568e-05 9.907e-06 -5.659e-05 4.739e-05 2.509e-05 3.137e-05 2.018e-05 -4.371e-05 6.473e-05
33457315.4333 0.000159 -6.034e-05 9.939e-05 -7.775e-05 7.383e-05 -0.0001623 4.983e-05 1.113e-06 1.397e-05 -3.633e-05 -5.24e-05 2.573e-05 4.314e-05 -1.424e-05 -1.311e-05 -2.777e-05 3.068e-05
36579187.3064 -0.0002463 -0.0002087 -0.0001309 -5.105e-05 6.222e-05 0.000146 2.91e-05 -5.958e-05 -2.99e-05 -2.836e-05 8.967e-06 6.621e-05 -2.561e-05 2.194e-05 -1.302e-05 -1.014e-05 1.689e-06
40002183.6404 6.251e-05 0.0001977 -5.828e-05 -0.0001333 2.945e-05 6.818e-05 4.654e-05 2.072e-05 3.425e-06 4.55e-06 -3.638e-05 -1.476e-06 2.232e-05 6.387e-06 -5.733e-05 -3.144e-06 -1.642e-05
-----------------------

E[V/m]_alpha[1/m]
N2
NUM_COLUMNS:  17
COL_VALUES:  5.0 10.0 15.0 20.0 25.0 30.0 35.0 40.0 45.0 50.0 55.0 60.0 65.0 70.0 75.0 80.0 85.0
COMMENT: generated by particle_swarm
-----------------------
500002.826392 0.0 0.0 0.0 0.0 0.0 0.0 0.0 0.0 0.0 0.0 0.0 0.0 0.0 0.0 0.0 0.0 0.0
531221.54512 0.0 0.0 0.0 0.0 0.0 0.0 0.0 0.0 0.0 0.0 0.0 0.0 0.0 0.0 0.0 0.0 0.0
564447.469744 0.0 0.0 0.0 0.0 0.0 0.0 0.0 0.0 0.0 0.0 0.0 0.0 0.0 0.0 0.0 0.0 0.0
599682.343329 0.0 0.0 0.0 0.0 0.0 0.0 0.0 0.0 0.0 0.0 0.0 0.0 0.0 0.0 0.0 0.0 0.0
637224.152791 0.0 0.0 0.0 0.0 0.0 0.0 0.0 0.0 0.0 0.0 0.0 0.0 0.0 0.0 0.0 0.0 0.0
676976.764815 0.0 0.0 0.0 0.0 0.0 0.0 0.0 0.0 0.0 0.0 0.0 0.0 0.0 0.0 0.0 0.0 0.0
719336.914179 0.0 0.0 0.0 0.0 0.0 0.0 0.0 0.0 0.0 0.0 0.0 0.0 0.0 0.0 0.0 0.0 0.0
764308.087161 0.0 0.0 0.0 0.0 0.0 0.0 0.0 0.0 0.0 0.0 0.0 0.0 0.0 0.0 0.0 0.0 0.0
811989.903201 0.0 0.0 0.0 0.0 0.0 0.0 0.0 0.0 0.0 0.0 0.0 0.0 0.0 0.0 0.0 0.0 0.0
862783.454871 0.0 0.0 0.0 0.0 0.0 0.0 0.0 0.0 0.0 0.0 0.0 0.0 0.0 0.0 0.0 0.0 0.0
916687.870597 0.0 0.0 0.0 0.0 0.0 0.0 0.0 0.0 0.0 0.0 0.02837 0.0 0.0 0.0 0.0 0.0 0.0
974006.36656 0.0 0.0 0.0 0.0 0.0 0.0 0.0 0.0 0.0 0.0 0.0 0.0 0.0 0.0 0.0 0.0 0.0
1034937.31023 0.0 0.002902 0.0 0.0 0.0 0.0 0.0 0.0 0.03014 0.0 0.0 0.0 0.0 0.0 0.0 0.0045 0.0
1099185.32964 0.0 0.01588 0.03804 0.0 0.08289 0.0 0.0 0.006351 0.0 0.02179 0.06225 0.0263 0.01145 0.0 0.08078 0.0 0.01426
1168443.08377 0.0003946 0.02811 0.01355 0.07437 0.0006049 0.01709 0.0 0.02159 0.01686 0.0009681 0.009781 0.0228 0.02411 0.0 0.0 0.0 0.0
1240726.89985 0.05766 0.009703 0.06019 0.0387 0.06919 0.1458 0.007599 0.01098 0.07359 0.02562 0.04221 0.00265 0.04109 0.3864 0.02067 0.478 0.0294
1319014.02949 0.3963 0.4659 0.05632 0.3894 0.1504 0.2113 0.2649 0.3054 0.2318 0.4633 0.1473 0.1777 0.0951 0.06766 0.1862 0.07063 0.1711
1401329.51514 0.5082 0.4176 0.2329 0.6133 0.5606 0.4582 0.2114 0.6711 0.2468 0.4359 0.2566 0.4182 0.4336 0.2065 0.6674 0.2733 0.2173
1488669.55366 0.889 0.5947 0.793 0.8123 1.443 1.211 0.6478 1.942 1.618 1.201 1.052 0.7912 0.9556 0.6954 1.012 0.9723 1.849
1582021.62122 2.359 2.506 1.678 2.982 1.794 2.407 1.405 2.17 1.872 2.207 2.585 1.767 2.329 2.175 3.184 2.514 1.702
1680398.24149 4.845 4.524 4.089 3.924 5.491 4.462 5.035 5.385 4.209 4.378 3.94 6.23 2.785 4.816 5.082 3.783 5.036
1785791.80197 11.62 11.53 9.647 8.202 7.401 8.863 9.804 9.031 9.941 10.91 9.217 11.7 7.934 8.42 9.591 9.12 10.39
1897223.53981 17.9 18.76 20.28 19.04 19.02 20.23 17.17 14.62 18.39 20.56 18.08 17.73 15.62 21.59 15.35 18.11 16.49
2015672.2179 33.22 33.59 31.61 32.59 31.78 34.63 30.53 31.65 30.3 31.41 31.87 32.04 33.94 35.18 37.06 33.62 34.88
2142151.4629 59.13 59.5 57.02 55.31 60.56 59.6 60.97 58.58 59.13 57.26 57.66 59.47 57.22 57.7 54.63 63.44 59.32
2275656.36466 103.1 96.09 97.54 100.4 99.64 107.7 96.41 93.87 103.7 91.06 108.8 96.3 107.3 107.9 104.5 102.0 104.2
2418196.74344 165.0 164.9 163.5 161.8 158.4 161.5 176.5 162.3 158.3 165.8 168.5 157.4 159.2 158.8 159.9 156.3 180.6
2568776.40327 265.4 249.4 271.8 262.1 258.6 264.8 252.3 264.3 267.0 249.1 239.5 263.2 262.7 276.9 272.7 256.3 258.5
2729387.73537 404.4 400.5 393.2 400.4 395.1 401.0 389.7 400.4 413.1 407.7 400.3 398.7 422.4 396.0 388.8 429.1 416.1
2900039.4549 619.0 600.3 615.2 621.8 607.7 613.7 601.9 607.7 613.7 608.9 627.7 614.0 609.0 592.4 607.2 608.8 613.9
3000417.17933 766.9 774.2 755.3 785.0 757.5 767.5 761.6 760.2 766.5 769.5 739.9 760.3 749.1 760.6 761.7 752.9 741.3
3280482.10024 1289.0 1317.0 1315.0 1308.0 1312.0 1309.0 1319.0 1286.0 1309.0 1327.0 1316.0 1304.0 1309.0 1297.0 1291.0 1304.0 1322.0
3586648.54147 2133.0 2143.0 2141.0 2153.0 2145.0 2160.0 2142.0 2154.0 2149.0 2134.0 2153.0 2130.0 2135.0 2138.0 2147.0 2158.0 2136.0
3921922.51836 3378.0 3393.0 3367.0 3353.0 3369.0 3367.0 3364.0 3400.0 3351.0 3384.0 3378.0 3369.0 3362.0 3340.0 3371.0 3381.0 3364.0
4288322.56716 5074.0 5102.0 5069.0 5118.0 5077.0 5107.0 5047.0 5081.0 5110.0 5068.0 5102.0 5102.0 5070.0 5073.0 5088.0 5129.0 5139.0
4688845.98702 7440.0 7507.0 7467.0 7501.0 7464.0 7565.0 7547.0 7471.0 7489.0 7491.0 7528.0 7508.0 7459.0 7485.0 7529.0 7456.0 7502.0
5127512.41929 10660.0 10770.0 10590.0 10650.0 10660.0 10650.0 10620.0 10810.0 10790.0 10650.0 10710.0 10700.0 10690.0 10670.0 10650.0 10680.0 10710.0
5606331.6848 14800.0 14960.0 14910.0 14850.0 14970.0 14860.0 14840.0 14820.0 14850.0 14920.0 14980.0 14850.0 14870.0 14950.0 14820.0 14790.0 14850.0
6130328.3346 20210.0 20080.0 20190.0 20240.0 20110.0 20270.0 20360.0 20480.0 20170.0 20200.0 20310.0 20330.0 20220.0 20260.0 20200.0 20230.0 20300.0
6702508.38418 27170.0 27000.0 26950.0 26830.0 27070.0 26920.0 26980.0 27200.0 27070.0 26900.0 27170.0 27270.0 27370.0 26880.0 27040.0 27180.0 26910.0
7328883.86386 35370.0 35230.0 35390.0 35540.0 35410.0 35440.0 35420.0 35520.0 35510.0 35420.0 35420.0 35580.0 35520.0 35420.0 35250.0 35390.0 35460.0
8013491.84563 45590.0 45350.0 45630.0 45610.0 45420.0 45820.0 45190.0 45580.0 45830.0 45880.0 45670.0 45290.0 45410.0 45820.0 45400.0 45690.0 45890.0
8762344.36039 57270.0 57670.0 57630.0 57750.0 58180.0 57890.0 58080.0 58210.0 57850.0 58070.0 58540.0 58170.0 57940.0 57890.0 57960.0 57840.0 58470.0
9580457.24379 72550.0 72280.0 72070.0 71990.0 72310.0 72600.0 72290.0 72300.0 72100.0 72190.0 72600.0 72270.0 72250.0 72200.0 72190.0 72280.0 72350.0
10479845.8481 89360.0 88970.0 89650.0 88880.0 89820.0 89220.0 89080.0 89760.0 89520.0 88820.0 89510.0 88990.0 89130.0 88950.0 89520.0 89330.0 88710.0
11453589.0833 109100.0 108900.0 108700.0 108800.0 109300.0 109100.0 108700.0 108600.0 108800.0 109200.0 109200.0 107900.0 108500.0 108800.0 109000.0 108800.0 108600.0
12527683.9041 130600.0 131200.0 131800.0 131600.0 130100.0 130900.0 131200.0 130800.0 130800.0 131500.0 131200.0 131000.0 131400.0 131000.0 131000.0 131000.0 130900.0
13692159.6543 156400.0 155700.0 155600.0 156100.0 156700.0 156000.0 155900.0 155900.0 156900.0 156600.0 156600.0 155800.0 156600.0 156000.0 155900.0 155900.0 156100.0
14976963.1434 183900.0 184700.0 184000.0 184600.0 184200.0 184800.0 185400.0 184200.0 185000.0 183800.0 184400.0 184700.0 184500.0 184600.0 182900.0 184700.0 184400.0
16372306.7709 216400.0 216000.0 215600.0 215600.0 215600.0 215700.0 216300.0 215900.0 215500.0 215400.0 214800.0 215700.0 215200.0 216100.0 216100.0 216500.0 215900.0
17908076.3903 249500.0 249700.0 250000.0 249600.0 250400.0 250800.0 250100.0 249900.0 250400.0 249200.0 249900.0 250200.0 250200.0 250100.0 249200.0 248900.0 250600.0
19574484.3099 286700.0 286700.0 286400.0 289500.0 286100.0 288000.0 286300.0 288100.0 287200.0 285600.0 288300.0 287200.0 286100.0 288300.0 287200.0 287200.0 287000.0
21401503.592 326100.0 326800.0 325800.0 326000.0 327500.0 326300.0 326900.0 326700.0 327500.0 327800.0 326700.0 328500.0 326800.0 327400.0 326000.0 328000.0 326700.0
23409058.0759 368100.0 370200.0 369400.0 370000.0 370800.0 370500.0 369800.0 370100.0 369300.0 370600.0 369500.0 370300.0 370600.0 370100.0 369800.0 369500.0 369000.0
25587360.1608 414500.0 413600.0 415500.0 415800.0 415100.0 415300.0 414900.0 413300.0 413900.0 414900.0 413800.0 415100.0 415800.0 413300.0 414000.0 413300.0 416000.0
27986481.04 462000.0 463200.0 461800.0 461800.0 462400.0 462500.0 461700.0 462300.0 461500.0 462900.0 461200.0 461200.0 461700.0 464100.0 460600.0 461500.0 462000.0
30596458.7657 510900.0 510000.0 511200.0 511500.0 511200.0 510600.0 511200.0 511900.0 510200.0 512300.0 511500.0 511400.0 510100.0 510700.0 510600.0 511800.0 510500.0
33457315.4333 561500.0 561700.0 561400.0 562000.0 561700.0 561200.0 562400.0 561900.0 561300.0 561500.0 563100.0 561900.0 562500.0 562100.0 561900.0 561300.0 562000.0
36579187.3064 613000.0 611500.0 611500.0 613000.0 611000.0 612100.0 611200.0 612800.0 613100.0 612800.0 613200.0 613900.0 613700.0 613100.0 612800.0 613800.0 611800.0
40002183.6404 664800.0 665800.0 665000.0 666000.0 664000.0 665200.0 662800.0 664800.0 665100.0 665000.0 663600.0 665700.0 664700.0 665000.0 664800.0 664200.0 663600.0
-----------------------

E[V/m]_eta[1/m]
N2
NUM_COLUMNS:  17
COL_VALUES:  5.0 10.0 15.0 20.0 25.0 30.0 35.0 40.0 45.0 50.0 55.0 60.0 65.0 70.0 75.0 80.0 85.0
COMMENT: generated by particle_swarm
-----------------------
500002.826392 0.0 0.0 0.0 0.0 0.0 0.0 0.0 0.0 0.0 0.0 0.0 0.0 0.0 0.0 0.0 0.0 0.0
531221.54512 0.0 0.0 0.0 0.0 0.0 0.0 0.0 0.0 0.0 0.0 0.0 0.0 0.0 0.0 0.0 0.0 0.0
564447.469744 0.0 0.0 0.0 0.0 0.0 0.0 0.0 0.0 0.0 0.0 0.0 0.0 0.0 0.0 0.0 0.0 0.0
599682.343329 0.0 0.0 0.0 0.0 0.0 0.0 0.0 0.0 0.0 0.0 0.0 0.0 0.0 0.0 0.0 0.0 0.0
637224.152791 0.0 0.0 0.0 0.0 0.0 0.0 0.0 0.0 0.0 0.0 0.0 0.0 0.0 0.0 0.0 0.0 0.0
676976.764815 0.0 0.0 0.0 0.0 0.0 0.0 0.0 0.0 0.0 0.0 0.0 0.0 0.0 0.0 0.0 0.0 0.0
719336.914179 0.0 0.0 0.0 0.0 0.0 0.0 0.0 0.0 0.0 0.0 0.0 0.0 0.0 0.0 0.0 0.0 0.0
764308.087161 0.0 0.0 0.0 0.0 0.0 0.0 0.0 0.0 0.0 0.0 0.0 0.0 0.0 0.0 0.0 0.0 0.0
811989.903201 0.0 0.0 0.0 0.0 0.0 0.0 0.0 0.0 0.0 0.0 0.0 0.0 0.0 0.0 0.0 0.0 0.0
862783.454871 0.0 0.0 0.0 0.0 0.0 0.0 0.0 0.0 0.0 0.0 0.0 0.0 0.0 0.0 0.0 0.0 0.0
916687.870597 0.0 0.0 0.0 0.0 0.0 0.0 0.0 0.0 0.0 0.0 0.0 0.0 0.0 0.0 0.0 0.0 0.0
974006.36656 0.0 0.0 0.0 0.0 0.0 0.0 0.0 0.0 0.0 0.0 0.0 0.0 0.0 0.0 0.0 0.0 0.0
1034937.31023 0.0 0.0 0.0 0.0 0.0 0.0 0.0 0.0 0.0 0.0 0.0 0.0 0.0 0.0 0.0 0.0 0.0
1099185.32964 0.0 0.0 0.0 0.0 0.0 0.0 0.0 0.0 0.0 0.0 0.0 0.0 0.0 0.0 0.0 0.0 0.0
1168443.08377 0.0 0.0 0.0 0.0 0.0 0.0 0.0 0.0 0.0 0.0 0.0 0.0 0.0 0.0 0.0 0.0 0.0
1240726.89985 0.0 0.0 0.0 0.0 0.0 0.0 0.0 0.0 0.0 0.0 0.0 0.0 0.0 0.0 0.0 0.0 0.0
1319014.02949 0.0 0.0 0.0 0.0 0.0 0.0 0.0 0.0 0.0 0.0 0.0 0.0 0.0 0.0 0.0 0.0 0.0
1401329.51514 0.0 0.0 0.0 0.0 0.0 0.0 0.0 0.0 0.0 0.0 0.0 0.0 0.0 0.0 0.0 0.0 0.0
1488669.55366 0.0 0.0 0.0 0.0 0.0 0.0 0.0 0.0 0.0 0.0 0.0 0.0 0.0 0.0 0.0 0.0 0.0
1582021.62122 0.0 0.0 0.0 0.0 0.0 0.0 0.0 0.0 0.0 0.0 0.0 0.0 0.0 0.0 0.0 0.0 0.0
1680398.24149 0.0 0.0 0.0 0.0 0.0 0.0 0.0 0.0 0.0 0.0 0.0 0.0 0.0 0.0 0.0 0.0 0.0
1785791.80197 0.0 0.0 0.0 0.0 0.0 0.0 0.0 0.0 0.0 0.0 0.0 0.0 0.0 0.0 0.0 0.0 0.0
1897223.53981 0.0 0.0 0.0 0.0 0.0 0.0 0.0 0.0 0.0 0.0 0.0 0.0 0.0 0.0 0.0 0.0 0.0
2015672.2179 0.0 0.0 0.0 0.0 0.0 0.0 0.0 0.0 0.0 0.0 0.0 0.0 0.0 0.0 0.0 0.0 0.0
2142151.4629 0.0 0.0 0.0 0.0 0.0 0.0 0.0 0.0 0.0 0.0 0.0 0.0 0.0 0.0 0.0 0.0 0.0
2275656.36466 0.0 0.0 0.0 0.0 0.0 0.0 0.0 0.0 0.0 0.0 0.0 0.0 0.0 0.0 0.0 0.0 0.0
2418196.74344 0.0 0.0 0.0 0.0 0.0 0.0 0.0 0.0 0.0 0.0 0.0 0.0 0.0 0.0 0.0 0.0 0.0
2568776.40327 0.0 0.0 0.0 0.0 0.0 0.0 0.0 0.0 0.0 0.0 0.0 0.0 0.0 0.0 0.0 0.0 0.0
2729387.73537 0.0 0.0 0.0 0.0 0.0 0.0 0.0 0.0 0.0 0.0 0.0 0.0 0.0 0.0 0.0 0.0 0.0
2900039.4549 0.0 0.0 0.0 0.0 0.0 0.0 0.0 0.0 0.0 0.0 0.0 0.0 0.0 0.0 0.0 0.0 0.0
3000417.17933 0.0 0.0 0.0 0.0 0.0 0.0 0.0 0.0 0.0 0.0 0.0 0.0 0.0 0.0 0.0 0.0 0.0
3280482.10024 0.0 0.0 0.0 0.0 0.0 0.0 0.0 0.0 0.0 0.0 0.0 0.0 0.0 0.0 0.0 0.0 0.0
3586648.54147 0.0 0.0 0.0 0.0 0.0 0.0 0.0 0.0 0.0 0.0 0.0 0.0 0.0 0.0 0.0 0.0 0.0
3921922.51836 0.0 0.0 0.0 0.0 0.0 0.0 0.0 0.0 0.0 0.0 0.0 0.0 0.0 0.0 0.0 0.0 0.0
4288322.56716 0.0 0.0 0.0 0.0 0.0 0.0 0.0 0.0 0.0 0.0 0.0 0.0 0.0 0.0 0.0 0.0 0.0
4688845.98702 0.0 0.0 0.0 0.0 0.0 0.0 0.0 0.0 0.0 0.0 0.0 0.0 0.0 0.0 0.0 0.0 0.0
5127512.41929 0.0 0.0 0.0 0.0 0.0 0.0 0.0 0.0 0.0 0.0 0.0 0.0 0.0 0.0 0.0 0.0 0.0
5606331.6848 0.0 0.0 0.0 0.0 0.0 0.0 0.0 0.0 0.0 0.0 0.0 0.0 0.0 0.0 0.0 0.0 0.0
6130328.3346 0.0 0.0 0.0 0.0 0.0 0.0 0.0 0.0 0.0 0.0 0.0 0.0 0.0 0.0 0.0 0.0 0.0
6702508.38418 0.0 0.0 0.0 0.0 0.0 0.0 0.0 0.0 0.0 0.0 0.0 0.0 0.0 0.0 0.0 0.0 0.0
7328883.86386 0.0 0.0 0.0 0.0 0.0 0.0 0.0 0.0 0.0 0.0 0.0 0.0 0.0 0.0 0.0 0.0 0.0
8013491.84563 0.0 0.0 0.0 0.0 0.0 0.0 0.0 0.0 0.0 0.0 0.0 0.0 0.0 0.0 0.0 0.0 0.0
8762344.36039 0.0 0.0 0.0 0.0 0.0 0.0 0.0 0.0 0.0 0.0 0.0 0.0 0.0 0.0 0.0 0.0 0.0
9580457.24379 0.0 0.0 0.0 0.0 0.0 0.0 0.0 0.0 0.0 0.0 0.0 0.0 0.0 0.0 0.0 0.0 0.0
10479845.8481 0.0 0.0 0.0 0.0 0.0 0.0 0.0 0.0 0.0 0.0 0.0 0.0 0.0 0.0 0.0 0.0 0.0
11453589.0833 0.0 0.0 0.0 0.0 0.0 0.0 0.0 0.0 0.0 0.0 0.0 0.0 0.0 0.0 0.0 0.0 0.0
12527683.9041 0.0 0.0 0.0 0.0 0.0 0.0 0.0 0.0 0.0 0.0 0.0 0.0 0.0 0.0 0.0 0.0 0.0
13692159.6543 0.0 0.0 0.0 0.0 0.0 0.0 0.0 0.0 0.0 0.0 0.0 0.0 0.0 0.0 0.0 0.0 0.0
14976963.1434 0.0 0.0 0.0 0.0 0.0 0.0 0.0 0.0 0.0 0.0 0.0 0.0 0.0 0.0 0.0 0.0 0.0
16372306.7709 0.0 0.0 0.0 0.0 0.0 0.0 0.0 0.0 0.0 0.0 0.0 0.0 0.0 0.0 0.0 0.0 0.0
17908076.3903 0.0 0.0 0.0 0.0 0.0 0.0 0.0 0.0 0.0 0.0 0.0 0.0 0.0 0.0 0.0 0.0 0.0
19574484.3099 0.0 0.0 0.0 0.0 0.0 0.0 0.0 0.0 0.0 0.0 0.0 0.0 0.0 0.0 0.0 0.0 0.0
21401503.592 0.0 0.0 0.0 0.0 0.0 0.0 0.0 0.0 0.0 0.0 0.0 0.0 0.0 0.0 0.0 0.0 0.0
23409058.0759 0.0 0.0 0.0 0.0 0.0 0.0 0.0 0.0 0.0 0.0 0.0 0.0 0.0 0.0 0.0 0.0 0.0
25587360.1608 0.0 0.0 0.0 0.0 0.0 0.0 0.0 0.0 0.0 0.0 0.0 0.0 0.0 0.0 0.0 0.0 0.0
27986481.04 0.0 0.0 0.0 0.0 0.0 0.0 0.0 0.0 0.0 0.0 0.0 0.0 0.0 0.0 0.0 0.0 0.0
30596458.7657 0.0 0.0 0.0 0.0 0.0 0.0 0.0 0.0 0.0 0.0 0.0 0.0 0.0 0.0 0.0 0.0 0.0
33457315.4333 0.0 0.0 0.0 0.0 0.0 0.0 0.0 0.0 0.0 0.0 0.0 0.0 0.0 0.0 0.0 0.0 0.0
36579187.3064 0.0 0.0 0.0 0.0 0.0 0.0 0.0 0.0 0.0 0.0 0.0 0.0 0.0 0.0 0.0 0.0 0.0
40002183.6404 0.0 0.0 0.0 0.0 0.0 0.0 0.0 0.0 0.0 0.0 0.0 0.0 0.0 0.0 0.0 0.0 0.0
-----------------------

E[V/m]_diff[m2/s]
N2
NUM_COLUMNS:  17
COL_VALUES:  5.0 10.0 15.0 20.0 25.0 30.0 35.0 40.0 45.0 50.0 55.0 60.0 65.0 70.0 75.0 80.0 85.0
COMMENT: generated by particle_swarm
-----------------------
500002.826392 0.02675 0.02804 0.02995 0.03184 0.03461 0.03783 0.04152 0.04516 0.04902 0.05305 0.05707 0.06047 0.06335 0.06619 0.06847 0.07015 0.07134
531221.54512 0.02669 0.02777 0.02945 0.03155 0.03439 0.03768 0.04118 0.04499 0.04914 0.05264 0.05672 0.06037 0.06374 0.06635 0.06822 0.07016 0.07111
564447.469744 0.0265 0.02761 0.0291 0.0314 0.03436 0.03745 0.04106 0.04491 0.0484 0.05261 0.0564 0.06006 0.06333 0.06612 0.06846 0.07 0.07099
599682.343329 0.02621 0.02726 0.02886 0.0313 0.03396 0.03729 0.04094 0.04463 0.04829 0.05218 0.05624 0.05988 0.06304 0.06559 0.0679 0.06953 0.07071
637224.152791 0.02608 0.0271 0.02886 0.03101 0.03378 0.03695 0.04052 0.04453 0.04825 0.05234 0.05631 0.05961 0.06294 0.06541 0.06757 0.06941 0.07036
676976.764815 0.02576 0.02698 0.02851 0.03077 0.03342 0.03688 0.04037 0.04427 0.04805 0.05196 0.056 0.05943 0.0625 0.06544 0.06761 0.06938 0.07041
719336.914179 0.02572 0.02656 0.02839 0.03055 0.03326 0.0365 0.04033 0.04415 0.04793 0.05175 0.0555 0.05926 0.0622 0.06522 0.06727 0.0691 0.07023
764308.087161 0.02543 0.02663 0.02814 0.0305 0.03319 0.03649 0.04027 0.04367 0.04764 0.05143 0.05515 0.05888 0.06244 0.06465 0.06714 0.06854 0.07016
811989.903201 0.02537 0.02637 0.02814 0.03005 0.03305 0.03629 0.03978 0.04352 0.04724 0.05155 0.05478 0.05864 0.06197 0.06472 0.06719 0.06854 0.06973
862783.454871 0.02526 0.02631 0.02784 0.03032 0.03288 0.03597 0.0394 0.04314 0.04738 0.05091 0.05471 0.05801 0.06142 0.06421 0.06661 0.06834 0.06913
916687.870597 0.02509 0.02619 0.0278 0.03018 0.03263 0.03614 0.03931 0.04342 0.04697 0.051 0.05454 0.0584 0.0611 0.0638 0.06634 0.06786 0.06866
974006.36656 0.02533 0.02614 0.02786 0.02991 0.03276 0.03589 0.03942 0.04289 0.04694 0.05082 0.05456 0.0578 0.06104 0.06351 0.06587 0.06756 0.06864
1034937.31023 0.02503 0.02617 0.02783 0.02986 0.03261 0.03568 0.03916 0.0425 0.04673 0.05035 0.0544 0.05771 0.06058 0.06337 0.0657 0.06742 0.06869
1099185.32964 0.02534 0.02641 0.02793 0.03013 0.03296 0.03564 0.03944 0.04292 0.04654 0.05034 0.05424 0.05741 0.0605 0.06314 0.06538 0.06727 0.06781
1168443.08377 0.02568 0.02675 0.02829 0.03023 0.03284 0.03611 0.03939 0.04313 0.04682 0.05056 0.05398 0.05755 0.06011 0.06284 0.06565 0.06673 0.06799
1240726.89985 0.02609 0.02676 0.02868 0.03077 0.03342 0.0363 0.03997 0.04329 0.04721 0.05075 0.05444 0.05719 0.06027 0.06309 0.06541 0.06659 0.06766
1319014.02949 0.02704 0.02785 0.02926 0.03132 0.03395 0.03687 0.04027 0.04377 0.04724 0.05066 0.05412 0.05727 0.06055 0.0634 0.06517 0.06679 0.06752
1401329.51514 0.02813 0.02866 0.03034 0.03236 0.03483 0.03775 0.04144 0.04434 0.04793 0.05142 0.0548 0.05776 0.06095 0.06333 0.06569 0.06694 0.06784
1488669.55366 0.02935 0.03009 0.03168 0.03384 0.03603 0.03895 0.04198 0.04541 0.04878 0.05214 0.05545 0.0587 0.06116 0.0641 0.06601 0.06738 0.06786
1582021.62122 0.03117 0.03206 0.03342 0.03519 0.03769 0.04012 0.04362 0.04681 0.05005 0.05327 0.05659 0.05943 0.0623 0.06478 0.06649 0.0678 0.06883
1680398.24149 0.03323 0.03376 0.03519 0.03737 0.03972 0.04269 0.04504 0.04824 0.05185 0.05514 0.05754 0.06098 0.06381 0.06597 0.06811 0.0693 0.06965
1785791.80197 0.03606 0.03672 0.03824 0.0397 0.04228 0.04485 0.0476 0.05061 0.05391 0.05725 0.05965 0.06254 0.06541 0.06773 0.06967 0.07095 0.07159
1897223.53981 0.0392 0.04013 0.04085 0.04308 0.04568 0.04752 0.05028 0.05269 0.05626 0.05941 0.06242 0.06522 0.06758 0.06958 0.07135 0.07271 0.07348
2015672.2179 0.04295 0.04379 0.04492 0.04665 0.04861 0.05055 0.05343 0.05658 0.05911 0.06223 0.06508 0.06741 0.06973 0.07176 0.07341 0.0749 0.0754
2142151.4629 0.04706 0.04767 0.04906 0.0507 0.05214 0.05475 0.05729 0.05997 0.06313 0.06554 0.06871 0.07059 0.07277 0.07468 0.0769 0.07833 0.07814
2275656.36466 0.05192 0.05203 0.05324 0.05533 0.05681 0.05919 0.0614 0.06391 0.06625 0.06949 0.07144 0.07414 0.07634 0.07801 0.07997 0.08098 0.0818
2418196.74344 0.05675 0.05687 0.05785 0.05945 0.06118 0.06374 0.06619 0.06818 0.07085 0.07301 0.07586 0.078 0.08002 0.08215 0.08339 0.08439 0.0853
2568776.40327 0.0612 0.06239 0.06284 0.06478 0.06614 0.06824 0.07105 0.07305 0.07513 0.07782 0.07987 0.08203 0.0846 0.08626 0.08749 0.08815 0.08913
2729387.73537 0.06683 0.06763 0.06807 0.06976 0.07109 0.07359 0.07513 0.07774 0.07989 0.08176 0.08475 0.08669 0.08843 0.09093 0.09141 0.09292 0.09295
2900039.4549 0.07204 0.07233 0.07357 0.07491 0.07664 0.0788 0.08046 0.08249 0.08507 0.08711 0.08951 0.09108 0.09353 0.09468 0.09582 0.09742 0.09782
3000417.17933 0.07517 0.07554 0.07634 0.0777 0.07951 0.08151 0.08308 0.08548 0.08734 0.08971 0.09183 0.09422 0.09587 0.09756 0.09858 0.09957 0.1002
3280482.10024 0.08253 0.08339 0.08448 0.08539 0.08721 0.08881 0.09063 0.09269 0.09469 0.09706 0.09904 0.1008 0.1028 0.1047 0.1058 0.1062 0.1072
3586648.54147 0.09029 0.09058 0.09146 0.09284 0.09414 0.09607 0.09782 0.1001 0.102 0.1039 0.1061 0.1082 0.1099 0.1112 0.1125 0.1131 0.1136
3921922.51836 0.09766 0.09803 0.09861 0.1001 0.1013 0.103 0.1048 0.1071 0.1088 0.111 0.1131 0.1148 0.1165 0.1177 0.1189 0.1197 0.1204
4288322.56716 0.1037 0.1042 0.1051 0.1064 0.1077 0.1096 0.1114 0.1129 0.1152 0.1171 0.1194 0.1213 0.1225 0.1247 0.1256 0.1261 0.1266
4688845.98702 0.1102 0.111 0.1114 0.1122 0.114 0.1152 0.118 0.1192 0.1214 0.1233 0.1254 0.1277 0.1294 0.1308 0.1321 0.1332 0.1338
5127512.41929 0.1156 0.1162 0.1164 0.1182 0.12 0.1213 0.1234 0.1252 0.1276 0.1296 0.1316 0.1334 0.1354 0.1367 0.1381 0.1382 0.1397
5606331.6848 0.1203 0.1216 0.1224 0.1236 0.1249 0.1262 0.1292 0.1303 0.1338 0.1352 0.1366 0.1389 0.1409 0.1416 0.1437 0.1446 0.1452
6130328.3346 0.1251 0.1256 0.1273 0.1281 0.1301 0.1323 0.1336 0.1362 0.1379 0.1397 0.1425 0.1447 0.1468 0.1477 0.149 0.1503 0.1503
6702508.38418 0.1308 0.1311 0.1318 0.1324 0.1348 0.1366 0.1386 0.1403 0.1431 0.1463 0.1475 0.15 0.1518 0.1525 0.1549 0.1557 0.1561
7328883.86386 0.1341 0.1353 0.1359 0.1375 0.1391 0.1409 0.1436 0.1458 0.1479 0.1505 0.1532 0.1555 0.1564 0.1596 0.1592 0.161 0.1615
8013491.84563 0.1394 0.1395 0.1402 0.1423 0.1431 0.1468 0.1485 0.1507 0.1528 0.1552 0.1582 0.1597 0.1622 0.1645 0.1646 0.1658 0.1673
8762344.36039 0.1432 0.1439 0.1449 0.1464 0.1488 0.1497 0.1536 0.1561 0.1575 0.1601 0.1641 0.1656 0.1684 0.1687 0.1711 0.1723 0.1732
9580457.24379 0.1474 0.148 0.1496 0.1511 0.1526 0.1557 0.1571 0.1605 0.1624 0.1651 0.1676 0.1706 0.1725 0.1735 0.1763 0.1767 0.1768
10479845.8481 0.1529 0.1526 0.1536 0.155 0.1578 0.1599 0.1612 0.1659 0.1673 0.1694 0.1734 0.1749 0.1765 0.1782 0.1808 0.1821 0.183
11453589.0833 0.158 0.1573 0.1595 0.1604 0.1615 0.164 0.1673 0.1698 0.172 0.1747 0.1769 0.1796 0.1836 0.1862 0.1867 0.187 0.1884
12527683.9041 0.1602 0.1617 0.164 0.164 0.1666 0.1694 0.1726 0.1745 0.177 0.1809 0.1846 0.1864 0.1887 0.1909 0.1912 0.193 0.1958
13692159.6543 0.1651 0.1661 0.169 0.1685 0.1711 0.1762 0.1774 0.1802 0.1818 0.1867 0.1889 0.1916 0.1945 0.1955 0.1977 0.2006 0.2015
14976963.1434 0.1694 0.1697 0.1734 0.1758 0.177 0.1782 0.1837 0.1856 0.1875 0.1916 0.1961 0.1963 0.1996 0.2008 0.2043 0.2056 0.2063
16372306.7709 0.177 0.177 0.1774 0.1801 0.1812 0.185 0.1883 0.1908 0.195 0.1991 0.1989 0.2026 0.2051 0.2082 0.2098 0.213 0.2137
17908076.3903 0.1814 0.182 0.1848 0.1858 0.1898 0.1905 0.1934 0.1974 0.2 0.2035 0.2059 0.2095 0.2134 0.2135 0.2173 0.2192 0.2201
19574484.3099 0.1882 0.19 0.1906 0.1928 0.1932 0.2002 0.1995 0.2044 0.2073 0.2114 0.2141 0.2173 0.2191 0.222 0.2255 0.226 0.2265
21401503.592 0.1944 0.1953 0.1966 0.2007 0.2012 0.2039 0.2065 0.2116 0.2159 0.2179 0.2209 0.2254 0.2267 0.2281 0.2328 0.2325 0.2346
23409058.0759 0.2013 0.2038 0.2053 0.2078 0.2087 0.2152 0.2158 0.2206 0.2235 0.2261 0.2305 0.2315 0.2361 0.2382 0.2389 0.2427 0.2441
25587360.1608 0.2115 0.2094 0.2142 0.2151 0.2164 0.2211 0.2234 0.2277 0.2329 0.2321 0.2388 0.2409 0.2464 0.2468 0.2496 0.2488 0.2523
27986481.04 0.218 0.2227 0.2213 0.2255 0.2285 0.231 0.2314 0.2349 0.2392 0.2449 0.2479 0.253 0.2538 0.2556 0.2573 0.261 0.2611
30596458.7657 0.2293 0.2294 0.2348 0.234 0.2393 0.2422 0.2428 0.2518 0.2479 0.2553 0.2577 0.2592 0.2638 0.2668 0.2666 0.2701 0.2701
33457315.4333 0.2421 0.243 0.2437 0.2519 0.2448 0.252 0.2555 0.2572 0.2613 0.2689 0.2708 0.2743 0.2758 0.2787 0.2813 0.2798 0.2832
36579187.3064 0.2525 0.2557 0.2583 0.2576 0.2604 0.2613 0.2686 0.2718 0.2775 0.282 0.2851 0.2849 0.2902 0.2922 0.2907 0.2936 0.2959
40002183.6404 0.2693 0.2703 0.2701 0.2786 0.2755 0.2831 0.2866 0.283 0.2897 0.2933 0.2956 0.3012 0.3013 0.3047 0.3078 0.3097 0.3087
-----------------------

