E[V/m]_muB[m2/Vs]
N2
NUM_COLUMNS:  17
COL_VALUES:  5.0 10.0 15.0 20.0 25.0 30.0 35.0 40.0 45.0 50.0 55.0 60.0 65.0 70.0 75.0 80.0 85.0
COMMENT: generated by particle_swarm
-----------------------
500002.826392 0.06127 0.06131 0.06155 0.06202 0.06261 0.06299 0.06419 0.06505 0.0661 0.06775 0.06947 0.07142 0.07434 0.07778 0.08205 0.08781 0.0954
531221.54512 0.06015 0.06049 0.06078 0.06103 0.06168 0.06233 0.06312 0.06414 0.06516 0.06679 0.06833 0.07039 0.07331 0.07625 0.08049 0.08567 0.09391
564447.469744 0.0595 0.05971 0.05987 0.06033 0.06092 0.0616 0.06222 0.06302 0.06417 0.06568 0.06745 0.06968 0.07172 0.07492 0.07894 0.08365 0.09148
599682.343329 0.05891 0.05879 0.05919 0.05949 0.06005 0.06073 0.06149 0.06224 0.0634 0.06461 0.06636 0.0683 0.07062 0.07386 0.07757 0.08229 0.08825
637224.152791 0.05794 0.05831 0.05845 0.0587 0.0591 0.05994 0.06039 0.06148 0.06247 0.06407 0.06555 0.06735 0.06984 0.0727 0.07632 0.0812 0.08657
676976.764815 0.05718 0.0572 0.05769 0.05803 0.05847 0.05895 0.05985 0.06077 0.06177 0.06293 0.06446 0.06653 0.0686 0.07164 0.07503 0.07942 0.08561
719336.914179 0.05647 0.05655 0.05696 0.05735 0.05788 0.05845 0.0589 0.0599 0.06107 0.06221 0.06377 0.06568 0.06763 0.07049 0.07411 0.07823 0.0828
764308.087161 0.05584 0.05584 0.05617 0.05656 0.0569 0.0576 0.05829 0.05926 0.06026 0.06121 0.06284 0.06477 0.06691 0.06922 0.07294 0.07699 0.08169
811989.903201 0.05506 0.05544 0.05535 0.05578 0.05616 0.05689 0.05741 0.05851 0.05946 0.06046 0.06214 0.06411 0.0661 0.06866 0.07195 0.07581 0.07947
862783.454871 0.0544 0.05467 0.05489 0.05511 0.05572 0.05604 0.05681 0.05779 0.05875 0.05992 0.06158 0.06304 0.06515 0.06769 0.07069 0.07418 0.07876
916687.870597 0.05374 0.05394 0.05391 0.05441 0.05497 0.05544 0.05612 0.0569 0.05809 0.05916 0.061 0.06234 0.06457 0.06701 0.06989 0.07335 0.07676
974006.36656 0.05296 0.05322 0.0535 0.05378 0.05405 0.05489 0.05544 0.05646 0.05724 0.05859 0.0601 0.06171 0.06377 0.06616 0.06876 0.07247 0.0763
1034937.31023 0.05223 0.05239 0.05275 0.05302 0.05339 0.05398 0.05478 0.05572 0.05674 0.05756 0.05929 0.06108 0.06283 0.06547 0.06828 0.07156 0.07558
1099185.32964 0.05163 0.05175 0.05205 0.05228 0.05293 0.05326 0.05404 0.05509 0.05597 0.05725 0.05861 0.06019 0.06209 0.06445 0.06739 0.07067 0.07498
1168443.08377 0.05097 0.05117 0.05151 0.0517 0.0522 0.05271 0.0533 0.05437 0.05545 0.05652 0.05797 0.05976 0.06172 0.06405 0.06685 0.06974 0.07371
1240726.89985 0.05025 0.05052 0.05066 0.0509 0.05147 0.05205 0.05291 0.05375 0.05454 0.05585 0.05734 0.05886 0.06108 0.06349 0.06637 0.06927 0.07259
1319014.02949 0.04966 0.04974 0.04998 0.05044 0.05079 0.05127 0.052 0.05294 0.0541 0.05521 0.05664 0.05817 0.06042 0.06256 0.06571 0.06854 0.0725
1401329.51514 0.04887 0.04912 0.04925 0.04979 0.05001 0.05069 0.0515 0.05214 0.05325 0.05454 0.05573 0.05772 0.05994 0.06205 0.06511 0.06852 0.07196
1488669.55366 0.04823 0.04843 0.04855 0.04895 0.04941 0.05002 0.0508 0.0516 0.05239 0.05385 0.05551 0.05703 0.05919 0.06119 0.06414 0.06722 0.07118
1582021.62122 0.04743 0.04781 0.04818 0.04836 0.04881 0.04926 0.04999 0.05073 0.05211 0.05299 0.05445 0.05652 0.05851 0.06111 0.06365 0.0673 0.07084
1680398.24149 0.04682 0.04689 0.04738 0.04765 0.04808 0.04873 0.04939 0.05002 0.05113 0.05261 0.05401 0.05586 0.05784 0.0603 0.06331 0.06655 0.07013
1785791.80197 0.04635 0.04653 0.04678 0.04702 0.04745 0.048 0.04868 0.04949 0.05048 0.05183 0.05317 0.05507 0.05732 0.05996 0.06235 0.0658 0.06999
1897223.53981 0.04576 0.04588 0.04614 0.04644 0.04694 0.04741 0.04807 0.04881 0.04987 0.05124 0.05279 0.0543 0.05676 0.0594 0.06201 0.06572 0.06863
2015672.2179 0.045 0.04527 0.04552 0.04583 0.04616 0.04673 0.04758 0.04832 0.04915 0.05051 0.05201 0.05369 0.05603 0.05875 0.06119 0.0647 0.06938
2142151.4629 0.04457 0.04472 0.0448 0.04529 0.04567 0.04608 0.04682 0.04755 0.04858 0.0498 0.05125 0.05319 0.05527 0.05763 0.06079 0.06435 0.06908
2275656.36466 0.04403 0.04409 0.04437 0.04465 0.04485 0.0455 0.04617 0.04694 0.04786 0.04913 0.05065 0.05204 0.05443 0.05703 0.06063 0.06446 0.06728
2418196.74344 0.04355 0.04362 0.04369 0.04412 0.0446 0.04489 0.04549 0.04634 0.04713 0.04821 0.04982 0.05161 0.05386 0.05636 0.05952 0.06332 0.06725
2568776.40327 0.04312 0.04317 0.04327 0.04356 0.04406 0.04436 0.04498 0.04567 0.04649 0.04768 0.04904 0.05092 0.05313 0.05575 0.05893 0.06291 0.06588
2729387.73537 0.04254 0.04263 0.04272 0.04306 0.04341 0.04395 0.04428 0.04504 0.04595 0.04691 0.04848 0.05016 0.05211 0.0547 0.05833 0.06212 0.06604
2900039.4549 0.04216 0.04228 0.04239 0.04261 0.04294 0.04329 0.0439 0.04452 0.04519 0.04633 0.04781 0.04937 0.05145 0.05409 0.05761 0.06107 0.06523
3000417.17933 0.04198 0.04205 0.04213 0.04238 0.0428 0.04313 0.04346 0.04424 0.0451 0.04592 0.04736 0.04888 0.05083 0.05374 0.05675 0.06128 0.06472
3280482.10024 0.04124 0.04136 0.04146 0.0417 0.04203 0.04243 0.04284 0.04337 0.04425 0.04515 0.0463 0.04789 0.0498 0.05246 0.05555 0.05947 0.06354
3586648.54147 0.04066 0.04076 0.04091 0.04111 0.04139 0.04173 0.04215 0.04269 0.04333 0.04424 0.04527 0.0468 0.04861 0.05093 0.05443 0.05852 0.06186
3921922.51836 0.04007 0.04019 0.04032 0.04053 0.04074 0.04108 0.04146 0.04196 0.0426 0.04334 0.04442 0.04566 0.04746 0.04981 0.05305 0.05665 0.06006
4288322.56716 0.03954 0.03955 0.03981 0.03987 0.0402 0.04048 0.04079 0.04131 0.04184 0.0426 0.04354 0.04476 0.04623 0.04856 0.05107 0.05498 0.05959
4688845.98702 0.03896 0.03898 0.0391 0.03928 0.03952 0.03977 0.04015 0.04061 0.04114 0.04178 0.04261 0.04374 0.04507 0.04705 0.04994 0.05286 0.05752
5127512.41929 0.03832 0.0384 0.03862 0.0387 0.03891 0.03919 0.03956 0.03999 0.04044 0.04112 0.04183 0.04284 0.04405 0.04589 0.04822 0.05113 0.05464
5606331.6848 0.03773 0.03786 0.03798 0.03816 0.03836 0.03866 0.03893 0.03931 0.0398 0.04036 0.04114 0.04198 0.04308 0.04457 0.04665 0.04942 0.05259
6130328.3346 0.0372 0.03729 0.03738 0.03744 0.03764 0.03798 0.03829 0.03876 0.03914 0.03975 0.04028 0.04116 0.04212 0.04354 0.04544 0.04771 0.05065
6702508.38418 0.03651 0.03654 0.03678 0.03683 0.03713 0.03735 0.03764 0.03811 0.03844 0.03902 0.03964 0.04031 0.04119 0.04232 0.04408 0.04606 0.0489
7328883.86386 0.03589 0.036 0.03609 0.03618 0.03645 0.0367 0.03699 0.03737 0.0378 0.03826 0.03894 0.03956 0.04035 0.04141 0.04297 0.04464 0.04666
8013491.84563 0.03528 0.03519 0.03535 0.03567 0.03573 0.03602 0.03637 0.03666 0.03709 0.03762 0.03812 0.03889 0.0397 0.04052 0.04162 0.04323 0.0452
8762344.36039 0.03459 0.03468 0.0348 0.03495 0.03511 0.0354 0.03572 0.03612 0.03647 0.03717 0.03748 0.0381 0.03875 0.03959 0.0406 0.042 0.04389
9580457.24379 0.03391 0.03394 0.03409 0.03422 0.0344 0.03467 0.03505 0.03541 0.03576 0.03624 0.03666 0.03742 0.038 0.03885 0.03975 0.041 0.04217
10479845.8481 0.03318 0.03322 0.03348 0.03357 0.03377 0.03387 0.03429 0.03458 0.03498 0.0354 0.03607 0.03652 0.03732 0.03787 0.03881 0.03989 0.04116
11453589.0833 0.03258 0.03257 0.0326 0.03295 0.03313 0.03332 0.03357 0.03399 0.03429 0.03474 0.03525 0.03572 0.03648 0.03713 0.03764 0.03865 0.03937
12527683.9041 0.03175 0.03194 0.03191 0.03211 0.03237 0.03272 0.0329 0.03317 0.03357 0.03403 0.03448 0.03495 0.03559 0.03636 0.03681 0.03778 0.03891
13692159.6543 0.03113 0.03113 0.03129 0.03134 0.0316 0.03183 0.0321 0.03251 0.03268 0.03339 0.03366 0.03439 0.03478 0.0355 0.03621 0.0368 0.03755
14976963.1434 0.03044 0.03039 0.03059 0.03072 0.03082 0.031 0.03127 0.03169 0.03203 0.03246 0.03295 0.03352 0.03409 0.03454 0.035 0.03583 0.03661
16372306.7709 0.02975 0.02972 0.02975 0.03011 0.0302 0.03045 0.03062 0.03082 0.03128 0.03171 0.03228 0.03282 0.03322 0.03371 0.03439 0.03457 0.03497
17908076.3903 0.02892 0.02897 0.0291 0.02925 0.02941 0.02964 0.02987 0.03012 0.03039 0.03101 0.03136 0.03169 0.0325 0.03305 0.03301 0.03364 0.03449
19574484.3099 0.02824 0.02826 0.02833 0.0285 0.02868 0.02897 0.02903 0.0294 0.02974 0.03001 0.03051 0.03101 0.03147 0.0321 0.03274 0.03289 0.03352
21401503.592 0.02738 0.02755 0.02762 0.02769 0.02797 0.02813 0.02841 0.02856 0.02892 0.0293 0.0298 0.0301 0.03066 0.03147 0.0317 0.03205 0.03277
23409058.0759 0.02675 0.02685 0.02685 0.02707 0.02722 0.02739 0.02758 0.02782 0.02819 0.02836 0.029 0.02936 0.02983 0.03039 0.03083 0.0311 0.03157
25587360.1608 0.02606 0.02609 0.02615 0.02626 0.0264 0.02656 0.02684 0.02707 0.02737 0.02763 0.02803 0.02857 0.02883 0.02939 0.02953 0.02996 0.03035
27986481.04 0.02537 0.0254 0.02545 0.02562 0.02569 0.02582 0.02611 0.0263 0.0266 0.02686 0.02733 0.02768 0.02803 0.02844 0.02883 0.02931 0.0289
30596458.7657 0.02465 0.0247 0.02476 0.02489 0.02502 0.02522 0.02535 0.02563 0.02583 0.02614 0.02658 0.02683 0.02712 0.02759 0.02777 0.02808 0.02841
33457315.4333 0.024 0.024 0.02411 0.02418 0.02429 0.02454 0.02462 0.02487 0.02507 0.02534 0.02561 0.02603 0.0264 0.02652 0.02708 0.02741 0.02796
36579187.3064 0.02333 0.02336 0.02346 0.02346 0.02362 0.02371 0.02401 0.02414 0.02436 0.02463 0.02482 0.02515 0.02555 0.02594 0.02624 0.02644 0.0271
40002183.6404 0.0227 0.02272 0.0228 0.02289 0.02302 0.02307 0.02329 0.02347 0.02367 0.02388 0.02416 0.02458 0.02472 0.02503 0.02531 0.02602 0.0256
-----------------------

E[V/m]_muxB[m2/Vs]
N2
NUM_COLUMNS:  17
COL_VALUES:  5.0 10.0 15.0 20.0 25.0 30.0 35.0 40.0 45.0 50.0 55.0 60.0 65.0 70.0 75.0 80.0 85.0
COMMENT: generated by particle_swarm
-----------------------
500002.826392 0.009989 0.009649 0.008881 0.008856 0.008833 0.008687 0.008949 0.008703 0.008517 0.008471 0.008366 0.008155 0.007852 0.007574 0.007242 0.006874 0.006537
531221.54512 0.007462 0.009663 0.008985 0.009296 0.009035 0.009105 0.00892 0.00873 0.008701 0.008513 0.00849 0.00828 0.008034 0.007747 0.007389 0.007065 0.006729
564447.469744 0.008161 0.00881 0.009429 0.009171 0.009147 0.009157 0.008869 0.008876 0.008733 0.008782 0.008439 0.008386 0.008025 0.007797 0.007503 0.007113 0.006848
599682.343329 0.008871 0.00945 0.009426 0.009446 0.009177 0.009047 0.00903 0.008991 0.008983 0.008823 0.008439 0.008411 0.008165 0.00789 0.007702 0.007275 0.007012
637224.152791 0.008605 0.008947 0.009196 0.009608 0.009074 0.009094 0.009131 0.009111 0.008977 0.008887 0.008691 0.008428 0.008279 0.007968 0.007701 0.007386 0.00711
676976.764815 0.008159 0.009935 0.009425 0.009553 0.009514 0.009347 0.009107 0.009126 0.008908 0.00899 0.00858 0.008507 0.008366 0.008025 0.007816 0.007472 0.007159
719336.914179 0.01035 0.009677 0.009304 0.009341 0.0095 0.009456 0.009398 0.009348 0.009217 0.009033 0.008955 0.008589 0.008453 0.008192 0.007955 0.007596 0.007308
764308.087161 0.009073 0.009833 0.009434 0.009548 0.009578 0.009517 0.009297 0.009401 0.009144 0.009081 0.009026 0.008753 0.008499 0.00825 0.008094 0.007785 0.007417
811989.903201 0.01106 0.009825 0.009675 0.009505 0.009647 0.009456 0.009428 0.009204 0.009262 0.009101 0.008909 0.008718 0.00862 0.00839 0.008064 0.00782 0.007541
862783.454871 0.008706 0.01025 0.009802 0.01011 0.009622 0.009753 0.009456 0.009454 0.00929 0.009313 0.009144 0.008941 0.008668 0.00838 0.008146 0.00792 0.007675
916687.870597 0.008774 0.009259 0.009804 0.009707 0.009903 0.009669 0.009494 0.009447 0.009399 0.009181 0.009179 0.008863 0.008772 0.00849 0.008296 0.00799 0.007742
974006.36656 0.01106 0.00975 0.01017 0.009817 0.009668 0.009845 0.009746 0.009655 0.009472 0.009429 0.009264 0.009125 0.008787 0.008587 0.008351 0.008055 0.007817
1034937.31023 0.008579 0.01008 0.01018 0.01006 0.009874 0.009889 0.009767 0.009589 0.009532 0.009351 0.009315 0.009099 0.00893 0.008706 0.008433 0.008143 0.007901
1099185.32964 0.009072 0.009042 0.009979 0.009992 0.009922 0.01007 0.009827 0.009713 0.009563 0.009545 0.009321 0.009202 0.009002 0.008695 0.008445 0.008233 0.008021
1168443.08377 0.009421 0.01034 0.01024 0.01027 0.01008 0.01012 0.009989 0.009976 0.009652 0.009525 0.009342 0.009269 0.008985 0.008856 0.008537 0.008289 0.008043
1240726.89985 0.01098 0.01041 0.01039 0.01032 0.0103 0.01015 0.01003 0.009781 0.009942 0.009677 0.009515 0.009275 0.009151 0.008862 0.00858 0.008336 0.008144
1319014.02949 0.01109 0.01104 0.01052 0.0102 0.01031 0.01006 0.01005 0.01001 0.009877 0.009695 0.009529 0.00936 0.009085 0.008934 0.008677 0.008409 0.008131
1401329.51514 0.01058 0.01037 0.009938 0.01055 0.01002 0.01035 0.009899 0.01011 0.009994 0.009755 0.009725 0.009489 0.009268 0.009048 0.00875 0.008454 0.008246
1488669.55366 0.009898 0.0105 0.01036 0.0107 0.01021 0.01033 0.0102 0.01019 0.01013 0.009906 0.009855 0.009559 0.009259 0.009131 0.008819 0.008567 0.008251
1582021.62122 0.01038 0.01049 0.01055 0.01016 0.01033 0.01034 0.01042 0.01027 0.01005 0.009949 0.00981 0.009656 0.009354 0.009105 0.008942 0.008552 0.008268
1680398.24149 0.009474 0.01041 0.01064 0.01065 0.01052 0.01046 0.01033 0.01031 0.0102 0.01004 0.009847 0.009744 0.009455 0.009191 0.008929 0.008603 0.008344
1785791.80197 0.00986 0.01039 0.01056 0.01066 0.01053 0.01052 0.01037 0.01036 0.01018 0.01014 0.009864 0.009789 0.009481 0.009275 0.008991 0.00869 0.00844
1897223.53981 0.0101 0.01013 0.01067 0.01076 0.01064 0.01056 0.01036 0.01042 0.01035 0.0101 0.01 0.00979 0.009568 0.009268 0.009057 0.008734 0.00849
2015672.2179 0.01097 0.01084 0.01094 0.01083 0.01066 0.01058 0.01069 0.01055 0.01043 0.01028 0.01005 0.009872 0.009626 0.009401 0.009086 0.008757 0.008525
2142151.4629 0.01041 0.01084 0.01065 0.01087 0.0108 0.01067 0.01046 0.01052 0.01038 0.01035 0.01024 0.009922 0.009809 0.009418 0.009145 0.008866 0.008532
2275656.36466 0.01066 0.01084 0.01054 0.0108 0.01098 0.01083 0.0107 0.01058 0.01057 0.01039 0.01032 0.009949 0.00984 0.009437 0.009204 0.008873 0.008597
2418196.74344 0.01191 0.01132 0.01097 0.01101 0.01086 0.01076 0.01081 0.01075 0.01048 0.0104 0.01027 0.01007 0.009834 0.009603 0.009308 0.00895 0.008666
2568776.40327 0.01102 0.01088 0.01107 0.01085 0.01107 0.01087 0.01079 0.01066 0.01056 0.01054 0.01027 0.01014 0.009954 0.009642 0.009308 0.00902 0.008726
2729387.73537 0.01048 0.01095 0.01093 0.01109 0.0109 0.01088 0.01085 0.01078 0.01064 0.01052 0.01037 0.01023 0.009981 0.009682 0.009456 0.00907 0.008771
2900039.4549 0.01079 0.01092 0.01105 0.01091 0.01104 0.0111 0.0108 0.01067 0.01071 0.0106 0.01042 0.01029 0.01003 0.009769 0.009424 0.009157 0.008848
3000417.17933 0.01089 0.01091 0.01106 0.01109 0.01093 0.01093 0.01096 0.01079 0.01077 0.01065 0.0105 0.01031 0.01008 0.009839 0.009546 0.009245 0.008846
3280482.10024 0.01105 0.01121 0.01107 0.01104 0.01106 0.011 0.01104 0.01082 0.01084 0.01064 0.01054 0.01046 0.01025 0.009926 0.009636 0.0093 0.008977
3586648.54147 0.01112 0.0111 0.01124 0.01109 0.01106 0.01106 0.01102 0.01096 0.01082 0.01081 0.01071 0.01054 0.01027 0.01005 0.009762 0.009448 0.009152
3921922.51836 0.01126 0.01117 0.01113 0.01114 0.01116 0.0111 0.0111 0.01097 0.01098 0.01088 0.01073 0.01062 0.01036 0.01019 0.009917 0.009593 0.009277
4288322.56716 0.01151 0.01118 0.01122 0.01124 0.01112 0.01114 0.0111 0.01109 0.01102 0.01095 0.0108 0.01073 0.01047 0.01029 0.01005 0.009668 0.009407
4688845.98702 0.01144 0.01127 0.01123 0.01119 0.01131 0.01119 0.0112 0.01112 0.01106 0.01102 0.01091 0.01078 0.01062 0.01042 0.01018 0.009873 0.009587
5127512.41929 0.01137 0.01135 0.0113 0.0114 0.01136 0.01129 0.01124 0.01126 0.01111 0.01106 0.01097 0.01087 0.01073 0.01055 0.01033 0.01001 0.009735
5606331.6848 0.01184 0.01168 0.01142 0.01138 0.01134 0.01134 0.01126 0.01129 0.0112 0.01116 0.01108 0.01095 0.01086 0.01066 0.01043 0.01019 0.009939
6130328.3346 0.01155 0.01161 0.01143 0.01143 0.01149 0.01138 0.01135 0.01133 0.0113 0.01118 0.01111 0.01103 0.0109 0.01077 0.01056 0.01034 0.01012
6702508.38418 0.01151 0.01155 0.0114 0.01154 0.01138 0.01143 0.01143 0.01139 0.01133 0.01127 0.0112 0.0111 0.01102 0.01087 0.01072 0.01051 0.01029
7328883.86386 0.01267 0.01155 0.01137 0.01175 0.01159 0.01156 0.01152 0.01142 0.01139 0.01131 0.01129 0.01122 0.01107 0.01097 0.01085 0.01066 0.01046
8013491.84563 0.01126 0.01144 0.01148 0.0117 0.01149 0.01155 0.01161 0.01154 0.0115 0.0114 0.01139 0.01129 0.01121 0.01108 0.01096 0.0108 0.01061
8762344.36039 0.01236 0.01199 0.01154 0.01176 0.01185 0.01159 0.01165 0.01159 0.01153 0.01144 0.01139 0.01138 0.01133 0.01122 0.01107 0.01095 0.0108
9580457.24379 0.01119 0.01181 0.01153 0.01189 0.01176 0.01175 0.01162 0.01164 0.01166 0.01163 0.01151 0.01145 0.01138 0.01129 0.01118 0.01105 0.01093
10479845.8481 0.01229 0.01181 0.01186 0.01168 0.01193 0.01188 0.01174 0.01167 0.01173 0.0117 0.01156 0.01157 0.01149 0.01137 0.01131 0.01118 0.01111
11453589.0833 0.0123 0.01185 0.01203 0.01213 0.01196 0.01189 0.01193 0.01176 0.01182 0.01178 0.01179 0.01163 0.01157 0.01149 0.01142 0.01129 0.0112
12527683.9041 0.01227 0.01199 0.01209 0.01198 0.0121 0.01195 0.01191 0.01189 0.01193 0.0118 0.01182 0.01166 0.01167 0.01155 0.01152 0.01144 0.01136
13692159.6543 0.01252 0.01171 0.01218 0.01218 0.01215 0.01213 0.01198 0.01202 0.01194 0.01191 0.01185 0.01182 0.01175 0.01171 0.01163 0.01159 0.01148
14976963.1434 0.01293 0.0122 0.0124 0.01241 0.01232 0.01228 0.01216 0.01207 0.01208 0.01202 0.01197 0.01192 0.01186 0.01178 0.01171 0.01166 0.01159
16372306.7709 0.01231 0.01205 0.01223 0.01212 0.01216 0.01229 0.01201 0.0122 0.01204 0.01207 0.01201 0.01203 0.01195 0.01187 0.01184 0.01172 0.01176
17908076.3903 0.01233 0.01238 0.01229 0.01233 0.01227 0.01231 0.01239 0.01227 0.0122 0.01211 0.01213 0.01209 0.01204 0.01194 0.0119 0.01191 0.01178
19574484.3099 0.01251 0.01238 0.01245 0.01246 0.01245 0.01247 0.01221 0.01235 0.01221 0.0123 0.01219 0.01219 0.01209 0.01205 0.012 0.01197 0.01196
21401503.592 0.01258 0.01248 0.01249 0.01246 0.01251 0.01241 0.01241 0.01239 0.01232 0.01232 0.01228 0.01224 0.01216 0.01214 0.0121 0.01205 0.012
23409058.0759 0.01242 0.01227 0.01277 0.01253 0.01254 0.01252 0.01239 0.01245 0.01237 0.01235 0.01234 0.01226 0.01231 0.01215 0.0122 0.01214 0.01215
25587360.1608 0.01282 0.01237 0.01263 0.01261 0.01257 0.01248 0.01247 0.01253 0.01248 0.0124 0.01236 0.01237 0.01239 0.01229 0.01224 0.01223 0.01223
27986481.04 0.01219 0.01265 0.01241 0.01252 0.01257 0.01262 0.01243 0.0126 0.01253 0.01251 0.01248 0.01246 0.01233 0.01236 0.01234 0.01229 0.01231
30596458.7657 0.01275 0.01252 0.01273 0.01255 0.01259 0.01256 0.01255 0.01264 0.0125 0.01256 0.01248 0.01249 0.01241 0.01245 0.0124 0.01239 0.01239
33457315.4333 0.01195 0.01235 0.01263 0.01256 0.01259 0.01257 0.01262 0.01257 0.01257 0.01258 0.01255 0.01247 0.01247 0.01247 0.01242 0.01244 0.01243
36579187.3064 0.01316 0.01248 0.01262 0.01254 0.0126 0.0126 0.01261 0.01255 0.01257 0.01253 0.01253 0.01256 0.01247 0.01248 0.01247 0.01248 0.01248
40002183.6404 0.01307 0.01269 0.01259 0.0125 0.01263 0.01259 0.01263 0.0126 0.01257 0.01254 0.01259 0.01256 0.01253 0.01255 0.01251 0.0125 0.01248
-----------------------

E[V/m]_muExB[m2/Vs]
N2
NUM_COLUMNS:  17
COL_VALUES:  5.0 10.0 15.0 20.0 25.0 30.0 35.0 40.0 45.0 50.0 55.0 60.0 65.0 70.0 75.0 80.0 85.0
COMMENT: generated by particle_swarm
-----------------------
500002.826392 0.02138 0.02015 0.02054 0.02078 0.02069 0.02089 0.02107 0.02106 0.02131 0.02127 0.02163 0.02165 0.02187 0.02216 0.02237 0.02269 0.02295
531221.54512 0.02094 0.02018 0.02026 0.02064 0.02067 0.0208 0.02094 0.02079 0.02114 0.0212 0.02146 0.0216 0.02177 0.02211 0.02228 0.0226 0.0228
564447.469744 0.01993 0.02023 0.02085 0.02045 0.02067 0.02041 0.02078 0.02088 0.02106 0.02119 0.02146 0.02146 0.02167 0.02199 0.02222 0.02248 0.02277
599682.343329 0.02069 0.02075 0.02027 0.0204 0.02062 0.02047 0.02084 0.02088 0.02089 0.02111 0.02117 0.02138 0.02162 0.02187 0.02214 0.02242 0.02263
637224.152791 0.02117 0.01984 0.02046 0.02002 0.02022 0.02033 0.02055 0.02069 0.02074 0.02092 0.02107 0.02122 0.02155 0.02182 0.02202 0.0223 0.02251
676976.764815 0.01939 0.02031 0.02035 0.02015 0.02013 0.02015 0.02037 0.02056 0.02065 0.0209 0.02101 0.02117 0.02142 0.02168 0.02194 0.0222 0.02239
719336.914179 0.02011 0.01915 0.02003 0.02016 0.02015 0.02018 0.02045 0.02044 0.0206 0.02061 0.02092 0.02106 0.02127 0.02155 0.02185 0.02216 0.02232
764308.087161 0.01967 0.02013 0.01988 0.02037 0.01991 0.01991 0.02006 0.02037 0.02032 0.02055 0.02074 0.0209 0.02115 0.02144 0.02173 0.022 0.02225
811989.903201 0.0193 0.01946 0.01942 0.01972 0.01971 0.02002 0.01997 0.02 0.02029 0.0205 0.02065 0.02075 0.02108 0.02141 0.02161 0.02184 0.02213
862783.454871 0.01937 0.01843 0.01947 0.01978 0.01985 0.01983 0.02007 0.01999 0.02015 0.02024 0.02059 0.02084 0.02097 0.02127 0.02151 0.02181 0.02206
916687.870597 0.01904 0.01922 0.01996 0.01938 0.01961 0.01973 0.01985 0.01987 0.02001 0.02031 0.02038 0.02069 0.02083 0.02114 0.02142 0.02172 0.02199
974006.36656 0.01855 0.01961 0.0192 0.01928 0.01981 0.01946 0.0196 0.01986 0.02001 0.02011 0.02029 0.02055 0.02073 0.02109 0.02131 0.02162 0.02183
1034937.31023 0.01868 0.01912 0.01909 0.01907 0.0195 0.01949 0.01963 0.0197 0.01992 0.02003 0.02029 0.02045 0.02068 0.02092 0.0212 0.02151 0.02175
1099185.32964 0.01905 0.01874 0.01882 0.01899 0.01908 0.01917 0.01937 0.01965 0.01969 0.01989 0.02007 0.02031 0.02052 0.02093 0.02116 0.0214 0.02167
1168443.08377 0.0186 0.01908 0.01858 0.01862 0.01925 0.01929 0.01925 0.01953 0.0196 0.01983 0.02002 0.02025 0.02051 0.02083 0.02106 0.02131 0.0216
1240726.89985 0.01859 0.01843 0.01872 0.01868 0.01877 0.01889 0.01913 0.0193 0.01949 0.01955 0.01991 0.0201 0.02035 0.02066 0.02097 0.02121 0.02148
1319014.02949 0.01809 0.01803 0.01841 0.01888 0.01877 0.01881 0.01903 0.01907 0.01934 0.01962 0.01985 0.01995 0.0203 0.02057 0.02083 0.02112 0.02135
1401329.51514 0.01814 0.01803 0.01832 0.01849 0.01862 0.01893 0.01887 0.01914 0.01917 0.01935 0.01955 0.01989 0.02013 0.02041 0.02073 0.02106 0.02133
1488669.55366 0.01807 0.01854 0.01851 0.01834 0.01843 0.01864 0.01884 0.01899 0.01912 0.01937 0.0195 0.0198 0.02 0.02038 0.02063 0.02097 0.02123
1582021.62122 0.0186 0.01831 0.01804 0.01854 0.01819 0.01847 0.01871 0.01879 0.01898 0.01901 0.01937 0.01957 0.01982 0.02024 0.02051 0.02093 0.02116
1680398.24149 0.01708 0.01857 0.01795 0.01816 0.01833 0.01858 0.01855 0.01871 0.01886 0.01897 0.01927 0.01946 0.01977 0.0201 0.02048 0.02079 0.02107
1785791.80197 0.01813 0.01814 0.01802 0.01808 0.0181 0.01818 0.01831 0.01865 0.01862 0.01892 0.01918 0.01933 0.0197 0.02006 0.02036 0.02076 0.02097
1897223.53981 0.01796 0.01794 0.0177 0.01795 0.01789 0.01806 0.01827 0.01826 0.01847 0.01883 0.01892 0.01921 0.01948 0.01983 0.02023 0.02059 0.02088
2015672.2179 0.01807 0.01801 0.01807 0.01809 0.01792 0.018 0.01811 0.01823 0.01842 0.01863 0.01897 0.01912 0.01944 0.01978 0.02013 0.02045 0.02086
2142151.4629 0.01737 0.01788 0.0181 0.01784 0.0178 0.01788 0.01803 0.01824 0.01837 0.01857 0.01875 0.01902 0.01937 0.01966 0.02002 0.02038 0.02072
2275656.36466 0.01848 0.01827 0.01748 0.01769 0.0178 0.01788 0.018 0.01806 0.01828 0.01847 0.01872 0.01896 0.01914 0.01951 0.01989 0.0203 0.0206
2418196.74344 0.01869 0.01739 0.01752 0.01779 0.01786 0.01791 0.01789 0.018 0.0181 0.01816 0.0185 0.01876 0.01906 0.01946 0.0198 0.02021 0.02052
2568776.40327 0.01775 0.01774 0.01755 0.01777 0.01768 0.01788 0.01771 0.01796 0.01807 0.01817 0.01842 0.01863 0.01896 0.01938 0.0197 0.02008 0.02042
2729387.73537 0.01768 0.01763 0.01757 0.01752 0.01759 0.01764 0.01779 0.01775 0.01802 0.01821 0.01831 0.01861 0.01882 0.0192 0.01961 0.01997 0.02035
2900039.4549 0.01726 0.01745 0.0177 0.01781 0.0176 0.01762 0.01767 0.01777 0.01787 0.01802 0.01825 0.01852 0.01881 0.01911 0.01949 0.01983 0.02024
3000417.17933 0.01831 0.01756 0.01752 0.01747 0.01747 0.01763 0.01769 0.0178 0.01801 0.01807 0.01826 0.01839 0.01874 0.01903 0.01943 0.01977 0.02016
3280482.10024 0.01771 0.01732 0.01751 0.01752 0.01757 0.01755 0.0176 0.01767 0.01791 0.01797 0.01813 0.01837 0.01854 0.01889 0.0193 0.01962 0.02006
3586648.54147 0.01743 0.01752 0.01746 0.01733 0.01749 0.01754 0.01753 0.01772 0.01776 0.01789 0.01799 0.0182 0.01841 0.01877 0.01906 0.01945 0.01986
3921922.51836 0.01734 0.01728 0.01727 0.01738 0.01739 0.01745 0.01753 0.01759 0.01766 0.01781 0.01797 0.01808 0.01837 0.01862 0.01893 0.01929 0.01969
4288322.56716 0.01707 0.01723 0.01719 0.01729 0.01728 0.01739 0.01745 0.0175 0.01765 0.01773 0.01789 0.01806 0.01825 0.01858 0.01884 0.01923 0.01956
4688845.98702 0.01689 0.01711 0.01731 0.01723 0.0173 0.01728 0.01744 0.01746 0.01758 0.01767 0.0178 0.01796 0.01814 0.0184 0.01867 0.01901 0.01936
5127512.41929 0.01723 0.01713 0.01687 0.01703 0.01726 0.01729 0.01727 0.01742 0.01747 0.01759 0.0177 0.01785 0.01807 0.01826 0.01853 0.01886 0.01917
5606331.6848 0.01678 0.01689 0.01702 0.01708 0.01706 0.01715 0.01721 0.01733 0.01738 0.01749 0.01761 0.01775 0.01794 0.01815 0.01837 0.01866 0.01894
6130328.3346 0.01698 0.01644 0.01674 0.01671 0.01697 0.01716 0.01712 0.01721 0.01729 0.01741 0.0175 0.01764 0.01782 0.01802 0.01824 0.01851 0.01877
6702508.38418 0.01638 0.01655 0.01682 0.01668 0.01681 0.01691 0.017 0.01707 0.01717 0.01728 0.01743 0.01754 0.01769 0.0179 0.01809 0.01832 0.01857
7328883.86386 0.01616 0.01639 0.01653 0.01652 0.01694 0.01685 0.01675 0.01698 0.01697 0.01714 0.01724 0.01737 0.01757 0.01771 0.01792 0.01817 0.01837
8013491.84563 0.01586 0.01644 0.01661 0.01627 0.01668 0.01667 0.01662 0.01672 0.01688 0.01707 0.01706 0.01724 0.01742 0.01758 0.01776 0.01795 0.01817
8762344.36039 0.01659 0.01593 0.01656 0.01647 0.0164 0.01655 0.01653 0.01663 0.01676 0.01676 0.01699 0.01712 0.01725 0.01739 0.01758 0.01779 0.01795
9580457.24379 0.01655 0.01632 0.01607 0.01608 0.01611 0.01645 0.01632 0.0165 0.01656 0.01656 0.01685 0.01695 0.01706 0.01723 0.01743 0.0176 0.01773
10479845.8481 0.01554 0.01574 0.01592 0.0159 0.01598 0.01614 0.01619 0.01619 0.01635 0.01651 0.01657 0.01669 0.01691 0.01704 0.01717 0.01736 0.01752
11453589.0833 0.01552 0.01507 0.01576 0.01593 0.01572 0.0158 0.01594 0.01603 0.01612 0.01623 0.01636 0.0165 0.01664 0.01686 0.01698 0.01714 0.01726
12527683.9041 0.01515 0.01563 0.01542 0.01565 0.01558 0.01574 0.01562 0.01577 0.01594 0.01601 0.01618 0.01633 0.01652 0.0166 0.01677 0.01695 0.01702
13692159.6543 0.01527 0.01541 0.01524 0.01529 0.01517 0.01544 0.01549 0.01555 0.01579 0.01585 0.01587 0.01609 0.01627 0.01641 0.01655 0.01668 0.01676
14976963.1434 0.01423 0.01485 0.01506 0.01504 0.01514 0.01511 0.01525 0.01534 0.01535 0.0156 0.01574 0.01584 0.01597 0.01613 0.01632 0.01646 0.0165
16372306.7709 0.01409 0.01436 0.01471 0.01488 0.01464 0.0149 0.01498 0.01509 0.01526 0.01534 0.01546 0.01563 0.01574 0.01586 0.01607 0.01617 0.01623
17908076.3903 0.01445 0.01419 0.01433 0.0146 0.01464 0.01456 0.01475 0.01484 0.01493 0.0151 0.01521 0.01531 0.01548 0.01563 0.01574 0.01585 0.01595
19574484.3099 0.0142 0.01404 0.01406 0.01406 0.01417 0.01424 0.01438 0.01448 0.01464 0.01473 0.0149 0.01502 0.01521 0.01535 0.01547 0.01557 0.01563
21401503.592 0.01409 0.01401 0.01382 0.01398 0.01383 0.01415 0.01419 0.0142 0.01435 0.01444 0.01472 0.01476 0.0149 0.01503 0.01512 0.01527 0.01533
23409058.0759 0.01371 0.01363 0.01347 0.01356 0.01362 0.01363 0.01384 0.01387 0.01403 0.01414 0.01424 0.0144 0.01452 0.01474 0.01485 0.01491 0.01501
25587360.1608 0.01308 0.01322 0.01321 0.01312 0.01334 0.01343 0.01346 0.01365 0.01371 0.01379 0.01394 0.01409 0.0142 0.0144 0.01447 0.01459 0.01469
27986481.04 0.01281 0.01281 0.0126 0.01305 0.01291 0.01306 0.01318 0.01327 0.01337 0.01351 0.01359 0.01371 0.01387 0.01401 0.01413 0.01428 0.01428
30596458.7657 0.01242 0.01252 0.01259 0.01275 0.01261 0.01271 0.01279 0.01289 0.013 0.0131 0.01322 0.0134 0.01352 0.01362 0.01374 0.01386 0.01394
33457315.4333 0.01196 0.01219 0.01215 0.01221 0.01231 0.01239 0.01248 0.01254 0.0126 0.01272 0.0129 0.01298 0.01317 0.01331 0.01343 0.01347 0.01356
36579187.3064 0.01145 0.01183 0.01191 0.01173 0.01196 0.01203 0.01209 0.01222 0.01225 0.01239 0.01248 0.01262 0.01277 0.01294 0.01301 0.01309 0.01317
40002183.6404 0.01139 0.01138 0.01128 0.01146 0.01161 0.01164 0.01179 0.01184 0.01196 0.01201 0.01213 0.01228 0.01237 0.01246 0.01262 0.01271 0.01279
-----------------------

E[V/m]_alpha[1/m]
N2
NUM_COLUMNS:  17
COL_VALUES:  5.0 10.0 15.0 20.0 25.0 30.0 35.0 40.0 45.0 50.0 55.0 60.0 65.0 70.0 75.0 80.0 85.0
COMMENT: generated by particle_swarm
-----------------------
500002.826392 0.0 0.0 0.0 0.0 0.0 0.0 0.0 0.0 0.0 0.0 0.0 0.0 0.0 0.0 0.0 0.0 0.0
531221.54512 0.0 0.0 0.0 0.0 0.0 0.0 0.0 0.0 0.0 0.0 0.0 0.0 0.0 0.0 0.0 0.0 0.0
564447.469744 0.0 0.0 0.0 0.0 0.0 0.0 0.0 0.0 0.0 0.0 0.0 0.0 0.0 0.0 0.0 0.0 0.0
599682.343329 0.0 0.0 0.0 0.0 0.0 0.0 0.0 0.0 0.0 0.0 0.0 0.0 0.0 0.0 0.0 0.0 0.0
637224.152791 0.0 0.0 0.0 0.0 0.0 0.0 0.0 0.0 0.0 0.0 0.0 0.0 0.0 0.0 0.0 0.0 0.0
676976.764815 0.0 0.0 0.0 0.0 0.0 0.0 0.0 0.0 0.0 0.0 0.0 0.0 0.0 0.0 0.0 0.0 0.0
719336.914179 0.0 0.0 0.0 0.0 0.0 0.0 0.0 0.0 0.0 0.0 0.0 0.0 0.0 0.0 0.0 0.0 0.0
764308.087161 0.0 0.0 0.0 0.0 0.0 0.0 0.0 0.0 0.0 0.0 0.0 0.0 0.0 0.0 0.0 0.0 0.0
811989.903201 0.0 0.0 0.0 0.0 0.0 0.0 0.0 0.0 0.0 0.0 0.0 0.0 0.0 0.0 0.0 0.0 0.0
862783.454871 0.0 0.0 0.0 0.0 0.0 0.0 0.0 0.0 0.0 0.0 0.0 0.0 0.0 0.0 0.0 0.0 0.0
916687.870597 0.0 0.0 0.0 0.0 0.0 0.0 0.0 0.0 0.0 0.0 0.0 0.0 0.0 0.0 0.0 0.0 0.0
974006.36656 0.0 0.0 0.0 0.0 0.0 0.0 0.0 0.0 0.0 0.0 0.0 0.0 0.0 0.0 0.0 0.0 0.0
1034937.31023 0.0 0.0 0.0 0.0 0.0 0.0 0.0 0.0 0.0 0.0 0.0 0.0 0.0 0.0 0.0 0.0 0.0
1099185.32964 0.0 0.007645 0.0 0.0 0.0 0.0 0.0 0.0 0.02021 0.0 0.0 0.0 0.0 0.0 0.0 0.0 0.0
1168443.08377 0.0 0.0 0.0 0.0 0.0 0.0 0.0 0.0 0.0 0.0 0.0 0.0 0.0 0.0 0.0 0.0 0.0
1240726.89985 0.0 0.0 0.0 0.01054 0.0003385 0.0 0.0 0.0 0.0 0.0 0.0 0.0 0.0 0.0 0.0 0.0 0.0
1319014.02949 0.05767 0.1243 0.03767 0.1071 0.05006 0.2524 0.02743 0.0 0.0 0.0 0.0 0.0 0.0 0.0 0.0 0.0 0.0
1401329.51514 0.3672 0.4172 0.1007 0.1784 0.4949 0.1453 0.08805 0.0 0.0 0.003829 0.0 0.002974 0.0 0.0 0.0 0.0 0.0
1488669.55366 0.8386 0.7626 1.159 0.3162 1.408 0.9253 0.02392 0.009002 0.0206 0.0 0.0 0.0 0.0 0.0 0.0 0.0 0.0
1582021.62122 2.873 3.463 1.063 2.915 0.872 0.4449 0.4511 0.1267 0.01625 0.003306 0.0 0.0 0.0 0.0 0.0 0.0 0.0
1680398.24149 4.423 2.897 2.342 3.245 2.53 2.42 0.48 1.52 0.6114 0.1786 0.0 0.02455 0.0 0.0 0.0 0.0 0.0
1785791.80197 8.322 11.41 9.123 4.611 7.723 3.008 0.8973 2.023 0.2593 0.0496 0.2429 0.0 0.0 0.0 0.0 0.0 0.008293
1897223.53981 20.84 22.63 16.39 11.71 9.466 6.932 2.823 2.178 0.989 0.1615 0.0535 0.001128 0.0 0.009527 0.01028 0.0 0.00196
2015672.2179 25.93 33.46 27.5 26.55 16.07 10.24 7.901 10.51 2.78 1.253 0.4023 0.2615 0.1077 0.00776 0.144 0.0 0.0
2142151.4629 57.24 58.95 48.95 37.22 31.15 22.47 13.29 9.305 3.886 2.365 1.386 0.7804 0.06953 0.07064 0.1067 0.02837 0.03162
2275656.36466 90.19 93.11 84.37 77.96 45.45 41.34 28.34 15.2 10.66 6.184 2.105 1.613 0.6273 0.08713 0.9438 0.05532 0.1247
2418196.74344 157.9 166.5 138.2 122.0 94.91 69.48 56.76 29.31 21.33 9.835 5.385 2.331 2.16 0.4462 0.9575 0.1314 0.2582
2568776.40327 273.6 231.4 220.0 193.5 147.0 125.1 83.73 58.27 39.02 24.69 13.56 7.32 3.265 2.02 0.4841 1.211 0.3119
2729387.73537 398.4 367.0 358.0 287.5 225.7 204.5 143.0 111.1 71.4 42.05 21.65 13.18 7.059 2.751 2.678 0.7787 1.328
2900039.4549 594.3 578.2 507.5 474.9 402.5 311.2 242.0 163.1 110.4 76.69 46.55 26.26 14.44 8.069 5.147 2.852 1.812
3000417.17933 747.4 725.4 656.6 557.2 473.4 390.8 303.0 226.9 165.1 94.39 61.8 32.06 23.22 11.74 5.823 2.447 3.723
3280482.10024 1295.0 1237.0 1134.0 1010.0 868.9 724.3 550.4 438.8 317.7 219.2 127.9 92.4 49.76 24.48 18.69 8.837 10.15
3586648.54147 2111.0 2029.0 1883.0 1712.0 1476.0 1262.0 1003.0 770.8 572.2 404.5 281.2 175.9 113.6 78.09 44.18 29.26 23.1
3921922.51836 3343.0 3198.0 2976.0 2750.0 2393.0 2046.0 1690.0 1340.0 1040.0 738.8 527.6 348.2 251.2 144.3 103.7 78.66 50.74
4288322.56716 5036.0 4864.0 4603.0 4182.0 3737.0 3255.0 2712.0 2213.0 1722.0 1310.0 950.4 642.5 442.7 305.9 210.0 155.3 107.7
4688845.98702 7422.0 7181.0 6766.0 6212.0 5635.0 4990.0 4217.0 3479.0 2797.0 2159.0 1624.0 1169.0 810.9 576.8 416.5 302.9 264.4
5127512.41929 10600.0 10320.0 9799.0 9107.0 8210.0 7384.0 6371.0 5246.0 4289.0 3415.0 2627.0 1933.0 1411.0 1031.0 762.3 606.5 500.4
5606331.6848 14800.0 14250.0 13620.0 12860.0 11700.0 10470.0 9154.0 7730.0 6414.0 5220.0 4120.0 3141.0 2380.0 1759.0 1355.0 1053.0 898.6
6130328.3346 20090.0 19520.0 18670.0 17560.0 16080.0 14560.0 12850.0 11160.0 9492.0 7650.0 6206.0 4843.0 3740.0 2895.0 2265.0 1822.0 1570.0
6702508.38418 26940.0 26120.0 25010.0 23840.0 21930.0 19830.0 17710.0 15540.0 13130.0 11060.0 9092.0 7314.0 5758.0 4527.0 3643.0 3011.0 2636.0
7328883.86386 35240.0 34190.0 33160.0 31230.0 28990.0 26530.0 24080.0 21240.0 18200.0 15400.0 12900.0 10440.0 8469.0 6880.0 5561.0 4699.0 4153.0
8013491.84563 45190.0 44230.0 42840.0 40460.0 38100.0 35500.0 31630.0 28400.0 24930.0 21270.0 17920.0 14760.0 12110.0 10080.0 8408.0 7170.0 6433.0
8762344.36039 57630.0 56260.0 54540.0 52200.0 48690.0 45690.0 41240.0 37200.0 32910.0 28230.0 24180.0 20440.0 17130.0 14200.0 12110.0 10540.0 9470.0
9580457.24379 71490.0 70270.0 68490.0 65320.0 61900.0 57620.0 52820.0 48110.0 42570.0 37250.0 32300.0 27680.0 23570.0 20110.0 17060.0 14880.0 13780.0
10479845.8481 88970.0 87720.0 84670.0 80890.0 77380.0 72220.0 66350.0 61180.0 54440.0 48120.0 42360.0 36870.0 31740.0 26910.0 23560.0 21190.0 19440.0
11453589.0833 107900.0 106200.0 103700.0 100100.0 94950.0 89620.0 83930.0 76460.0 68970.0 61900.0 54750.0 47540.0 41730.0 36230.0 32140.0 28630.0 26610.0
12527683.9041 131200.0 128300.0 125300.0 120300.0 116100.0 108900.0 102600.0 94440.0 86180.0 77610.0 68870.0 60650.0 54010.0 47270.0 42360.0 38470.0 36110.0
13692159.6543 155600.0 153000.0 150500.0 145400.0 139700.0 132400.0 124000.0 114700.0 104900.0 96030.0 86070.0 76990.0 68290.0 60890.0 55050.0 50880.0 47360.0
14976963.1434 183400.0 181800.0 178000.0 172200.0 165700.0 158500.0 149000.0 138600.0 129600.0 118000.0 106700.0 96530.0 85810.0 77940.0 70720.0 64860.0 61710.0
16372306.7709 214100.0 211600.0 207200.0 202600.0 195200.0 186600.0 176500.0 165500.0 154700.0 142800.0 129900.0 117800.0 106700.0 97050.0 88720.0 82740.0 79080.0
17908076.3903 248800.0 247300.0 241000.0 235500.0 228700.0 218200.0 208500.0 197400.0 184400.0 170000.0 157300.0 143300.0 131000.0 120800.0 110900.0 104500.0 99790.0
19574484.3099 287200.0 284600.0 277800.0 271900.0 264500.0 253900.0 242300.0 231500.0 216100.0 204100.0 186200.0 172700.0 158800.0 145500.0 136900.0 128400.0 124100.0
21401503.592 325400.0 323400.0 318200.0 311200.0 302700.0 291300.0 280500.0 266500.0 251600.0 236500.0 221000.0 205200.0 190200.0 177900.0 166400.0 157000.0 151300.0
23409058.0759 367800.0 364900.0 360800.0 354000.0 344100.0 335000.0 320600.0 307000.0 292300.0 276400.0 258600.0 241800.0 225900.0 211400.0 198300.0 190200.0 184700.0
25587360.1608 413100.0 410000.0 403300.0 397900.0 389900.0 378300.0 364600.0 349700.0 335400.0 319100.0 299100.0 281700.0 266100.0 249100.0 236900.0 227000.0 219900.0
27986481.04 459600.0 458600.0 452600.0 443900.0 435600.0 425400.0 410800.0 397100.0 380700.0 363100.0 344400.0 325500.0 307100.0 291400.0 278800.0 267600.0 261200.0
30596458.7657 510000.0 507800.0 502600.0 492300.0 483300.0 473200.0 460800.0 445200.0 428300.0 410500.0 388800.0 372200.0 355900.0 339000.0 324100.0 314200.0 305300.0
33457315.4333 560200.0 557000.0 551700.0 545300.0 534300.0 524700.0 508500.0 494600.0 479600.0 459000.0 441800.0 422900.0 403200.0 386800.0 373200.0 360600.0 355400.0
36579187.3064 611600.0 610700.0 601600.0 597300.0 587100.0 576000.0 562800.0 548400.0 531600.0 513300.0 493700.0 475800.0 457400.0 439400.0 425300.0 414000.0 408600.0
40002183.6404 664700.0 660800.0 655400.0 648700.0 638700.0 630200.0 615100.0 599000.0 586400.0 567600.0 549300.0 530400.0 511800.0 495500.0 481700.0 468000.0 460700.0
-----------------------

E[V/m]_eta[1/m]
N2
NUM_COLUMNS:  17
COL_VALUES:  5.0 10.0 15.0 20.0 25.0 30.0 35.0 40.0 45.0 50.0 55.0 60.0 65.0 70.0 75.0 80.0 85.0
COMMENT: generated by particle_swarm
-----------------------
500002.826392 0.0 0.0 0.0 0.0 0.0 0.0 0.0 0.0 0.0 0.0 0.0 0.0 0.0 0.0 0.0 0.0 0.0
531221.54512 0.0 0.0 0.0 0.0 0.0 0.0 0.0 0.0 0.0 0.0 0.0 0.0 0.0 0.0 0.0 0.0 0.0
564447.469744 0.0 0.0 0.0 0.0 0.0 0.0 0.0 0.0 0.0 0.0 0.0 0.0 0.0 0.0 0.0 0.0 0.0
599682.343329 0.0 0.0 0.0 0.0 0.0 0.0 0.0 0.0 0.0 0.0 0.0 0.0 0.0 0.0 0.0 0.0 0.0
637224.152791 0.0 0.0 0.0 0.0 0.0 0.0 0.0 0.0 0.0 0.0 0.0 0.0 0.0 0.0 0.0 0.0 0.0
676976.764815 0.0 0.0 0.0 0.0 0.0 0.0 0.0 0.0 0.0 0.0 0.0 0.0 0.0 0.0 0.0 0.0 0.0
719336.914179 0.0 0.0 0.0 0.0 0.0 0.0 0.0 0.0 0.0 0.0 0.0 0.0 0.0 0.0 0.0 0.0 0.0
764308.087161 0.0 0.0 0.0 0.0 0.0 0.0 0.0 0.0 0.0 0.0 0.0 0.0 0.0 0.0 0.0 0.0 0.0
811989.903201 0.0 0.0 0.0 0.0 0.0 0.0 0.0 0.0 0.0 0.0 0.0 0.0 0.0 0.0 0.0 0.0 0.0
862783.454871 0.0 0.0 0.0 0.0 0.0 0.0 0.0 0.0 0.0 0.0 0.0 0.0 0.0 0.0 0.0 0.0 0.0
916687.870597 0.0 0.0 0.0 0.0 0.0 0.0 0.0 0.0 0.0 0.0 0.0 0.0 0.0 0.0 0.0 0.0 0.0
974006.36656 0.0 0.0 0.0 0.0 0.0 0.0 0.0 0.0 0.0 0.0 0.0 0.0 0.0 0.0 0.0 0.0 0.0
1034937.31023 0.0 0.0 0.0 0.0 0.0 0.0 0.0 0.0 0.0 0.0 0.0 0.0 0.0 0.0 0.0 0.0 0.0
1099185.32964 0.0 0.0 0.0 0.0 0.0 0.0 0.0 0.0 0.0 0.0 0.0 0.0 0.0 0.0 0.0 0.0 0.0
1168443.08377 0.0 0.0 0.0 0.0 0.0 0.0 0.0 0.0 0.0 0.0 0.0 0.0 0.0 0.0 0.0 0.0 0.0
1240726.89985 0.0 0.0 0.0 0.0 0.0 0.0 0.0 0.0 0.0 0.0 0.0 0.0 0.0 0.0 0.0 0.0 0.0
1319014.02949 0.0 0.0 0.0 0.0 0.0 0.0 0.0 0.0 0.0 0.0 0.0 0.0 0.0 0.0 0.0 0.0 0.0
1401329.51514 0.0 0.0 0.0 0.0 0.0 0.0 0.0 0.0 0.0 0.0 0.0 0.0 0.0 0.0 0.0 0.0 0.0
1488669.55366 0.0 0.0 0.0 0.0 0.0 0.0 0.0 0.0 0.0 0.0 0.0 0.0 0.0 0.0 0.0 0.0 0.0
1582021.62122 0.0 0.0 0.0 0.0 0.0 0.0 0.0 0.0 0.0 0.0 0.0 0.0 0.0 0.0 0.0 0.0 0.0
1680398.24149 0.0 0.0 0.0 0.0 0.0 0.0 0.0 0.0 0.0 0.0 0.0 0.0 0.0 0.0 0.0 0.0 0.0
1785791.80197 0.0 0.0 0.0 0.0 0.0 0.0 0.0 0.0 0.0 0.0 0.0 0.0 0.0 0.0 0.0 0.0 0.0
1897223.53981 0.0 0.0 0.0 0.0 0.0 0.0 0.0 0.0 0.0 0.0 0.0 0.0 0.0 0.0 0.0 0.0 0.0
2015672.2179 0.0 0.0 0.0 0.0 0.0 0.0 0.0 0.0 0.0 0.0 0.0 0.0 0.0 0.0 0.0 0.0 0.0
2142151.4629 0.0 0.0 0.0 0.0 0.0 0.0 0.0 0.0 0.0 0.0 0.0 0.0 0.0 0.0 0.0 0.0 0.0
2275656.36466 0.0 0.0 0.0 0.0 0.0 0.0 0.0 0.0 0.0 0.0 0.0 0.0 0.0 0.0 0.0 0.0 0.0
2418196.74344 0.0 0.0 0.0 0.0 0.0 0.0 0.0 0.0 0.0 0.0 0.0 0.0 0.0 0.0 0.0 0.0 0.0
2568776.40327 0.0 0.0 0.0 0.0 0.0 0.0 0.0 0.0 0.0 0.0 0.0 0.0 0.0 0.0 0.0 0.0 0.0
2729387.73537 0.0 0.0 0.0 0.0 0.0 0.0 0.0 0.0 0.0 0.0 0.0 0.0 0.0 0.0 0.0 0.0 0.0
2900039.4549 0.0 0.0 0.0 0.0 0.0 0.0 0.0 0.0 0.0 0.0 0.0 0.0 0.0 0.0 0.0 0.0 0.0
3000417.17933 0.0 0.0 0.0 0.0 0.0 0.0 0.0 0.0 0.0 0.0 0.0 0.0 0.0 0.0 0.0 0.0 0.0
3280482.10024 0.0 0.0 0.0 0.0 0.0 0.0 0.0 0.0 0.0 0.0 0.0 0.0 0.0 0.0 0.0 0.0 0.0
3586648.54147 0.0 0.0 0.0 0.0 0.0 0.0 0.0 0.0 0.0 0.0 0.0 0.0 0.0 0.0 0.0 0.0 0.0
3921922.51836 0.0 0.0 0.0 0.0 0.0 0.0 0.0 0.0 0.0 0.0 0.0 0.0 0.0 0.0 0.0 0.0 0.0
4288322.56716 0.0 0.0 0.0 0.0 0.0 0.0 0.0 0.0 0.0 0.0 0.0 0.0 0.0 0.0 0.0 0.0 0.0
4688845.98702 0.0 0.0 0.0 0.0 0.0 0.0 0.0 0.0 0.0 0.0 0.0 0.0 0.0 0.0 0.0 0.0 0.0
5127512.41929 0.0 0.0 0.0 0.0 0.0 0.0 0.0 0.0 0.0 0.0 0.0 0.0 0.0 0.0 0.0 0.0 0.0
5606331.6848 0.0 0.0 0.0 0.0 0.0 0.0 0.0 0.0 0.0 0.0 0.0 0.0 0.0 0.0 0.0 0.0 0.0
6130328.3346 0.0 0.0 0.0 0.0 0.0 0.0 0.0 0.0 0.0 0.0 0.0 0.0 0.0 0.0 0.0 0.0 0.0
6702508.38418 0.0 0.0 0.0 0.0 0.0 0.0 0.0 0.0 0.0 0.0 0.0 0.0 0.0 0.0 0.0 0.0 0.0
7328883.86386 0.0 0.0 0.0 0.0 0.0 0.0 0.0 0.0 0.0 0.0 0.0 0.0 0.0 0.0 0.0 0.0 0.0
8013491.84563 0.0 0.0 0.0 0.0 0.0 0.0 0.0 0.0 0.0 0.0 0.0 0.0 0.0 0.0 0.0 0.0 0.0
8762344.36039 0.0 0.0 0.0 0.0 0.0 0.0 0.0 0.0 0.0 0.0 0.0 0.0 0.0 0.0 0.0 0.0 0.0
9580457.24379 0.0 0.0 0.0 0.0 0.0 0.0 0.0 0.0 0.0 0.0 0.0 0.0 0.0 0.0 0.0 0.0 0.0
10479845.8481 0.0 0.0 0.0 0.0 0.0 0.0 0.0 0.0 0.0 0.0 0.0 0.0 0.0 0.0 0.0 0.0 0.0
11453589.0833 0.0 0.0 0.0 0.0 0.0 0.0 0.0 0.0 0.0 0.0 0.0 0.0 0.0 0.0 0.0 0.0 0.0
12527683.9041 0.0 0.0 0.0 0.0 0.0 0.0 0.0 0.0 0.0 0.0 0.0 0.0 0.0 0.0 0.0 0.0 0.0
13692159.6543 0.0 0.0 0.0 0.0 0.0 0.0 0.0 0.0 0.0 0.0 0.0 0.0 0.0 0.0 0.0 0.0 0.0
14976963.1434 0.0 0.0 0.0 0.0 0.0 0.0 0.0 0.0 0.0 0.0 0.0 0.0 0.0 0.0 0.0 0.0 0.0
16372306.7709 0.0 0.0 0.0 0.0 0.0 0.0 0.0 0.0 0.0 0.0 0.0 0.0 0.0 0.0 0.0 0.0 0.0
17908076.3903 0.0 0.0 0.0 0.0 0.0 0.0 0.0 0.0 0.0 0.0 0.0 0.0 0.0 0.0 0.0 0.0 0.0
19574484.3099 0.0 0.0 0.0 0.0 0.0 0.0 0.0 0.0 0.0 0.0 0.0 0.0 0.0 0.0 0.0 0.0 0.0
21401503.592 0.0 0.0 0.0 0.0 0.0 0.0 0.0 0.0 0.0 0.0 0.0 0.0 0.0 0.0 0.0 0.0 0.0
23409058.0759 0.0 0.0 0.0 0.0 0.0 0.0 0.0 0.0 0.0 0.0 0.0 0.0 0.0 0.0 0.0 0.0 0.0
25587360.1608 0.0 0.0 0.0 0.0 0.0 0.0 0.0 0.0 0.0 0.0 0.0 0.0 0.0 0.0 0.0 0.0 0.0
27986481.04 0.0 0.0 0.0 0.0 0.0 0.0 0.0 0.0 0.0 0.0 0.0 0.0 0.0 0.0 0.0 0.0 0.0
30596458.7657 0.0 0.0 0.0 0.0 0.0 0.0 0.0 0.0 0.0 0.0 0.0 0.0 0.0 0.0 0.0 0.0 0.0
33457315.4333 0.0 0.0 0.0 0.0 0.0 0.0 0.0 0.0 0.0 0.0 0.0 0.0 0.0 0.0 0.0 0.0 0.0
36579187.3064 0.0 0.0 0.0 0.0 0.0 0.0 0.0 0.0 0.0 0.0 0.0 0.0 0.0 0.0 0.0 0.0 0.0
40002183.6404 0.0 0.0 0.0 0.0 0.0 0.0 0.0 0.0 0.0 0.0 0.0 0.0 0.0 0.0 0.0 0.0 0.0
-----------------------

E[V/m]_diff[m2/s]
N2
NUM_COLUMNS:  17
COL_VALUES:  5.0 10.0 15.0 20.0 25.0 30.0 35.0 40.0 45.0 50.0 55.0 60.0 65.0 70.0 75.0 80.0 85.0
COMMENT: generated by particle_swarm
-----------------------
500002.826392 0.02669 0.02671 0.02699 0.02725 0.02766 0.02783 0.02839 0.02913 0.02998 0.03087 0.03236 0.03414 0.03648 0.03958 0.04441 0.05106 0.06044
531221.54512 0.02637 0.0265 0.02675 0.02693 0.02747 0.02775 0.02828 0.02899 0.02954 0.03102 0.03231 0.03383 0.03648 0.03945 0.04443 0.0513 0.06126
564447.469744 0.026 0.02627 0.02637 0.0267 0.02724 0.02729 0.02783 0.02854 0.02952 0.03053 0.03173 0.03386 0.03641 0.0397 0.04414 0.05139 0.06186
599682.343329 0.02621 0.02585 0.02607 0.02637 0.02661 0.02692 0.02754 0.02841 0.02946 0.03027 0.03174 0.03344 0.03609 0.03956 0.04445 0.05188 0.06207
637224.152791 0.02568 0.02595 0.02609 0.02619 0.02665 0.02702 0.0274 0.02805 0.02897 0.03023 0.03118 0.03339 0.03594 0.03963 0.04433 0.05201 0.06252
676976.764815 0.02554 0.02561 0.02596 0.02596 0.02638 0.02683 0.0273 0.02803 0.02869 0.03004 0.03133 0.03311 0.03555 0.03951 0.04449 0.05227 0.06275
719336.914179 0.0253 0.0255 0.02563 0.02602 0.02594 0.02667 0.02709 0.02768 0.02845 0.02967 0.03085 0.03286 0.03531 0.03895 0.04403 0.05237 0.06266
764308.087161 0.02522 0.02519 0.02554 0.02554 0.02586 0.0266 0.02694 0.02749 0.02861 0.02939 0.03078 0.03283 0.0352 0.03876 0.04434 0.05226 0.06325
811989.903201 0.02506 0.02508 0.02529 0.02537 0.02579 0.02605 0.02655 0.02766 0.02805 0.02913 0.0307 0.03273 0.03533 0.03893 0.04417 0.0527 0.06357
862783.454871 0.02504 0.02484 0.02536 0.02539 0.02573 0.02606 0.02668 0.027 0.02809 0.02903 0.0305 0.03221 0.03494 0.03891 0.04405 0.05231 0.06351
916687.870597 0.02503 0.02506 0.02499 0.02539 0.02567 0.02564 0.02645 0.0269 0.0278 0.02915 0.0305 0.03203 0.03498 0.03826 0.04383 0.05236 0.0637
974006.36656 0.02508 0.02493 0.02541 0.02527 0.02546 0.02608 0.0262 0.02695 0.028 0.02873 0.03009 0.03207 0.03481 0.03848 0.04411 0.05297 0.06364
1034937.31023 0.02482 0.02497 0.02508 0.02524 0.02552 0.02568 0.02622 0.02678 0.02754 0.02832 0.03007 0.03218 0.0345 0.03864 0.04396 0.05225 0.06371
1099185.32964 0.02493 0.02497 0.02513 0.02524 0.02515 0.02574 0.02614 0.02685 0.02756 0.02799 0.02987 0.03171 0.03409 0.03798 0.04391 0.0523 0.06374
1168443.08377 0.02521 0.02532 0.02556 0.02538 0.02566 0.02596 0.02624 0.02691 0.02727 0.02831 0.02977 0.03187 0.0343 0.03833 0.04376 0.05241 0.06414
1240726.89985 0.026 0.02559 0.02578 0.02572 0.02589 0.02608 0.02608 0.02674 0.02726 0.02832 0.02977 0.03162 0.03442 0.03805 0.04365 0.05198 0.06424
1319014.02949 0.02682 0.02619 0.02636 0.02657 0.02658 0.0266 0.02643 0.02695 0.02745 0.02821 0.02993 0.03141 0.03383 0.03772 0.04366 0.05214 0.06378
1401329.51514 0.02762 0.02753 0.0273 0.02718 0.027 0.02699 0.02686 0.0273 0.02771 0.02871 0.02957 0.03139 0.03411 0.03772 0.04317 0.05223 0.06343
1488669.55366 0.02899 0.02871 0.02873 0.02849 0.02778 0.0275 0.02755 0.02764 0.02774 0.02855 0.02954 0.03145 0.03401 0.03773 0.04345 0.05174 0.06364
1582021.62122 0.03103 0.03081 0.03009 0.03019 0.02934 0.02868 0.02831 0.02847 0.02832 0.02866 0.03002 0.03167 0.03375 0.03757 0.04323 0.05155 0.06365
1680398.24149 0.03253 0.03237 0.03198 0.0319 0.03058 0.03026 0.02954 0.02908 0.02899 0.02972 0.03017 0.03141 0.03389 0.03756 0.04264 0.05131 0.06302
1785791.80197 0.03559 0.03552 0.0344 0.03386 0.03324 0.03179 0.03129 0.03039 0.02995 0.03013 0.03053 0.03182 0.03402 0.0374 0.04296 0.05175 0.06338
1897223.53981 0.03901 0.0387 0.03807 0.03666 0.03531 0.03461 0.03332 0.03211 0.03149 0.03151 0.0316 0.03247 0.03434 0.03785 0.0432 0.05157 0.06316
2015672.2179 0.04205 0.04186 0.04125 0.04026 0.0386 0.03715 0.03608 0.03488 0.03314 0.03238 0.03222 0.0332 0.03479 0.03792 0.043 0.05147 0.06307
2142151.4629 0.04649 0.04591 0.04494 0.04404 0.04263 0.04055 0.039 0.03689 0.03554 0.03431 0.03345 0.0339 0.03509 0.03835 0.04329 0.05174 0.06308
2275656.36466 0.051 0.05065 0.05019 0.04791 0.04574 0.04473 0.04218 0.04018 0.03822 0.03654 0.03519 0.03512 0.03588 0.03842 0.04363 0.05206 0.06321
2418196.74344 0.05574 0.05509 0.05377 0.05304 0.05145 0.04853 0.04628 0.04393 0.04081 0.03906 0.0376 0.03682 0.03719 0.03961 0.04411 0.05233 0.06277
2568776.40327 0.06102 0.06029 0.05891 0.05754 0.0557 0.0534 0.05086 0.04811 0.04523 0.04299 0.04014 0.03889 0.03907 0.04076 0.0446 0.05278 0.06337
2729387.73537 0.06606 0.06519 0.06376 0.0629 0.06075 0.05921 0.05544 0.05226 0.04944 0.04613 0.04349 0.04203 0.04077 0.04191 0.04594 0.0528 0.06366
2900039.4549 0.07166 0.07165 0.07 0.0683 0.06624 0.06373 0.06062 0.05719 0.05372 0.05076 0.04713 0.04401 0.04326 0.04414 0.04703 0.05358 0.06436
3000417.17933 0.07488 0.07401 0.07287 0.07132 0.06986 0.06691 0.06348 0.06037 0.0563 0.05287 0.0493 0.04662 0.04486 0.04499 0.04749 0.05396 0.06475
3280482.10024 0.08216 0.08159 0.08042 0.07907 0.07745 0.07492 0.07164 0.06831 0.06481 0.06026 0.0562 0.05237 0.05022 0.04863 0.05064 0.05655 0.06587
3586648.54147 0.08991 0.08938 0.08837 0.08694 0.08518 0.08241 0.07961 0.07628 0.0723 0.06829 0.06381 0.05927 0.05634 0.05407 0.05522 0.059 0.06809
3921922.51836 0.09706 0.09649 0.09538 0.09418 0.09219 0.09008 0.08744 0.08416 0.08083 0.07597 0.07165 0.06742 0.06326 0.06007 0.06023 0.0639 0.07099
4288322.56716 0.1036 0.103 0.1025 0.1008 0.09966 0.09727 0.09499 0.09205 0.08857 0.0845 0.08022 0.07524 0.0704 0.06719 0.06602 0.06808 0.07469
4688845.98702 0.109 0.1087 0.1079 0.107 0.1056 0.104 0.1017 0.09939 0.09581 0.09223 0.08809 0.08335 0.07855 0.07516 0.07259 0.07337 0.07997
5127512.41929 0.1155 0.1146 0.114 0.1132 0.1117 0.1101 0.1086 0.1058 0.103 0.09983 0.09604 0.0916 0.08682 0.08272 0.08054 0.08045 0.08544
5606331.6848 0.1206 0.1197 0.1195 0.1191 0.1177 0.1165 0.1141 0.1117 0.11 0.107 0.1037 0.09969 0.09548 0.0911 0.08809 0.08792 0.09139
6130328.3346 0.1255 0.1252 0.1244 0.1237 0.1222 0.1217 0.1199 0.1188 0.1158 0.1139 0.1103 0.1068 0.1029 0.09908 0.09608 0.09535 0.09824
6702508.38418 0.1306 0.1295 0.1279 0.1283 0.1275 0.1265 0.1257 0.1238 0.1225 0.1205 0.1173 0.1135 0.1105 0.1069 0.1041 0.1029 0.105
7328883.86386 0.1345 0.1344 0.1341 0.1324 0.1323 0.1313 0.1295 0.1289 0.1277 0.1254 0.124 0.121 0.1174 0.1147 0.1123 0.1106 0.1123
8013491.84563 0.1389 0.1372 0.1384 0.1376 0.1374 0.1366 0.1351 0.1341 0.1332 0.1315 0.1295 0.1272 0.1245 0.1222 0.1197 0.1189 0.1197
8762344.36039 0.1444 0.1434 0.1424 0.1415 0.1411 0.141 0.1397 0.1397 0.1383 0.1377 0.1352 0.1337 0.1311 0.1292 0.1267 0.1257 0.1273
9580457.24379 0.1462 0.1467 0.1459 0.1466 0.1461 0.145 0.1431 0.1447 0.1424 0.1407 0.14 0.1404 0.1375 0.136 0.1338 0.1334 0.1342
10479845.8481 0.1517 0.1513 0.1519 0.1507 0.1502 0.1504 0.1497 0.1478 0.1462 0.1465 0.1448 0.1446 0.1438 0.1416 0.1418 0.1408 0.1408
11453589.0833 0.1574 0.1563 0.1546 0.1562 0.1554 0.1532 0.1541 0.1523 0.1528 0.1526 0.1508 0.1506 0.1499 0.1488 0.148 0.1473 0.1481
12527683.9041 0.1602 0.1609 0.1602 0.1582 0.1587 0.1616 0.1582 0.1575 0.1582 0.1579 0.1555 0.1556 0.156 0.1555 0.1554 0.1538 0.1543
13692159.6543 0.1656 0.164 0.1661 0.1646 0.1646 0.1642 0.1661 0.1641 0.1625 0.1633 0.1621 0.1607 0.1611 0.1599 0.1601 0.1614 0.1614
14976963.1434 0.1705 0.17 0.1703 0.1709 0.1689 0.1694 0.1678 0.1666 0.1693 0.1674 0.1679 0.167 0.1679 0.1668 0.1677 0.1679 0.168
16372306.7709 0.1752 0.173 0.1739 0.1748 0.174 0.1752 0.1741 0.1743 0.1741 0.173 0.1739 0.173 0.1733 0.1736 0.1748 0.1758 0.174
17908076.3903 0.181 0.1815 0.1779 0.1804 0.1802 0.1798 0.1793 0.18 0.1792 0.1779 0.1804 0.1797 0.181 0.1816 0.1804 0.1812 0.184
19574484.3099 0.189 0.1882 0.1886 0.1891 0.1853 0.1884 0.1846 0.1895 0.187 0.1867 0.1844 0.1867 0.1868 0.1875 0.1909 0.1903 0.1892
21401503.592 0.1928 0.1942 0.1929 0.1924 0.1945 0.1929 0.1925 0.1923 0.1927 0.1918 0.1942 0.1938 0.1942 0.1966 0.1958 0.1967 0.1969
23409058.0759 0.2019 0.2021 0.2 0.2027 0.202 0.2014 0.1992 0.1991 0.1991 0.2011 0.2006 0.2021 0.2025 0.203 0.2021 0.2046 0.2054
25587360.1608 0.2092 0.2104 0.2095 0.2048 0.2072 0.2089 0.2088 0.2085 0.2087 0.2088 0.2082 0.2106 0.2086 0.2106 0.2105 0.2142 0.2143
27986481.04 0.2218 0.2183 0.2179 0.2168 0.2179 0.2159 0.2192 0.2177 0.2181 0.2166 0.2177 0.217 0.2175 0.2187 0.221 0.2219 0.2224
30596458.7657 0.2299 0.2295 0.2298 0.2292 0.2259 0.2278 0.2246 0.227 0.2266 0.2244 0.2252 0.2255 0.2274 0.2281 0.2284 0.2302 0.2306
33457315.4333 0.243 0.2416 0.241 0.2391 0.2398 0.2403 0.2339 0.2399 0.2381 0.2337 0.238 0.2383 0.2365 0.2388 0.2381 0.2401 0.2398
36579187.3064 0.2545 0.2537 0.2556 0.2556 0.2512 0.2479 0.2511 0.2502 0.2481 0.2473 0.2491 0.2497 0.2471 0.2495 0.2508 0.2506 0.2533
40002183.6404 0.2698 0.2697 0.2709 0.2685 0.2652 0.2644 0.266 0.2644 0.263 0.2576 0.2612 0.2631 0.26 0.2581 0.2625 0.2629 0.2611
-----------------------

