E[V/m]_muB[m2/Vs]
N2
NUM_COLUMNS:  17
COL_VALUES:  5.0 10.0 15.0 20.0 25.0 30.0 35.0 40.0 45.0 50.0 55.0 60.0 65.0 70.0 75.0 80.0 85.0
COMMENT: generated by particle_swarm
-----------------------
500002.826392 0.06113 0.06149 0.06149 0.06206 0.06233 0.06333 0.06396 0.06481 0.06572 0.06708 0.06894 0.07091 0.07285 0.07562 0.07909 0.08217 0.08823
531221.54512 0.06042 0.06055 0.06066 0.06092 0.06159 0.06244 0.06299 0.06394 0.06503 0.0662 0.06776 0.06967 0.07211 0.07466 0.07753 0.08105 0.08566
564447.469744 0.05957 0.05979 0.05993 0.06023 0.061 0.06126 0.06207 0.06304 0.064 0.0656 0.06668 0.06861 0.07087 0.07336 0.07624 0.07965 0.08389
599682.343329 0.0587 0.05887 0.05919 0.05932 0.06014 0.06058 0.06123 0.06219 0.06345 0.06436 0.06618 0.06777 0.0699 0.07208 0.07541 0.07839 0.08115
637224.152791 0.0581 0.05806 0.05844 0.05889 0.05938 0.06 0.06049 0.06133 0.06233 0.06371 0.06493 0.06696 0.0687 0.07124 0.07393 0.07686 0.07953
676976.764815 0.0572 0.05747 0.05765 0.05784 0.05841 0.05888 0.05966 0.06037 0.06166 0.06267 0.06399 0.06584 0.06776 0.07017 0.07264 0.07572 0.07804
719336.914179 0.05643 0.05665 0.05691 0.05732 0.05753 0.05832 0.05898 0.05985 0.06099 0.06204 0.06321 0.06506 0.06688 0.06912 0.07128 0.07415 0.07725
764308.087161 0.05572 0.0559 0.0563 0.05653 0.05717 0.058 0.05816 0.05881 0.06005 0.06139 0.0623 0.06424 0.06628 0.06832 0.07127 0.07335 0.0768
811989.903201 0.05504 0.05526 0.05557 0.05588 0.05635 0.05691 0.05763 0.05848 0.05955 0.06035 0.06202 0.06338 0.06536 0.0675 0.06949 0.07197 0.0754
862783.454871 0.05445 0.05462 0.05466 0.05502 0.05555 0.05625 0.05693 0.05769 0.05861 0.05986 0.06123 0.06272 0.06437 0.0667 0.06935 0.07117 0.07355
916687.870597 0.05376 0.05389 0.05401 0.05445 0.0549 0.05552 0.05614 0.05698 0.05801 0.05924 0.06067 0.06213 0.06399 0.06616 0.06816 0.07083 0.07174
974006.36656 0.05303 0.05316 0.05351 0.05363 0.05404 0.05489 0.05549 0.05632 0.05724 0.05826 0.05979 0.06111 0.06334 0.06572 0.06767 0.06954 0.07123
1034937.31023 0.05252 0.05239 0.05275 0.0531 0.05363 0.05415 0.05505 0.05554 0.05689 0.05771 0.05921 0.06029 0.06252 0.0645 0.06689 0.06912 0.0718
1099185.32964 0.0518 0.05179 0.05212 0.05233 0.05277 0.05356 0.0541 0.05496 0.05586 0.05731 0.05857 0.06014 0.06177 0.06358 0.06632 0.06876 0.07086
1168443.08377 0.05105 0.05108 0.05141 0.05187 0.05202 0.05263 0.05348 0.05426 0.05529 0.05655 0.0578 0.05958 0.06138 0.06287 0.06544 0.06785 0.07076
1240726.89985 0.05027 0.05057 0.05055 0.05109 0.05144 0.05187 0.05275 0.05359 0.05471 0.05594 0.05719 0.05861 0.06043 0.06275 0.06507 0.06738 0.06867
1319014.02949 0.04963 0.04983 0.04998 0.05031 0.05094 0.0514 0.05214 0.05294 0.05417 0.05515 0.0563 0.05843 0.06003 0.06184 0.06456 0.06692 0.06936
1401329.51514 0.04887 0.04891 0.04909 0.04965 0.05013 0.05072 0.05157 0.05212 0.05341 0.05439 0.05571 0.05736 0.05944 0.06154 0.06357 0.06601 0.06846
1488669.55366 0.04823 0.04848 0.04859 0.04898 0.04944 0.05001 0.05044 0.0517 0.05259 0.05375 0.05521 0.05689 0.05874 0.0609 0.06298 0.06546 0.06715
1582021.62122 0.04763 0.04778 0.04798 0.04845 0.04881 0.04929 0.05012 0.05112 0.05198 0.05309 0.05457 0.05628 0.05787 0.06028 0.06301 0.06518 0.06718
1680398.24149 0.04698 0.04722 0.04725 0.0477 0.04811 0.04875 0.04945 0.05026 0.05145 0.05221 0.05383 0.05544 0.05743 0.05945 0.0623 0.06435 0.06665
1785791.80197 0.04641 0.04665 0.04662 0.04708 0.04754 0.04791 0.04876 0.04959 0.05054 0.05176 0.05302 0.05486 0.05693 0.059 0.0614 0.06422 0.06762
1897223.53981 0.04574 0.04589 0.04606 0.04632 0.04679 0.04738 0.04798 0.04895 0.04992 0.05099 0.05231 0.05424 0.05595 0.0585 0.06095 0.06374 0.066
2015672.2179 0.04518 0.04521 0.04549 0.0458 0.04608 0.04672 0.04751 0.04799 0.04916 0.05022 0.05179 0.05354 0.05555 0.05734 0.0601 0.06321 0.06577
2142151.4629 0.04455 0.04482 0.04491 0.04513 0.04565 0.04618 0.04669 0.04749 0.04854 0.04963 0.05113 0.05276 0.05441 0.05696 0.0599 0.06237 0.06497
2275656.36466 0.0441 0.04402 0.0444 0.04463 0.04501 0.04546 0.04613 0.04669 0.04776 0.04897 0.05028 0.05212 0.05394 0.05609 0.05894 0.06163 0.06351
2418196.74344 0.04358 0.04374 0.04371 0.04414 0.04456 0.04485 0.0457 0.04621 0.04702 0.04822 0.04956 0.05121 0.05302 0.05574 0.05811 0.06027 0.06288
2568776.40327 0.04311 0.04299 0.04334 0.04364 0.04388 0.04435 0.04491 0.04552 0.04653 0.04756 0.04881 0.05022 0.05241 0.05438 0.05708 0.05987 0.06214
2729387.73537 0.04263 0.0427 0.04281 0.04305 0.04331 0.04375 0.04433 0.04493 0.04584 0.04676 0.04815 0.04968 0.05148 0.05362 0.05637 0.05841 0.06149
2900039.4549 0.04211 0.04225 0.04228 0.04266 0.0429 0.04326 0.0437 0.04444 0.04524 0.04616 0.04735 0.04887 0.05082 0.05276 0.0553 0.05809 0.0604
3000417.17933 0.04189 0.04197 0.04213 0.04233 0.04267 0.04299 0.0435 0.04418 0.04474 0.0458 0.04685 0.0483 0.04998 0.05232 0.05448 0.0574 0.05994
3280482.10024 0.04127 0.04131 0.0415 0.04165 0.04202 0.04225 0.04277 0.04338 0.04395 0.04487 0.04591 0.04708 0.04871 0.05058 0.05343 0.0559 0.05846
3586648.54147 0.04068 0.04075 0.0409 0.04108 0.04136 0.0416 0.04208 0.04253 0.04314 0.04389 0.04485 0.04606 0.04752 0.04956 0.0515 0.0547 0.05663
3921922.51836 0.04012 0.04018 0.04028 0.0404 0.0407 0.04099 0.04136 0.04184 0.04236 0.04305 0.04395 0.04511 0.04654 0.04829 0.05008 0.0526 0.05523
4288322.56716 0.03956 0.03955 0.03968 0.03987 0.04013 0.04042 0.04076 0.04113 0.04166 0.04225 0.04303 0.04399 0.04526 0.04686 0.04886 0.05111 0.05309
4688845.98702 0.03897 0.03904 0.03917 0.03925 0.03952 0.03973 0.04003 0.04054 0.04099 0.0415 0.0422 0.04308 0.04409 0.04546 0.04714 0.04918 0.05095
5127512.41929 0.03834 0.03839 0.03849 0.03864 0.03889 0.03914 0.03944 0.0398 0.04023 0.04077 0.04133 0.04222 0.04311 0.04433 0.04569 0.0475 0.04892
5606331.6848 0.03777 0.0378 0.03786 0.03812 0.03831 0.03847 0.03892 0.0392 0.03948 0.0401 0.0406 0.04123 0.04208 0.04316 0.04442 0.04583 0.04745
6130328.3346 0.03715 0.03724 0.03733 0.03739 0.0377 0.03778 0.03817 0.0386 0.0388 0.0393 0.03983 0.04041 0.04128 0.04214 0.04319 0.04428 0.04608
6702508.38418 0.03659 0.03659 0.03674 0.03683 0.03704 0.0373 0.03749 0.03789 0.03824 0.03848 0.03893 0.0397 0.04038 0.04104 0.04195 0.04307 0.0443
7328883.86386 0.03592 0.03594 0.03603 0.03626 0.03637 0.03658 0.03684 0.03715 0.0374 0.03792 0.03834 0.03884 0.03944 0.04004 0.04105 0.04178 0.04295
8013491.84563 0.0353 0.03539 0.03539 0.03544 0.03578 0.03586 0.03618 0.03647 0.03675 0.03711 0.03758 0.03806 0.03853 0.03924 0.04013 0.0407 0.04168
8762344.36039 0.03466 0.03468 0.03485 0.0349 0.03511 0.03516 0.03538 0.03572 0.03609 0.03651 0.03681 0.03724 0.03777 0.03852 0.0388 0.03994 0.04059
9580457.24379 0.03393 0.03388 0.03405 0.0342 0.03419 0.0346 0.03489 0.03499 0.03537 0.03574 0.0362 0.03641 0.03706 0.03761 0.03807 0.03868 0.0393
10479845.8481 0.03336 0.03332 0.03345 0.03337 0.03375 0.03383 0.03411 0.03432 0.03453 0.03509 0.0354 0.03585 0.03625 0.03648 0.03702 0.0374 0.03817
11453589.0833 0.03243 0.03257 0.03265 0.03273 0.03294 0.03302 0.03335 0.0336 0.03396 0.0341 0.03453 0.03513 0.03544 0.03567 0.0361 0.03685 0.03745
12527683.9041 0.03179 0.03186 0.03197 0.03207 0.03234 0.03247 0.0326 0.0328 0.03316 0.03341 0.03382 0.03428 0.03454 0.03504 0.03564 0.03537 0.0362
13692159.6543 0.03111 0.03107 0.03136 0.0313 0.03146 0.03165 0.03179 0.03209 0.03244 0.03264 0.03307 0.03328 0.03381 0.03409 0.03457 0.035 0.03537
14976963.1434 0.03037 0.03034 0.03046 0.03054 0.03073 0.03096 0.03115 0.03131 0.03157 0.03186 0.03216 0.03244 0.03298 0.03352 0.0338 0.03391 0.03375
16372306.7709 0.02969 0.02964 0.02969 0.02979 0.02998 0.03008 0.03031 0.0306 0.03084 0.03123 0.03135 0.03167 0.03206 0.03229 0.03262 0.03343 0.03368
17908076.3903 0.02894 0.02898 0.02906 0.02922 0.02929 0.02947 0.02967 0.02985 0.03015 0.03037 0.0306 0.03094 0.03119 0.03151 0.03171 0.03226 0.03275
19574484.3099 0.02822 0.02835 0.02832 0.02833 0.02851 0.02866 0.02897 0.02915 0.02936 0.02954 0.02982 0.03003 0.03048 0.0308 0.031 0.03126 0.03081
21401503.592 0.0275 0.02746 0.02752 0.02768 0.02786 0.02792 0.02809 0.02832 0.02852 0.02868 0.02916 0.02911 0.0295 0.02984 0.03024 0.0302 0.03121
23409058.0759 0.02677 0.02673 0.02691 0.02692 0.02709 0.0272 0.02723 0.02754 0.02774 0.02803 0.02824 0.02853 0.02872 0.02916 0.02923 0.0291 0.02916
25587360.1608 0.02603 0.0261 0.02612 0.02612 0.0263 0.02653 0.02651 0.02684 0.02694 0.02724 0.0274 0.02774 0.02781 0.02805 0.02819 0.02866 0.02843
27986481.04 0.02534 0.02531 0.02536 0.02554 0.02557 0.02568 0.02577 0.02602 0.02621 0.02622 0.02669 0.02682 0.0272 0.02724 0.02754 0.02778 0.02782
30596458.7657 0.02467 0.02471 0.02464 0.02482 0.02495 0.02506 0.02518 0.02533 0.02548 0.02562 0.02599 0.02603 0.02625 0.02659 0.02671 0.02657 0.02669
33457315.4333 0.02399 0.02396 0.024 0.02411 0.02415 0.0243 0.02443 0.02452 0.02472 0.02491 0.02503 0.0252 0.02555 0.02562 0.02575 0.02567 0.02667
36579187.3064 0.02332 0.02338 0.02339 0.02344 0.02357 0.02366 0.02374 0.0239 0.02398 0.02423 0.02441 0.02452 0.02485 0.02488 0.02504 0.02478 0.02557
40002183.6404 0.02268 0.02266 0.02273 0.02287 0.02286 0.02296 0.02307 0.02314 0.02327 0.02352 0.02358 0.02378 0.02393 0.02403 0.02424 0.02423 0.02486
-----------------------

E[V/m]_muxB[m2/Vs]
N2
NUM_COLUMNS:  17
COL_VALUES:  5.0 10.0 15.0 20.0 25.0 30.0 35.0 40.0 45.0 50.0 55.0 60.0 65.0 70.0 75.0 80.0 85.0
COMMENT: generated by particle_swarm
-----------------------
500002.826392 0.01391 0.01407 0.01388 0.01396 0.01387 0.01397 0.01373 0.01384 0.01352 0.01354 0.01341 0.013 0.01288 0.01256 0.01219 0.01193 0.01156
531221.54512 0.01264 0.014 0.014 0.01368 0.0139 0.01425 0.01372 0.0139 0.0135 0.01355 0.01323 0.01313 0.01287 0.01269 0.01233 0.01198 0.01176
564447.469744 0.01411 0.01397 0.01443 0.01425 0.014 0.01388 0.0141 0.01386 0.0138 0.01363 0.01351 0.01317 0.01307 0.01278 0.01246 0.01226 0.01193
599682.343329 0.01441 0.01434 0.01425 0.01426 0.0143 0.01406 0.01388 0.01403 0.01376 0.01376 0.01365 0.01333 0.0131 0.01291 0.01262 0.01236 0.01207
637224.152791 0.01328 0.01492 0.01432 0.0142 0.01421 0.01425 0.01407 0.01404 0.01392 0.0137 0.0136 0.01344 0.01322 0.01306 0.01274 0.01246 0.01221
676976.764815 0.01376 0.01419 0.01414 0.01472 0.0145 0.01414 0.0143 0.01409 0.01399 0.01389 0.01353 0.01356 0.01334 0.01312 0.01287 0.01254 0.01233
719336.914179 0.01486 0.01454 0.01406 0.0143 0.01435 0.0144 0.01418 0.01433 0.01421 0.01393 0.01383 0.01361 0.01337 0.01321 0.01295 0.0127 0.01247
764308.087161 0.01409 0.01454 0.01516 0.01447 0.01418 0.01471 0.01438 0.01431 0.01419 0.0139 0.01388 0.0137 0.0135 0.01326 0.01301 0.01279 0.01255
811989.903201 0.01619 0.01443 0.01434 0.01492 0.01468 0.01456 0.01437 0.01436 0.01412 0.01401 0.01394 0.01373 0.0135 0.01334 0.01315 0.01287 0.01264
862783.454871 0.01378 0.01491 0.01471 0.01468 0.01482 0.01475 0.0146 0.01425 0.01432 0.01413 0.01403 0.01383 0.01368 0.01342 0.01324 0.01297 0.01276
916687.870597 0.01494 0.01508 0.01451 0.01459 0.01473 0.01475 0.01451 0.01445 0.01452 0.01416 0.01404 0.01393 0.01376 0.01356 0.01325 0.01304 0.01288
974006.36656 0.01477 0.01525 0.01497 0.01509 0.01489 0.01458 0.01447 0.01459 0.01451 0.01436 0.01416 0.01393 0.01379 0.01359 0.01329 0.0131 0.01284
1034937.31023 0.01411 0.01465 0.01501 0.01491 0.01497 0.01458 0.01458 0.01461 0.01449 0.01425 0.01418 0.0141 0.01389 0.01368 0.01345 0.01319 0.01299
1099185.32964 0.01468 0.01518 0.01515 0.01522 0.01507 0.01471 0.01458 0.0146 0.01463 0.0144 0.01429 0.01415 0.01396 0.01372 0.0135 0.01319 0.01309
1168443.08377 0.01529 0.01485 0.01475 0.01493 0.01502 0.01473 0.01495 0.01471 0.01464 0.0145 0.01436 0.01414 0.01393 0.01377 0.01354 0.01326 0.01313
1240726.89985 0.01566 0.01498 0.01492 0.01498 0.01492 0.01513 0.01476 0.01481 0.01478 0.01454 0.01442 0.01414 0.01406 0.01377 0.01357 0.01338 0.01314
1319014.02949 0.01496 0.01523 0.01513 0.01531 0.01491 0.01504 0.01492 0.01486 0.01487 0.01456 0.01444 0.01424 0.01403 0.01391 0.01366 0.0134 0.01317
1401329.51514 0.01588 0.01534 0.01521 0.01531 0.01509 0.01519 0.01493 0.01488 0.0148 0.01468 0.01453 0.01433 0.01409 0.01387 0.01373 0.01341 0.01321
1488669.55366 0.01467 0.01496 0.01507 0.01524 0.01514 0.01536 0.0151 0.0149 0.01494 0.01483 0.01459 0.01439 0.0141 0.01391 0.01378 0.01349 0.01336
1582021.62122 0.01579 0.01503 0.01492 0.0154 0.01536 0.01514 0.01505 0.01503 0.01504 0.01476 0.01462 0.01448 0.0142 0.01404 0.01378 0.0135 0.0133
1680398.24149 0.01585 0.01514 0.0154 0.01546 0.01524 0.0153 0.01518 0.01507 0.01488 0.01492 0.01463 0.01442 0.01441 0.01412 0.0138 0.01351 0.01336
1785791.80197 0.0158 0.01569 0.01558 0.01531 0.01524 0.01525 0.01505 0.01506 0.01502 0.01475 0.01484 0.01457 0.01434 0.01413 0.01386 0.01361 0.01335
1897223.53981 0.01578 0.01539 0.01536 0.01549 0.01536 0.01541 0.01528 0.01511 0.01502 0.01493 0.01481 0.01458 0.01439 0.01411 0.0139 0.01368 0.01341
2015672.2179 0.01619 0.01577 0.01549 0.01558 0.01545 0.01545 0.01534 0.01523 0.01514 0.01504 0.01482 0.01466 0.01447 0.01426 0.01398 0.01375 0.01349
2142151.4629 0.01432 0.01558 0.01568 0.01573 0.01546 0.01541 0.01535 0.01536 0.0152 0.01517 0.01486 0.01479 0.01451 0.01434 0.01401 0.01375 0.01352
2275656.36466 0.01558 0.0154 0.01573 0.01568 0.01536 0.01546 0.01556 0.01535 0.01521 0.01517 0.015 0.01474 0.01456 0.0143 0.01408 0.01379 0.01358
2418196.74344 0.0152 0.01581 0.01558 0.01562 0.0155 0.01541 0.01542 0.01541 0.01533 0.01529 0.01504 0.01484 0.01466 0.0144 0.01415 0.01391 0.01366
2568776.40327 0.01649 0.01603 0.01587 0.01566 0.01564 0.01541 0.01557 0.0155 0.01544 0.01522 0.01508 0.01494 0.0148 0.01446 0.01424 0.01391 0.01368
2729387.73537 0.01637 0.01573 0.01588 0.01598 0.01567 0.0158 0.01555 0.01554 0.01549 0.01533 0.01522 0.01506 0.01489 0.01449 0.01428 0.01398 0.01378
2900039.4549 0.01584 0.01566 0.01567 0.01596 0.01569 0.0155 0.01567 0.01558 0.0154 0.0154 0.01527 0.01515 0.01488 0.01464 0.01441 0.01414 0.01389
3000417.17933 0.0159 0.01587 0.01578 0.01562 0.01578 0.01569 0.01566 0.0156 0.01565 0.01539 0.01528 0.01517 0.01497 0.01477 0.01441 0.01415 0.01395
3280482.10024 0.01624 0.01588 0.01587 0.01584 0.01569 0.01586 0.01574 0.01561 0.01563 0.01552 0.01551 0.01522 0.0151 0.01482 0.01458 0.01426 0.01414
3586648.54147 0.0159 0.01585 0.01588 0.01594 0.01589 0.01586 0.01588 0.01585 0.01574 0.01563 0.01551 0.01534 0.01521 0.015 0.01468 0.01445 0.01427
3921922.51836 0.01623 0.01601 0.01605 0.01597 0.01599 0.01588 0.01589 0.01582 0.01581 0.01569 0.01562 0.01551 0.01536 0.0151 0.01499 0.01464 0.01443
4288322.56716 0.01602 0.01614 0.01598 0.01598 0.01598 0.01594 0.01599 0.01589 0.01588 0.01578 0.01568 0.01559 0.01546 0.01527 0.01505 0.01484 0.01462
4688845.98702 0.01629 0.01599 0.01606 0.01599 0.01607 0.01604 0.01598 0.01596 0.01591 0.01587 0.01579 0.01569 0.01559 0.01543 0.01523 0.01502 0.01483
5127512.41929 0.01636 0.01584 0.01613 0.01624 0.01615 0.01616 0.01608 0.01601 0.01603 0.01593 0.01592 0.0158 0.01569 0.01556 0.01539 0.0152 0.01503
5606331.6848 0.0168 0.01626 0.01622 0.01604 0.01618 0.01608 0.0162 0.01611 0.01612 0.01607 0.01596 0.0159 0.01581 0.0157 0.01556 0.01536 0.01523
6130328.3346 0.01599 0.01631 0.01615 0.01603 0.01612 0.01613 0.01619 0.01621 0.01616 0.01607 0.01607 0.01597 0.0159 0.01582 0.01567 0.01557 0.01541
6702508.38418 0.01671 0.01608 0.01652 0.01623 0.01628 0.01623 0.01633 0.01617 0.01622 0.01619 0.01618 0.01605 0.016 0.0159 0.01585 0.01566 0.01557
7328883.86386 0.01654 0.01623 0.01656 0.01647 0.01631 0.01628 0.01639 0.01634 0.01625 0.01623 0.01617 0.01614 0.01605 0.01596 0.01591 0.01581 0.01572
8013491.84563 0.01584 0.01619 0.01638 0.01648 0.01623 0.01627 0.01643 0.01628 0.01632 0.0162 0.01619 0.0162 0.01615 0.01612 0.01604 0.01588 0.01588
8762344.36039 0.01713 0.01619 0.0161 0.01626 0.01649 0.01639 0.01627 0.01633 0.0164 0.01642 0.01633 0.01626 0.0162 0.01612 0.01608 0.01604 0.01597
9580457.24379 0.01666 0.01667 0.01655 0.01671 0.01648 0.01656 0.01635 0.01636 0.01642 0.01634 0.01635 0.01634 0.0163 0.01617 0.01617 0.01608 0.01601
10479845.8481 0.01616 0.01641 0.01674 0.01647 0.01646 0.01622 0.01649 0.01647 0.01631 0.01639 0.01631 0.01634 0.0164 0.01629 0.01628 0.01622 0.01615
11453589.0833 0.01553 0.01657 0.01638 0.01648 0.01646 0.01653 0.01653 0.01647 0.01642 0.01638 0.01651 0.01643 0.01643 0.01636 0.0163 0.01626 0.01622
12527683.9041 0.01623 0.01652 0.01675 0.01656 0.01649 0.01655 0.01655 0.01654 0.01655 0.01652 0.01643 0.01638 0.0164 0.01639 0.0164 0.01632 0.01627
13692159.6543 0.01724 0.01628 0.01666 0.01672 0.01655 0.01645 0.01659 0.01653 0.01647 0.01659 0.01648 0.01646 0.01648 0.01649 0.01641 0.01639 0.01638
14976963.1434 0.01668 0.01656 0.01648 0.01674 0.01662 0.01643 0.01651 0.01649 0.01651 0.01646 0.01651 0.01646 0.01649 0.01645 0.01644 0.01646 0.01641
16372306.7709 0.01641 0.01659 0.01648 0.01659 0.01658 0.01654 0.01649 0.01651 0.01651 0.01646 0.01654 0.01654 0.01647 0.0165 0.01644 0.01641 0.01646
17908076.3903 0.01613 0.01635 0.01618 0.01657 0.01651 0.0166 0.01645 0.01651 0.01651 0.01652 0.01654 0.01644 0.01647 0.01649 0.01655 0.01648 0.01647
19574484.3099 0.01693 0.01614 0.01651 0.0166 0.01651 0.01657 0.01645 0.01657 0.01648 0.01651 0.01639 0.01651 0.01652 0.01649 0.0165 0.01649 0.01648
21401503.592 0.0166 0.01669 0.01645 0.01652 0.01635 0.01645 0.01657 0.01638 0.01637 0.01646 0.01646 0.01648 0.01642 0.01648 0.01646 0.01646 0.01639
23409058.0759 0.01664 0.01648 0.0163 0.01646 0.01658 0.01646 0.01648 0.0164 0.01646 0.01639 0.01641 0.01635 0.01639 0.01638 0.01641 0.01645 0.01644
25587360.1608 0.01603 0.01638 0.01639 0.01629 0.01618 0.01642 0.01634 0.01632 0.01637 0.01641 0.01638 0.01628 0.01637 0.01639 0.01638 0.01641 0.01637
27986481.04 0.01644 0.01609 0.01611 0.01628 0.01629 0.01612 0.0163 0.01631 0.01629 0.01626 0.01629 0.01629 0.0163 0.01634 0.01635 0.01629 0.01637
30596458.7657 0.01647 0.01614 0.01613 0.01601 0.01613 0.01611 0.01617 0.01614 0.01618 0.01621 0.01621 0.01628 0.01623 0.01624 0.01624 0.01623 0.01628
33457315.4333 0.01621 0.01558 0.016 0.01593 0.01617 0.01598 0.01605 0.01607 0.01605 0.01605 0.01602 0.01612 0.01615 0.01608 0.01614 0.01619 0.01625
36579187.3064 0.01564 0.0158 0.01578 0.01581 0.01599 0.01595 0.01602 0.01593 0.01603 0.01593 0.01596 0.01599 0.01603 0.01603 0.01603 0.016 0.01605
40002183.6404 0.01609 0.01562 0.01577 0.01571 0.01577 0.01579 0.01575 0.01577 0.01583 0.01585 0.01589 0.01587 0.01587 0.01591 0.01591 0.01591 0.01593
-----------------------

E[V/m]_muExB[m2/Vs]
N2
NUM_COLUMNS:  17
COL_VALUES:  5.0 10.0 15.0 20.0 25.0 30.0 35.0 40.0 45.0 50.0 55.0 60.0 65.0 70.0 75.0 80.0 85.0
COMMENT: generated by particle_swarm
-----------------------
500002.826392 0.02447 0.02526 0.02447 0.02463 0.02457 0.02486 0.02527 0.0252 0.02548 0.02571 0.02586 0.02625 0.02655 0.02694 0.02728 0.0277 0.02805
531221.54512 0.02374 0.02476 0.02494 0.02445 0.02431 0.02486 0.02478 0.02501 0.02522 0.02546 0.02572 0.02611 0.02634 0.02682 0.02709 0.02753 0.02783
564447.469744 0.02421 0.02383 0.02404 0.02412 0.02434 0.02457 0.02467 0.02481 0.02494 0.02533 0.02562 0.02594 0.02625 0.02657 0.02699 0.02738 0.02764
599682.343329 0.02376 0.02415 0.02411 0.02406 0.0243 0.02432 0.02449 0.02469 0.02487 0.02503 0.02533 0.02572 0.02609 0.02639 0.0267 0.0271 0.02741
637224.152791 0.02311 0.02376 0.0238 0.02354 0.02397 0.02407 0.02425 0.02449 0.02459 0.0249 0.02516 0.02554 0.02581 0.02618 0.02653 0.02696 0.02726
676976.764815 0.02214 0.02292 0.02337 0.02352 0.02372 0.02407 0.02397 0.02439 0.02438 0.02481 0.02499 0.02536 0.02561 0.026 0.02639 0.02677 0.02709
719336.914179 0.02335 0.02316 0.02309 0.02343 0.02364 0.02363 0.02363 0.02405 0.02417 0.02456 0.02474 0.02511 0.0255 0.02589 0.02622 0.02658 0.02694
764308.087161 0.02269 0.02388 0.02287 0.02294 0.02337 0.02331 0.02366 0.02381 0.02406 0.02434 0.02459 0.02483 0.02534 0.02574 0.02608 0.02644 0.02669
811989.903201 0.02235 0.02294 0.02327 0.02302 0.02325 0.02314 0.02351 0.02356 0.02373 0.02428 0.02445 0.02476 0.02501 0.02554 0.02583 0.02622 0.02655
862783.454871 0.02259 0.0225 0.02291 0.02289 0.02295 0.02316 0.02308 0.02334 0.02377 0.02384 0.02419 0.02459 0.02495 0.02533 0.02573 0.02606 0.02634
916687.870597 0.02076 0.0225 0.02234 0.0226 0.02237 0.02271 0.02304 0.02336 0.02342 0.02379 0.02406 0.02445 0.02469 0.02516 0.02552 0.02593 0.02621
974006.36656 0.02167 0.02225 0.02205 0.02227 0.02277 0.02244 0.02294 0.02292 0.02319 0.02363 0.0239 0.02422 0.02461 0.02494 0.02538 0.02576 0.02603
1034937.31023 0.02025 0.02229 0.02212 0.02225 0.02231 0.02221 0.0224 0.02282 0.02303 0.02339 0.02353 0.02391 0.02438 0.02482 0.02518 0.02555 0.02577
1099185.32964 0.0214 0.02136 0.02166 0.0217 0.02185 0.02213 0.02237 0.02247 0.02294 0.0232 0.02333 0.02385 0.02426 0.02459 0.02501 0.02538 0.02571
1168443.08377 0.02238 0.02116 0.02129 0.02189 0.02161 0.02172 0.02209 0.0224 0.02274 0.02288 0.0233 0.02362 0.02398 0.02435 0.02487 0.02528 0.02558
1240726.89985 0.02165 0.02153 0.02114 0.02159 0.02158 0.02174 0.02185 0.02207 0.02236 0.02262 0.02306 0.02339 0.02379 0.02419 0.02467 0.02512 0.02546
1319014.02949 0.02161 0.02105 0.02105 0.02107 0.02117 0.02144 0.02168 0.0218 0.02209 0.02253 0.02283 0.02321 0.02366 0.02409 0.02452 0.02495 0.02523
1401329.51514 0.02036 0.02112 0.02092 0.02104 0.02079 0.02123 0.02137 0.02168 0.02201 0.02231 0.02258 0.02296 0.02342 0.02384 0.02437 0.02474 0.02505
1488669.55366 0.02078 0.02077 0.0202 0.02069 0.02084 0.02101 0.02113 0.02144 0.0219 0.02206 0.02251 0.02286 0.02322 0.02374 0.02422 0.02468 0.02495
1582021.62122 0.01998 0.02004 0.02039 0.02026 0.02072 0.02103 0.02097 0.02114 0.02159 0.02185 0.02231 0.02256 0.02312 0.02346 0.02394 0.02449 0.02479
1680398.24149 0.01893 0.02014 0.02017 0.02039 0.02046 0.02047 0.0208 0.02104 0.02128 0.02177 0.02211 0.02245 0.02284 0.02332 0.02388 0.02434 0.02461
1785791.80197 0.01942 0.02022 0.02008 0.02002 0.02014 0.02037 0.02065 0.02095 0.021 0.02147 0.02179 0.02234 0.02272 0.02319 0.02361 0.02413 0.02449
1897223.53981 0.021 0.0199 0.02005 0.01998 0.02021 0.02035 0.02057 0.02063 0.02093 0.0213 0.02172 0.02207 0.02251 0.02297 0.0235 0.02391 0.0243
2015672.2179 0.01934 0.01967 0.01969 0.01977 0.0199 0.02014 0.02021 0.02037 0.02075 0.02109 0.02148 0.02181 0.02232 0.02278 0.0233 0.02371 0.02418
2142151.4629 0.01906 0.01978 0.01954 0.01961 0.01988 0.01987 0.02018 0.02035 0.02061 0.02085 0.02116 0.02172 0.02225 0.02258 0.02305 0.02361 0.02398
2275656.36466 0.01884 0.01964 0.01985 0.01955 0.01969 0.0199 0.02003 0.02013 0.02038 0.02076 0.02095 0.02149 0.02193 0.02239 0.02292 0.02349 0.02381
2418196.74344 0.01948 0.01943 0.01926 0.01926 0.01952 0.01978 0.01992 0.02007 0.02032 0.02066 0.02097 0.02123 0.02178 0.02224 0.02272 0.02328 0.0237
2568776.40327 0.01916 0.01953 0.01929 0.01948 0.01968 0.01951 0.0197 0.0199 0.02011 0.02041 0.02078 0.02115 0.02157 0.02206 0.02249 0.02307 0.02346
2729387.73537 0.01906 0.01907 0.01937 0.01923 0.01956 0.01951 0.01977 0.01989 0.02014 0.02035 0.02058 0.02096 0.02142 0.02181 0.02239 0.02283 0.02328
2900039.4549 0.01883 0.01904 0.01914 0.01928 0.0194 0.01962 0.01963 0.01976 0.01984 0.02026 0.02037 0.02088 0.02119 0.02169 0.02215 0.02273 0.02307
3000417.17933 0.01928 0.01898 0.01928 0.01922 0.01932 0.01939 0.01961 0.01963 0.01995 0.02023 0.02042 0.02078 0.02112 0.02155 0.02206 0.0226 0.02296
3280482.10024 0.01881 0.01908 0.01919 0.01915 0.01921 0.01938 0.01943 0.01953 0.01982 0.02002 0.0202 0.02053 0.02084 0.02133 0.02175 0.02236 0.02266
3586648.54147 0.01893 0.01901 0.01908 0.01901 0.01906 0.01926 0.01929 0.01945 0.01963 0.01981 0.01999 0.0203 0.02072 0.02106 0.0215 0.022 0.0223
3921922.51836 0.01908 0.01886 0.01894 0.01885 0.01897 0.01909 0.0192 0.01937 0.01949 0.01967 0.01987 0.02015 0.02041 0.02081 0.0213 0.02168 0.02206
4288322.56716 0.01875 0.01874 0.0188 0.01883 0.01893 0.01897 0.01907 0.0192 0.01932 0.01952 0.01975 0.01998 0.02027 0.02059 0.02097 0.02134 0.02168
4688845.98702 0.0187 0.01856 0.01866 0.01877 0.01876 0.01883 0.01899 0.019 0.01921 0.01937 0.01957 0.01979 0.02003 0.02036 0.02067 0.02107 0.02135
5127512.41929 0.01827 0.01847 0.01853 0.01855 0.01865 0.01867 0.01875 0.01891 0.01908 0.01923 0.01937 0.0196 0.01983 0.02013 0.02041 0.02075 0.02102
5606331.6848 0.01888 0.01842 0.01833 0.01825 0.01838 0.01851 0.01862 0.01874 0.01888 0.01901 0.01919 0.01938 0.01963 0.01988 0.02014 0.02045 0.02072
6130328.3346 0.01855 0.0183 0.0182 0.01814 0.01822 0.01825 0.01841 0.01862 0.0187 0.01884 0.01898 0.01915 0.01939 0.01961 0.01986 0.02014 0.02036
6702508.38418 0.01835 0.01804 0.01793 0.01808 0.01799 0.01812 0.01817 0.01838 0.01842 0.01861 0.01875 0.01893 0.01918 0.01937 0.01958 0.01984 0.02
7328883.86386 0.0177 0.01775 0.01806 0.0176 0.01787 0.01775 0.01795 0.01806 0.01817 0.01835 0.01858 0.0187 0.01888 0.01911 0.01929 0.01953 0.01972
8013491.84563 0.01695 0.01759 0.01756 0.01748 0.01772 0.01782 0.01781 0.01775 0.01804 0.01809 0.01821 0.01847 0.01861 0.01882 0.019 0.0192 0.01932
8762344.36039 0.01686 0.0177 0.01719 0.01721 0.01739 0.01727 0.01761 0.01755 0.01779 0.01783 0.01809 0.0182 0.01829 0.01851 0.01873 0.01886 0.01897
9580457.24379 0.01696 0.01709 0.0167 0.01698 0.01696 0.01721 0.01721 0.01734 0.01751 0.01758 0.01777 0.01785 0.01805 0.01819 0.01839 0.01852 0.0187
10479845.8481 0.01632 0.01663 0.01651 0.01633 0.01675 0.01663 0.01685 0.01708 0.01715 0.01727 0.01738 0.01758 0.01767 0.0179 0.01804 0.01824 0.01835
11453589.0833 0.01653 0.01629 0.01633 0.0165 0.0164 0.01645 0.01649 0.01679 0.01679 0.01692 0.01709 0.01723 0.01736 0.01748 0.01765 0.01782 0.0179
12527683.9041 0.01572 0.01588 0.01561 0.01599 0.01614 0.01604 0.01636 0.01638 0.01646 0.01654 0.01666 0.01691 0.0171 0.01711 0.01737 0.01748 0.01753
13692159.6543 0.0153 0.01542 0.01586 0.01566 0.01583 0.01588 0.0159 0.01615 0.01607 0.01632 0.01636 0.01654 0.01673 0.01685 0.01694 0.01704 0.01719
14976963.1434 0.01513 0.01496 0.01509 0.01545 0.01541 0.01539 0.0155 0.01572 0.01577 0.01591 0.01604 0.01612 0.01627 0.0164 0.01652 0.01667 0.01673
16372306.7709 0.01473 0.01461 0.01474 0.01488 0.01512 0.01506 0.0151 0.01531 0.01534 0.01555 0.01567 0.01565 0.01591 0.01609 0.01616 0.01626 0.01629
17908076.3903 0.01489 0.01463 0.0143 0.01439 0.01436 0.0146 0.0148 0.0148 0.01499 0.01502 0.01513 0.01533 0.0155 0.01556 0.01571 0.01581 0.01588
19574484.3099 0.01386 0.01403 0.01365 0.01417 0.01415 0.01425 0.01428 0.0145 0.01461 0.01467 0.01478 0.01497 0.01509 0.01521 0.01525 0.0154 0.01543
21401503.592 0.01423 0.01375 0.01384 0.01385 0.01386 0.01388 0.01382 0.01389 0.01406 0.01421 0.01441 0.01443 0.01463 0.01468 0.01487 0.01489 0.01502
23409058.0759 0.01304 0.01315 0.01323 0.01339 0.01325 0.01343 0.01349 0.01355 0.01365 0.01378 0.01391 0.01398 0.01419 0.01419 0.01445 0.01442 0.01454
25587360.1608 0.01251 0.01302 0.0127 0.01277 0.01288 0.01304 0.013 0.01316 0.0133 0.01344 0.0134 0.01363 0.01367 0.01383 0.01391 0.01394 0.01407
27986481.04 0.01299 0.01232 0.01229 0.01238 0.01237 0.01251 0.01261 0.0127 0.01275 0.01295 0.01298 0.01314 0.01321 0.01336 0.01339 0.0135 0.01357
30596458.7657 0.01229 0.01168 0.01187 0.01202 0.01207 0.01201 0.01218 0.01227 0.01237 0.01244 0.01255 0.01264 0.01274 0.01283 0.01299 0.01299 0.01304
33457315.4333 0.01134 0.01136 0.01166 0.01164 0.01162 0.01169 0.01175 0.01183 0.01189 0.01201 0.01211 0.01212 0.01234 0.01234 0.01242 0.01252 0.01256
36579187.3064 0.01082 0.0109 0.01104 0.011 0.01122 0.01123 0.01123 0.01132 0.01152 0.01157 0.01162 0.0117 0.01182 0.01187 0.01198 0.01196 0.01209
40002183.6404 0.0108 0.01058 0.01061 0.01079 0.01058 0.01086 0.01088 0.01094 0.01099 0.0111 0.01119 0.01128 0.01136 0.01149 0.01149 0.01159 0.01155
-----------------------

E[V/m]_alpha[1/m]
N2
NUM_COLUMNS:  17
COL_VALUES:  5.0 10.0 15.0 20.0 25.0 30.0 35.0 40.0 45.0 50.0 55.0 60.0 65.0 70.0 75.0 80.0 85.0
COMMENT: generated by particle_swarm
-----------------------
500002.826392 0.0 0.0 0.0 0.0 0.0 0.0 0.0 0.0 0.0 0.0 0.0 0.0 0.0 0.0 0.0 0.0 0.0
531221.54512 0.0 0.0 0.0 0.0 0.0 0.0 0.0 0.0 0.0 0.0 0.0 0.0 0.0 0.0 0.0 0.0 0.0
564447.469744 0.0 0.0 0.0 0.0 0.0 0.0 0.0 0.0 0.0 0.0 0.0 0.0 0.0 0.0 0.0 0.0 0.0
599682.343329 0.0 0.0 0.0 0.0 0.0 0.0 0.0 0.0 0.0 0.0 0.0 0.0 0.0 0.0 0.0 0.0 0.0
637224.152791 0.0 0.0 0.0 0.0 0.0 0.0 0.0 0.0 0.0 0.0 0.0 0.0 0.0 0.0 0.0 0.0 0.0
676976.764815 0.0 0.0 0.0 0.0 0.0 0.0 0.0 0.0 0.0 0.0 0.0 0.0 0.0 0.0 0.0 0.0 0.0
719336.914179 0.0 0.0 0.0 0.0 0.0 0.0 0.0 0.0 0.0 0.0 0.0 0.0 0.0 0.0 0.0 0.0 0.0
764308.087161 0.0 0.0 0.0 0.0 0.0 0.0 0.0 0.0 0.0 0.0 0.0 0.0 0.0 0.0 0.0 0.0 0.0
811989.903201 0.0 0.0 0.0 0.0 0.0 0.0 0.0 0.0 0.0 0.0 0.0 0.0 0.0 0.0 0.0 0.0 0.0
862783.454871 0.0 0.0 0.0 0.0 0.0 0.0 0.0 0.0 0.0 0.0 0.0 0.0 0.0 0.0 0.0 0.0 0.0
916687.870597 0.0 0.0 0.0 0.0 0.0 0.0 0.0 0.0 0.0 0.0 0.0 0.0 0.0 0.0 0.0 0.0 0.0
974006.36656 0.0 0.0 0.0 0.0 0.0 0.0 0.0 0.0 0.0 0.0 0.0 0.0 0.0 0.0 0.0 0.0 0.0
1034937.31023 0.0 0.0 0.0 0.0 0.0 0.0 0.0 0.0 0.0 0.0 0.0 0.0 0.0 0.0 0.0 0.0 0.0
1099185.32964 0.0 0.0 0.0 0.0 0.0 0.0 0.0 0.0 0.0 0.0 0.0 0.0 0.0 0.0 0.0 0.0 0.0
1168443.08377 0.05378 0.0 0.0 0.0 0.0 0.0 0.0 0.0 0.0 0.0 0.0 0.0 0.0 0.0 0.0 0.0 0.0
1240726.89985 0.04183 0.05754 0.1513 0.008894 0.0 0.008825 0.0 0.0 0.0 0.0 0.0 0.0 0.0 0.0 0.0 0.0 0.0
1319014.02949 0.0005285 0.03526 0.1667 0.067 0.2724 0.2205 0.1133 0.0 0.0 0.0 0.0 0.0 0.0 0.0 0.0 0.0 0.0
1401329.51514 0.2108 0.6202 0.2917 0.2133 0.0229 0.02749 0.1302 0.004741 0.0 0.02379 0.0 0.0 0.0 0.0 0.0 0.0 0.0
1488669.55366 0.5996 0.6657 0.3435 0.05846 0.3889 0.3627 0.08531 0.1195 0.4653 0.05961 0.0 0.0 0.0 0.0 0.0 0.0 0.0
1582021.62122 2.066 1.657 2.693 1.701 0.7903 0.3337 0.3925 0.3558 0.2663 0.0 0.01441 0.08361 0.0 0.0 0.0 0.0 0.0
1680398.24149 5.103 5.01 3.933 2.272 2.373 1.783 1.787 0.6101 0.7215 0.493 0.1007 0.143 0.02225 0.05018 0.003957 0.02912 0.0
1785791.80197 9.981 10.93 7.118 5.239 5.149 3.096 1.454 1.216 1.06 0.7827 0.2072 0.07865 0.07749 0.0 0.0 0.01135 0.003505
1897223.53981 18.93 16.14 18.95 13.36 8.065 7.38 3.167 2.77 1.179 1.986 0.3685 1.271 0.271 0.08638 0.05895 0.3741 0.004034
2015672.2179 34.4 31.04 29.29 24.23 14.26 13.36 9.824 7.282 3.014 2.902 1.905 0.4656 0.6566 0.1742 0.05766 0.002596 0.3376
2142151.4629 54.05 58.83 47.67 40.05 28.72 19.34 25.25 13.51 14.0 4.231 4.285 1.538 0.6397 0.7239 0.4412 0.5382 0.3191
2275656.36466 91.56 93.97 80.22 70.78 50.66 39.37 38.4 25.67 20.15 8.87 8.72 7.465 3.555 1.763 1.273 0.8181 0.5028
2418196.74344 170.0 150.3 130.6 127.1 113.1 87.31 69.92 46.29 32.76 17.85 16.84 9.683 5.998 3.405 2.495 1.683 1.318
2568776.40327 255.6 229.8 235.0 197.7 169.2 148.6 108.3 75.47 60.38 37.94 26.83 21.84 12.54 9.091 7.402 3.118 4.252
2729387.73537 389.0 382.0 331.8 312.2 256.4 231.6 181.8 140.8 99.63 74.68 51.77 29.05 30.3 15.23 12.19 10.84 8.907
2900039.4549 583.0 580.0 554.0 486.1 430.4 347.4 271.8 231.9 162.6 124.4 88.97 57.7 38.99 34.68 19.38 21.33 20.94
3000417.17933 749.5 728.8 667.0 622.4 530.0 438.2 366.4 291.4 218.0 153.6 122.9 84.23 57.6 44.54 31.06 27.61 25.24
3280482.10024 1297.0 1247.0 1181.0 1049.0 930.0 812.1 651.8 568.3 424.0 317.0 232.3 184.4 140.8 107.0 69.65 52.75 55.0
3586648.54147 2110.0 2034.0 1921.0 1782.0 1584.0 1390.0 1178.0 965.0 783.4 614.1 474.3 351.5 265.2 204.2 154.7 133.3 109.9
3921922.51836 3332.0 3258.0 3063.0 2810.0 2570.0 2267.0 1957.0 1643.0 1352.0 1083.0 868.2 677.7 510.2 407.1 338.5 263.2 236.9
4288322.56716 5074.0 4923.0 4648.0 4383.0 3968.0 3587.0 3113.0 2671.0 2245.0 1821.0 1480.0 1170.0 921.2 754.5 617.3 528.5 468.1
4688845.98702 7353.0 7233.0 6954.0 6460.0 5958.0 5398.0 4777.0 4147.0 3501.0 2970.0 2429.0 1980.0 1639.0 1319.0 1128.0 952.6 859.3
5127512.41929 10700.0 10370.0 9980.0 9311.0 8686.0 7829.0 7009.0 6255.0 5405.0 4541.0 3829.0 3194.0 2649.0 2214.0 1875.0 1654.0 1506.0
5606331.6848 14730.0 14350.0 13850.0 13110.0 12340.0 11340.0 10210.0 9024.0 7860.0 6761.0 5810.0 4926.0 4180.0 3549.0 3083.0 2712.0 2521.0
6130328.3346 20160.0 19780.0 18980.0 18100.0 16970.0 15580.0 14330.0 12670.0 11220.0 9961.0 8505.0 7349.0 6343.0 5410.0 4801.0 4298.0 3971.0
6702508.38418 26700.0 26480.0 25540.0 24200.0 23170.0 21290.0 19470.0 17710.0 15730.0 13940.0 12260.0 10650.0 9244.0 8088.0 7205.0 6547.0 6105.0
7328883.86386 35570.0 34400.0 33560.0 32290.0 30100.0 28630.0 26120.0 23970.0 21470.0 19230.0 16990.0 15070.0 13060.0 11720.0 10620.0 9615.0 9028.0
8013491.84563 45650.0 45000.0 43120.0 41790.0 39490.0 37060.0 34530.0 31760.0 28580.0 25920.0 23060.0 20580.0 18160.0 16600.0 14990.0 13650.0 13040.0
8762344.36039 57520.0 56520.0 55420.0 53030.0 51070.0 47830.0 44800.0 41070.0 37810.0 34240.0 31000.0 28010.0 25220.0 22570.0 20730.0 19290.0 18450.0
9580457.24379 71830.0 70230.0 69320.0 67040.0 63820.0 60610.0 56950.0 52430.0 48540.0 44620.0 40320.0 37230.0 33260.0 30550.0 28070.0 26340.0 25130.0
10479845.8481 89310.0 88070.0 86180.0 83950.0 79990.0 76040.0 71640.0 66990.0 61970.0 57170.0 52190.0 48210.0 43800.0 39740.0 37730.0 35250.0 33880.0
11453589.0833 108000.0 106400.0 104500.0 101700.0 98540.0 93690.0 88480.0 83010.0 77920.0 71780.0 66510.0 61440.0 56570.0 52540.0 48700.0 46590.0 45250.0
12527683.9041 130400.0 129300.0 126300.0 123500.0 118800.0 114200.0 108600.0 102700.0 96420.0 89220.0 83350.0 76970.0 71570.0 67010.0 63150.0 59880.0 58090.0
13692159.6543 155700.0 154700.0 151000.0 148200.0 143000.0 138100.0 131400.0 125500.0 117200.0 110800.0 102700.0 96220.0 90380.0 84230.0 79440.0 76290.0 74480.0
14976963.1434 183100.0 182800.0 179100.0 174600.0 170500.0 164300.0 157500.0 150300.0 142100.0 134300.0 126600.0 117900.0 111200.0 104900.0 100400.0 95920.0 93140.0
16372306.7709 214900.0 211500.0 210700.0 206400.0 199800.0 193200.0 187000.0 178600.0 170600.0 160700.0 152700.0 144000.0 135300.0 127900.0 122600.0 118200.0 115900.0
17908076.3903 249500.0 247400.0 244700.0 239800.0 233200.0 227400.0 218000.0 211000.0 202100.0 191300.0 182200.0 172500.0 164100.0 156600.0 150000.0 145200.0 142600.0
19574484.3099 287600.0 284500.0 280600.0 276200.0 270100.0 262500.0 253400.0 244800.0 234200.0 224000.0 213900.0 205400.0 195300.0 187300.0 180300.0 174200.0 171600.0
21401503.592 328100.0 322300.0 320700.0 315000.0 308700.0 301100.0 291900.0 284000.0 271700.0 261500.0 250700.0 239900.0 229800.0 222200.0 214200.0 209800.0 205300.0
23409058.0759 368800.0 367500.0 362600.0 357100.0 351200.0 344400.0 334800.0 323500.0 314700.0 302500.0 291100.0 279900.0 269600.0 260400.0 251500.0 246200.0 243200.0
25587360.1608 415200.0 410800.0 407200.0 402500.0 396200.0 388500.0 378100.0 368800.0 357400.0 346500.0 334800.0 322500.0 310500.0 302000.0 294100.0 288600.0 284800.0
27986481.04 462900.0 459800.0 455200.0 450200.0 443600.0 434800.0 426800.0 416300.0 405700.0 391800.0 381100.0 370300.0 358700.0 349800.0 338700.0 332100.0 329300.0
30596458.7657 510600.0 508800.0 504200.0 500500.0 492300.0 484400.0 475000.0 464700.0 455000.0 442100.0 431300.0 420300.0 407800.0 397500.0 386900.0 381700.0 377700.0
33457315.4333 561000.0 560400.0 554500.0 549900.0 542600.0 536600.0 524300.0 515600.0 503900.0 492500.0 482200.0 470400.0 458100.0 449700.0 440700.0 434500.0 431700.0
36579187.3064 611600.0 608900.0 607700.0 600800.0 594500.0 586700.0 580800.0 567700.0 559100.0 546800.0 535300.0 523800.0 512100.0 502800.0 495100.0 489600.0 485400.0
40002183.6404 663700.0 661900.0 657100.0 651400.0 646400.0 638500.0 630000.0 621500.0 612700.0 600600.0 589100.0 578600.0 567100.0 558200.0 550300.0 544700.0 541500.0
-----------------------

E[V/m]_eta[1/m]
N2
NUM_COLUMNS:  17
COL_VALUES:  5.0 10.0 15.0 20.0 25.0 30.0 35.0 40.0 45.0 50.0 55.0 60.0 65.0 70.0 75.0 80.0 85.0
COMMENT: generated by particle_swarm
-----------------------
500002.826392 0.0 0.0 0.0 0.0 0.0 0.0 0.0 0.0 0.0 0.0 0.0 0.0 0.0 0.0 0.0 0.0 0.0
531221.54512 0.0 0.0 0.0 0.0 0.0 0.0 0.0 0.0 0.0 0.0 0.0 0.0 0.0 0.0 0.0 0.0 0.0
564447.469744 0.0 0.0 0.0 0.0 0.0 0.0 0.0 0.0 0.0 0.0 0.0 0.0 0.0 0.0 0.0 0.0 0.0
599682.343329 0.0 0.0 0.0 0.0 0.0 0.0 0.0 0.0 0.0 0.0 0.0 0.0 0.0 0.0 0.0 0.0 0.0
637224.152791 0.0 0.0 0.0 0.0 0.0 0.0 0.0 0.0 0.0 0.0 0.0 0.0 0.0 0.0 0.0 0.0 0.0
676976.764815 0.0 0.0 0.0 0.0 0.0 0.0 0.0 0.0 0.0 0.0 0.0 0.0 0.0 0.0 0.0 0.0 0.0
719336.914179 0.0 0.0 0.0 0.0 0.0 0.0 0.0 0.0 0.0 0.0 0.0 0.0 0.0 0.0 0.0 0.0 0.0
764308.087161 0.0 0.0 0.0 0.0 0.0 0.0 0.0 0.0 0.0 0.0 0.0 0.0 0.0 0.0 0.0 0.0 0.0
811989.903201 0.0 0.0 0.0 0.0 0.0 0.0 0.0 0.0 0.0 0.0 0.0 0.0 0.0 0.0 0.0 0.0 0.0
862783.454871 0.0 0.0 0.0 0.0 0.0 0.0 0.0 0.0 0.0 0.0 0.0 0.0 0.0 0.0 0.0 0.0 0.0
916687.870597 0.0 0.0 0.0 0.0 0.0 0.0 0.0 0.0 0.0 0.0 0.0 0.0 0.0 0.0 0.0 0.0 0.0
974006.36656 0.0 0.0 0.0 0.0 0.0 0.0 0.0 0.0 0.0 0.0 0.0 0.0 0.0 0.0 0.0 0.0 0.0
1034937.31023 0.0 0.0 0.0 0.0 0.0 0.0 0.0 0.0 0.0 0.0 0.0 0.0 0.0 0.0 0.0 0.0 0.0
1099185.32964 0.0 0.0 0.0 0.0 0.0 0.0 0.0 0.0 0.0 0.0 0.0 0.0 0.0 0.0 0.0 0.0 0.0
1168443.08377 0.0 0.0 0.0 0.0 0.0 0.0 0.0 0.0 0.0 0.0 0.0 0.0 0.0 0.0 0.0 0.0 0.0
1240726.89985 0.0 0.0 0.0 0.0 0.0 0.0 0.0 0.0 0.0 0.0 0.0 0.0 0.0 0.0 0.0 0.0 0.0
1319014.02949 0.0 0.0 0.0 0.0 0.0 0.0 0.0 0.0 0.0 0.0 0.0 0.0 0.0 0.0 0.0 0.0 0.0
1401329.51514 0.0 0.0 0.0 0.0 0.0 0.0 0.0 0.0 0.0 0.0 0.0 0.0 0.0 0.0 0.0 0.0 0.0
1488669.55366 0.0 0.0 0.0 0.0 0.0 0.0 0.0 0.0 0.0 0.0 0.0 0.0 0.0 0.0 0.0 0.0 0.0
1582021.62122 0.0 0.0 0.0 0.0 0.0 0.0 0.0 0.0 0.0 0.0 0.0 0.0 0.0 0.0 0.0 0.0 0.0
1680398.24149 0.0 0.0 0.0 0.0 0.0 0.0 0.0 0.0 0.0 0.0 0.0 0.0 0.0 0.0 0.0 0.0 0.0
1785791.80197 0.0 0.0 0.0 0.0 0.0 0.0 0.0 0.0 0.0 0.0 0.0 0.0 0.0 0.0 0.0 0.0 0.0
1897223.53981 0.0 0.0 0.0 0.0 0.0 0.0 0.0 0.0 0.0 0.0 0.0 0.0 0.0 0.0 0.0 0.0 0.0
2015672.2179 0.0 0.0 0.0 0.0 0.0 0.0 0.0 0.0 0.0 0.0 0.0 0.0 0.0 0.0 0.0 0.0 0.0
2142151.4629 0.0 0.0 0.0 0.0 0.0 0.0 0.0 0.0 0.0 0.0 0.0 0.0 0.0 0.0 0.0 0.0 0.0
2275656.36466 0.0 0.0 0.0 0.0 0.0 0.0 0.0 0.0 0.0 0.0 0.0 0.0 0.0 0.0 0.0 0.0 0.0
2418196.74344 0.0 0.0 0.0 0.0 0.0 0.0 0.0 0.0 0.0 0.0 0.0 0.0 0.0 0.0 0.0 0.0 0.0
2568776.40327 0.0 0.0 0.0 0.0 0.0 0.0 0.0 0.0 0.0 0.0 0.0 0.0 0.0 0.0 0.0 0.0 0.0
2729387.73537 0.0 0.0 0.0 0.0 0.0 0.0 0.0 0.0 0.0 0.0 0.0 0.0 0.0 0.0 0.0 0.0 0.0
2900039.4549 0.0 0.0 0.0 0.0 0.0 0.0 0.0 0.0 0.0 0.0 0.0 0.0 0.0 0.0 0.0 0.0 0.0
3000417.17933 0.0 0.0 0.0 0.0 0.0 0.0 0.0 0.0 0.0 0.0 0.0 0.0 0.0 0.0 0.0 0.0 0.0
3280482.10024 0.0 0.0 0.0 0.0 0.0 0.0 0.0 0.0 0.0 0.0 0.0 0.0 0.0 0.0 0.0 0.0 0.0
3586648.54147 0.0 0.0 0.0 0.0 0.0 0.0 0.0 0.0 0.0 0.0 0.0 0.0 0.0 0.0 0.0 0.0 0.0
3921922.51836 0.0 0.0 0.0 0.0 0.0 0.0 0.0 0.0 0.0 0.0 0.0 0.0 0.0 0.0 0.0 0.0 0.0
4288322.56716 0.0 0.0 0.0 0.0 0.0 0.0 0.0 0.0 0.0 0.0 0.0 0.0 0.0 0.0 0.0 0.0 0.0
4688845.98702 0.0 0.0 0.0 0.0 0.0 0.0 0.0 0.0 0.0 0.0 0.0 0.0 0.0 0.0 0.0 0.0 0.0
5127512.41929 0.0 0.0 0.0 0.0 0.0 0.0 0.0 0.0 0.0 0.0 0.0 0.0 0.0 0.0 0.0 0.0 0.0
5606331.6848 0.0 0.0 0.0 0.0 0.0 0.0 0.0 0.0 0.0 0.0 0.0 0.0 0.0 0.0 0.0 0.0 0.0
6130328.3346 0.0 0.0 0.0 0.0 0.0 0.0 0.0 0.0 0.0 0.0 0.0 0.0 0.0 0.0 0.0 0.0 0.0
6702508.38418 0.0 0.0 0.0 0.0 0.0 0.0 0.0 0.0 0.0 0.0 0.0 0.0 0.0 0.0 0.0 0.0 0.0
7328883.86386 0.0 0.0 0.0 0.0 0.0 0.0 0.0 0.0 0.0 0.0 0.0 0.0 0.0 0.0 0.0 0.0 0.0
8013491.84563 0.0 0.0 0.0 0.0 0.0 0.0 0.0 0.0 0.0 0.0 0.0 0.0 0.0 0.0 0.0 0.0 0.0
8762344.36039 0.0 0.0 0.0 0.0 0.0 0.0 0.0 0.0 0.0 0.0 0.0 0.0 0.0 0.0 0.0 0.0 0.0
9580457.24379 0.0 0.0 0.0 0.0 0.0 0.0 0.0 0.0 0.0 0.0 0.0 0.0 0.0 0.0 0.0 0.0 0.0
10479845.8481 0.0 0.0 0.0 0.0 0.0 0.0 0.0 0.0 0.0 0.0 0.0 0.0 0.0 0.0 0.0 0.0 0.0
11453589.0833 0.0 0.0 0.0 0.0 0.0 0.0 0.0 0.0 0.0 0.0 0.0 0.0 0.0 0.0 0.0 0.0 0.0
12527683.9041 0.0 0.0 0.0 0.0 0.0 0.0 0.0 0.0 0.0 0.0 0.0 0.0 0.0 0.0 0.0 0.0 0.0
13692159.6543 0.0 0.0 0.0 0.0 0.0 0.0 0.0 0.0 0.0 0.0 0.0 0.0 0.0 0.0 0.0 0.0 0.0
14976963.1434 0.0 0.0 0.0 0.0 0.0 0.0 0.0 0.0 0.0 0.0 0.0 0.0 0.0 0.0 0.0 0.0 0.0
16372306.7709 0.0 0.0 0.0 0.0 0.0 0.0 0.0 0.0 0.0 0.0 0.0 0.0 0.0 0.0 0.0 0.0 0.0
17908076.3903 0.0 0.0 0.0 0.0 0.0 0.0 0.0 0.0 0.0 0.0 0.0 0.0 0.0 0.0 0.0 0.0 0.0
19574484.3099 0.0 0.0 0.0 0.0 0.0 0.0 0.0 0.0 0.0 0.0 0.0 0.0 0.0 0.0 0.0 0.0 0.0
21401503.592 0.0 0.0 0.0 0.0 0.0 0.0 0.0 0.0 0.0 0.0 0.0 0.0 0.0 0.0 0.0 0.0 0.0
23409058.0759 0.0 0.0 0.0 0.0 0.0 0.0 0.0 0.0 0.0 0.0 0.0 0.0 0.0 0.0 0.0 0.0 0.0
25587360.1608 0.0 0.0 0.0 0.0 0.0 0.0 0.0 0.0 0.0 0.0 0.0 0.0 0.0 0.0 0.0 0.0 0.0
27986481.04 0.0 0.0 0.0 0.0 0.0 0.0 0.0 0.0 0.0 0.0 0.0 0.0 0.0 0.0 0.0 0.0 0.0
30596458.7657 0.0 0.0 0.0 0.0 0.0 0.0 0.0 0.0 0.0 0.0 0.0 0.0 0.0 0.0 0.0 0.0 0.0
33457315.4333 0.0 0.0 0.0 0.0 0.0 0.0 0.0 0.0 0.0 0.0 0.0 0.0 0.0 0.0 0.0 0.0 0.0
36579187.3064 0.0 0.0 0.0 0.0 0.0 0.0 0.0 0.0 0.0 0.0 0.0 0.0 0.0 0.0 0.0 0.0 0.0
40002183.6404 0.0 0.0 0.0 0.0 0.0 0.0 0.0 0.0 0.0 0.0 0.0 0.0 0.0 0.0 0.0 0.0 0.0
-----------------------

E[V/m]_diff[m2/s]
N2
NUM_COLUMNS:  17
COL_VALUES:  5.0 10.0 15.0 20.0 25.0 30.0 35.0 40.0 45.0 50.0 55.0 60.0 65.0 70.0 75.0 80.0 85.0
COMMENT: generated by particle_swarm
-----------------------
500002.826392 0.02693 0.02668 0.02683 0.02729 0.0278 0.02818 0.02909 0.03007 0.03088 0.03261 0.03434 0.03649 0.03956 0.04358 0.0493 0.05658 0.06491
531221.54512 0.02645 0.02661 0.0265 0.02705 0.02767 0.02815 0.02865 0.02956 0.03076 0.03229 0.03374 0.03645 0.03985 0.04376 0.04941 0.05686 0.06507
564447.469744 0.0264 0.02639 0.02661 0.0266 0.02744 0.02774 0.02821 0.02909 0.03055 0.03216 0.03365 0.03621 0.03911 0.04359 0.04929 0.05728 0.06534
599682.343329 0.02588 0.02626 0.02643 0.02655 0.02709 0.02743 0.02823 0.02912 0.03049 0.03189 0.03354 0.0358 0.0394 0.04371 0.04979 0.05697 0.06597
637224.152791 0.02564 0.0261 0.02595 0.02647 0.02686 0.0274 0.02829 0.0292 0.03015 0.03152 0.0335 0.03591 0.03925 0.04359 0.04934 0.05717 0.06578
676976.764815 0.02584 0.02594 0.02588 0.0262 0.02648 0.02726 0.02789 0.02871 0.03006 0.03149 0.03315 0.03562 0.03898 0.04328 0.04954 0.05765 0.06617
719336.914179 0.02542 0.02566 0.0256 0.02582 0.02633 0.02701 0.02778 0.02862 0.03004 0.03133 0.03333 0.03566 0.03901 0.04335 0.0493 0.05749 0.06587
764308.087161 0.02513 0.02511 0.02561 0.02593 0.02639 0.02676 0.02736 0.02837 0.02952 0.03127 0.03287 0.03572 0.03868 0.04297 0.04954 0.05738 0.06671
811989.903201 0.02507 0.0253 0.02544 0.02577 0.02618 0.02668 0.02767 0.02846 0.02936 0.03085 0.03307 0.03515 0.03827 0.04297 0.04938 0.0571 0.06642
862783.454871 0.02475 0.02529 0.02545 0.0254 0.02587 0.02638 0.02725 0.0283 0.02928 0.03078 0.03267 0.03498 0.0382 0.04314 0.04879 0.05738 0.06646
916687.870597 0.02494 0.02516 0.02498 0.02569 0.02584 0.02669 0.02701 0.02816 0.02904 0.03075 0.0326 0.03476 0.03832 0.043 0.049 0.05704 0.06699
974006.36656 0.0249 0.02498 0.02509 0.0256 0.02569 0.02647 0.02697 0.02761 0.02871 0.03012 0.03246 0.03463 0.03849 0.04298 0.04937 0.05743 0.06629
1034937.31023 0.02511 0.02485 0.02514 0.02536 0.02581 0.02621 0.02706 0.0276 0.0292 0.03 0.03251 0.03459 0.03817 0.04262 0.04881 0.05721 0.0661
1099185.32964 0.02523 0.02498 0.02531 0.02545 0.0258 0.02655 0.02706 0.02762 0.02906 0.02997 0.03193 0.0347 0.03784 0.04255 0.049 0.05722 0.06613
1168443.08377 0.02543 0.02535 0.02575 0.026 0.02599 0.02657 0.02711 0.02799 0.02897 0.03016 0.0318 0.03447 0.03764 0.04228 0.04857 0.05705 0.06629
1240726.89985 0.02586 0.02602 0.02596 0.02614 0.02626 0.02662 0.02706 0.02769 0.02893 0.03006 0.03186 0.03445 0.03744 0.04223 0.04872 0.057 0.06587
1319014.02949 0.02644 0.02668 0.02646 0.02692 0.02672 0.02698 0.02762 0.02813 0.02918 0.03011 0.03183 0.03434 0.03748 0.04194 0.04818 0.05645 0.06613
1401329.51514 0.02747 0.02739 0.02751 0.02765 0.02733 0.02773 0.02798 0.02859 0.02942 0.03051 0.03207 0.03429 0.03755 0.04192 0.04872 0.05652 0.06593
1488669.55366 0.02906 0.02928 0.02863 0.02853 0.02891 0.02842 0.02845 0.02875 0.02916 0.0308 0.03213 0.03437 0.03757 0.04199 0.04832 0.05615 0.06568
1582021.62122 0.03074 0.03057 0.03034 0.03041 0.02974 0.02991 0.02977 0.02979 0.03041 0.03104 0.03236 0.03478 0.0375 0.04195 0.04808 0.05641 0.06556
1680398.24149 0.03272 0.03276 0.03223 0.0322 0.03157 0.03101 0.03096 0.03071 0.03136 0.03178 0.03309 0.03502 0.03794 0.04215 0.04835 0.0563 0.06586
1785791.80197 0.0358 0.03549 0.03484 0.03489 0.03408 0.03302 0.03293 0.0324 0.03226 0.03266 0.03367 0.03516 0.03794 0.04213 0.04793 0.05654 0.06537
1897223.53981 0.03875 0.03858 0.03842 0.03698 0.03674 0.03593 0.0349 0.03463 0.03415 0.03436 0.03473 0.03614 0.03875 0.0425 0.04847 0.05644 0.06575
2015672.2179 0.04275 0.04151 0.04162 0.04075 0.03974 0.03895 0.03815 0.0368 0.03614 0.03548 0.03627 0.03739 0.03962 0.04281 0.04851 0.05673 0.06555
2142151.4629 0.04636 0.04637 0.04521 0.0445 0.04352 0.04192 0.04085 0.0397 0.03851 0.0382 0.03827 0.03862 0.04039 0.04381 0.04903 0.05698 0.06581
2275656.36466 0.05099 0.05007 0.04972 0.04904 0.0474 0.04605 0.04437 0.04316 0.04107 0.0406 0.04034 0.04076 0.04192 0.04438 0.04988 0.05738 0.06573
2418196.74344 0.05623 0.05531 0.05421 0.05372 0.05243 0.05017 0.04906 0.04693 0.04512 0.04395 0.04286 0.04271 0.044 0.04589 0.05105 0.05808 0.0666
2568776.40327 0.06124 0.06048 0.05995 0.05912 0.05724 0.05543 0.05324 0.05162 0.0487 0.0477 0.04606 0.04539 0.046 0.04788 0.05162 0.05876 0.06728
2729387.73537 0.06621 0.06574 0.06533 0.06415 0.06208 0.06017 0.0583 0.05651 0.05439 0.05157 0.04991 0.04905 0.04868 0.05014 0.05415 0.06034 0.06821
2900039.4549 0.07172 0.07133 0.06994 0.0693 0.06785 0.06542 0.06305 0.06124 0.05901 0.05683 0.05404 0.0533 0.05253 0.05271 0.05605 0.06202 0.06965
3000417.17933 0.07471 0.07433 0.07332 0.07196 0.07059 0.0687 0.06589 0.06437 0.0616 0.05922 0.05701 0.05495 0.05427 0.05525 0.05756 0.06319 0.07038
3280482.10024 0.08247 0.08188 0.08118 0.08012 0.079 0.07677 0.07472 0.07284 0.06947 0.06718 0.0643 0.06139 0.05995 0.06071 0.06226 0.0667 0.07365
3586648.54147 0.08974 0.08965 0.08887 0.08776 0.08642 0.08458 0.08291 0.07999 0.07753 0.07489 0.07206 0.06907 0.06775 0.06712 0.06794 0.071 0.0778
3921922.51836 0.09675 0.0968 0.09579 0.09496 0.09383 0.0922 0.09041 0.08826 0.08585 0.0831 0.08015 0.07746 0.0754 0.07447 0.07452 0.07718 0.08182
4288322.56716 0.1031 0.103 0.1025 0.1019 0.1006 0.09973 0.09785 0.09588 0.09387 0.09109 0.08843 0.08537 0.08332 0.08176 0.08158 0.08327 0.08714
4688845.98702 0.1094 0.1095 0.1092 0.1077 0.1069 0.1057 0.1049 0.1034 0.1014 0.09906 0.09635 0.09399 0.09138 0.08939 0.08884 0.09065 0.09451
5127512.41929 0.1151 0.1148 0.1143 0.1134 0.1131 0.1124 0.1114 0.1098 0.1083 0.1061 0.1041 0.1018 0.09959 0.09758 0.09694 0.09775 0.1008
5606331.6848 0.1207 0.1201 0.1195 0.12 0.1189 0.1183 0.1172 0.1162 0.1143 0.1134 0.1113 0.1098 0.1071 0.1056 0.1048 0.1054 0.1077
6130328.3346 0.1261 0.1248 0.1242 0.1242 0.1242 0.1224 0.1229 0.1212 0.121 0.1192 0.118 0.1172 0.1144 0.1136 0.1124 0.1128 0.1152
6702508.38418 0.1306 0.1303 0.13 0.1283 0.1298 0.1289 0.1275 0.1274 0.1271 0.1257 0.1244 0.1238 0.1222 0.121 0.1202 0.1201 0.1219
7328883.86386 0.1346 0.1335 0.1347 0.134 0.1337 0.1344 0.133 0.1329 0.1326 0.1319 0.1307 0.1296 0.1288 0.1278 0.1274 0.1268 0.1283
8013491.84563 0.1397 0.1391 0.1385 0.1388 0.1391 0.1396 0.1387 0.1379 0.1369 0.1378 0.136 0.1363 0.1348 0.135 0.1343 0.1348 0.1359
8762344.36039 0.1438 0.1433 0.1435 0.143 0.1438 0.1436 0.1434 0.1428 0.1427 0.1426 0.142 0.1414 0.1417 0.1411 0.1407 0.1421 0.1426
9580457.24379 0.1465 0.1484 0.1471 0.1472 0.148 0.1486 0.1474 0.1461 0.147 0.1467 0.1479 0.149 0.149 0.1486 0.1486 0.1481 0.1499
10479845.8481 0.1521 0.1523 0.1521 0.1519 0.1524 0.1529 0.153 0.1538 0.1521 0.1527 0.1525 0.1545 0.154 0.154 0.1545 0.1535 0.1562
11453589.0833 0.1555 0.1562 0.1564 0.1555 0.1555 0.1576 0.1568 0.1566 0.1578 0.1577 0.159 0.1594 0.1606 0.1601 0.161 0.1615 0.1612
12527683.9041 0.1608 0.1618 0.1616 0.1615 0.1623 0.1613 0.1629 0.1619 0.1634 0.164 0.1647 0.1661 0.1655 0.1662 0.1672 0.1673 0.1683
13692159.6543 0.1648 0.1661 0.1652 0.1664 0.1658 0.1665 0.1665 0.1674 0.1679 0.1691 0.1719 0.1714 0.1719 0.1726 0.1727 0.1749 0.1766
14976963.1434 0.1709 0.1706 0.1702 0.17 0.1705 0.1721 0.174 0.1717 0.1735 0.1744 0.1745 0.1765 0.1775 0.1799 0.1822 0.1808 0.1818
16372306.7709 0.1764 0.1747 0.176 0.1767 0.1762 0.1774 0.1775 0.1796 0.1796 0.1817 0.1813 0.1831 0.1846 0.1853 0.1865 0.1889 0.1897
17908076.3903 0.1813 0.1813 0.1824 0.1846 0.1847 0.1837 0.1842 0.1852 0.1875 0.1884 0.1874 0.189 0.1909 0.1933 0.195 0.1977 0.1962
19574484.3099 0.1884 0.1896 0.1891 0.1887 0.1889 0.1898 0.1917 0.1921 0.1922 0.1956 0.1947 0.1968 0.1978 0.2002 0.2026 0.2006 0.201
21401503.592 0.1937 0.1951 0.1934 0.1926 0.1978 0.1966 0.1983 0.1978 0.2008 0.2 0.2006 0.2021 0.2045 0.2069 0.2068 0.2096 0.2118
23409058.0759 0.2025 0.2021 0.2043 0.2046 0.204 0.2062 0.2041 0.2062 0.2069 0.2088 0.2102 0.2117 0.215 0.2146 0.2184 0.217 0.2202
25587360.1608 0.2123 0.2079 0.2117 0.2099 0.2117 0.2123 0.2142 0.2133 0.2167 0.2178 0.2184 0.2199 0.2205 0.2231 0.2238 0.2274 0.2279
27986481.04 0.2206 0.2229 0.2189 0.2203 0.2194 0.2188 0.2213 0.2234 0.223 0.2245 0.2258 0.2277 0.2298 0.236 0.2345 0.2358 0.2381
30596458.7657 0.2301 0.233 0.2276 0.2332 0.2328 0.2328 0.2324 0.2327 0.2356 0.2385 0.2368 0.2389 0.243 0.2401 0.244 0.2447 0.2454
33457315.4333 0.2427 0.2404 0.2387 0.2422 0.24 0.2427 0.2399 0.2468 0.2468 0.2471 0.2519 0.2485 0.2511 0.2527 0.2565 0.2543 0.261
36579187.3064 0.2543 0.2562 0.2538 0.2563 0.2543 0.2558 0.2557 0.2562 0.2584 0.261 0.2606 0.2592 0.2619 0.2634 0.2668 0.2649 0.2666
40002183.6404 0.2697 0.267 0.269 0.2706 0.2672 0.2704 0.267 0.2711 0.2686 0.2698 0.2732 0.2728 0.2744 0.2768 0.2789 0.2792 0.2783
-----------------------

