E[V/m]_muB[m2/Vs]
N2
NUM_COLUMNS:  10
COL_VALUES:  0.0 10.0 20.0 30.0 40.0 50.0 60.0 70.0 80.0 90.0
COMMENT: generated by particle_swarm
-----------------------
5.0000E+05 6.1190E-02 6.1470E-02 6.2040E-02 6.2900E-02 6.5040E-02 6.7460E-02 7.0680E-02 7.5850E-02 8.2470E-02 8.9090E-02
6.0000E+05 5.8590E-02 5.8920E-02 5.9700E-02 6.0590E-02 6.2260E-02 6.4310E-02 6.7750E-02 7.1750E-02 7.7940E-02 8.4130E-02
7.0000E+05 5.6670E-02 5.7060E-02 5.7880E-02 5.8590E-02 6.0290E-02 6.2230E-02 6.5180E-02 6.9640E-02 7.5070E-02 8.0500E-02
8.0000E+05 5.5360E-02 5.5650E-02 5.5950E-02 5.7050E-02 5.8870E-02 6.0790E-02 6.3770E-02 6.7640E-02 7.2750E-02 7.7860E-02
9.0000E+05 5.3850E-02 5.3970E-02 5.4800E-02 5.5800E-02 5.7110E-02 5.9350E-02 6.2470E-02 6.6430E-02 7.0460E-02 7.4490E-02
1.0000E+06 5.2750E-02 5.2800E-02 5.3330E-02 5.4460E-02 5.5900E-02 5.8140E-02 6.0970E-02 6.4970E-02 6.9660E-02 7.4350E-02
1.1340E+06 5.1240E-02 5.1420E-02 5.2100E-02 5.3150E-02 5.4530E-02 5.6730E-02 5.9900E-02 6.3600E-02 6.7930E-02 7.2260E-02
1.2850E+06 4.9950E-02 5.0100E-02 5.0550E-02 5.1630E-02 5.3190E-02 5.5190E-02 5.8310E-02 6.2320E-02 6.7310E-02 7.2300E-02
1.4570E+06 4.8410E-02 4.8650E-02 4.9330E-02 5.0270E-02 5.1800E-02 5.4150E-02 5.7130E-02 6.1060E-02 6.5480E-02 6.9900E-02
1.6520E+06 4.7070E-02 4.7320E-02 4.7890E-02 4.8830E-02 5.0470E-02 5.2650E-02 5.5920E-02 5.9760E-02 6.4760E-02 6.9760E-02
1.8720E+06 4.5770E-02 4.5920E-02 4.6520E-02 4.7530E-02 4.9020E-02 5.1230E-02 5.4310E-02 5.8170E-02 6.4000E-02 6.9830E-02
2.1230E+06 4.4600E-02 4.4760E-02 4.5180E-02 4.6240E-02 4.7610E-02 4.9770E-02 5.2880E-02 5.6940E-02 6.2230E-02 6.7520E-02
2.4060E+06 4.3570E-02 4.3720E-02 4.4170E-02 4.4950E-02 4.6240E-02 4.8230E-02 5.1320E-02 5.5630E-02 6.0860E-02 6.6090E-02
2.7280E+06 4.2600E-02 4.2720E-02 4.3120E-02 4.3840E-02 4.4960E-02 4.6860E-02 4.9540E-02 5.3630E-02 5.9180E-02 6.4730E-02
3.0920E+06 4.1600E-02 4.1740E-02 4.2120E-02 4.2860E-02 4.3900E-02 4.5430E-02 4.7990E-02 5.1860E-02 5.7010E-02 6.2160E-02
3.5060E+06 4.0800E-02 4.0920E-02 4.1200E-02 4.1810E-02 4.2780E-02 4.4090E-02 4.6540E-02 4.9630E-02 5.4840E-02 6.0050E-02
3.9740E+06 4.0000E-02 4.0100E-02 4.0380E-02 4.0910E-02 4.1670E-02 4.2970E-02 4.4950E-02 4.8100E-02 5.2650E-02 5.7200E-02
4.5050E+06 3.9220E-02 3.9270E-02 3.9570E-02 4.0060E-02 4.0810E-02 4.1890E-02 4.3480E-02 4.5920E-02 4.9900E-02 5.3880E-02
5.1070E+06 3.8270E-02 3.8450E-02 3.8700E-02 3.9160E-02 3.9780E-02 4.0790E-02 4.2150E-02 4.4300E-02 4.7340E-02 5.0380E-02
5.7900E+06 3.7580E-02 3.7610E-02 3.7920E-02 3.8290E-02 3.8920E-02 3.9720E-02 4.0990E-02 4.2710E-02 4.5330E-02 4.7950E-02
6.5630E+06 3.6660E-02 3.6710E-02 3.7020E-02 3.7420E-02 3.7980E-02 3.8720E-02 3.9730E-02 4.1370E-02 4.3310E-02 4.5250E-02
7.4410E+06 3.5790E-02 3.5780E-02 3.6100E-02 3.6450E-02 3.7040E-02 3.7840E-02 3.8690E-02 4.0040E-02 4.1400E-02 4.2760E-02
8.4350E+06 3.4900E-02 3.4910E-02 3.5130E-02 3.5480E-02 3.5970E-02 3.6780E-02 3.7650E-02 3.8680E-02 3.9880E-02 4.1080E-02
9.5620E+06 3.3900E-02 3.3980E-02 3.4240E-02 3.4600E-02 3.5100E-02 3.5740E-02 3.6550E-02 3.7470E-02 3.8700E-02 3.9930E-02
1.0840E+07 3.2900E-02 3.3020E-02 3.3220E-02 3.3540E-02 3.4010E-02 3.4690E-02 3.5400E-02 3.6350E-02 3.6990E-02 3.7630E-02
1.2290E+07 3.1930E-02 3.1990E-02 3.2240E-02 3.2550E-02 3.3040E-02 3.3700E-02 3.4320E-02 3.5140E-02 3.5730E-02 3.6320E-02
1.3930E+07 3.0920E-02 3.0990E-02 3.1180E-02 3.1550E-02 3.2000E-02 3.2590E-02 3.3120E-02 3.3990E-02 3.4650E-02 3.5310E-02
1.5790E+07 2.9950E-02 2.9940E-02 3.0150E-02 3.0480E-02 3.0970E-02 3.1350E-02 3.2160E-02 3.2760E-02 3.3340E-02 3.3920E-02
1.7900E+07 2.8890E-02 2.8940E-02 2.9110E-02 2.9340E-02 2.9820E-02 3.0300E-02 3.0830E-02 3.1540E-02 3.2260E-02 3.2980E-02
2.0300E+07 2.7850E-02 2.7960E-02 2.8150E-02 2.8340E-02 2.8690E-02 2.9210E-02 2.9790E-02 3.0290E-02 3.0840E-02 3.1390E-02
2.3010E+07 2.6870E-02 2.6890E-02 2.7040E-02 2.7330E-02 2.7620E-02 2.8120E-02 2.8610E-02 2.9190E-02 2.9530E-02 2.9870E-02
2.6080E+07 2.5860E-02 2.5920E-02 2.6050E-02 2.6350E-02 2.6580E-02 2.7000E-02 2.7410E-02 2.8040E-02 2.8370E-02 2.8700E-02
2.9570E+07 2.4960E-02 2.4930E-02 2.5060E-02 2.5270E-02 2.5560E-02 2.5870E-02 2.6360E-02 2.6750E-02 2.7170E-02 2.7590E-02
3.3520E+07 2.3990E-02 2.4000E-02 2.4090E-02 2.4340E-02 2.4530E-02 2.4850E-02 2.5240E-02 2.5700E-02 2.5930E-02 2.6160E-02
3.8000E+07 2.3040E-02 2.3090E-02 2.3170E-02 2.3310E-02 2.3590E-02 2.3880E-02 2.4140E-02 2.4470E-02 2.4850E-02 2.5230E-02
-----------------------

E[V/m]_muxB[m2/Vs]
N2
NUM_COLUMNS:  10
COL_VALUES:  0.0 10.0 20.0 30.0 40.0 50.0 60.0 70.0 80.0 90.0
COMMENT: generated by particle_swarm
-----------------------
5.0000E+05 1.3490E-02 1.3490E-02 1.4060E-02 1.3910E-02 1.3880E-02 1.3480E-02 1.2980E-02 1.2510E-02 1.1980E-02 1.1410E-02
6.0000E+05 1.3390E-02 1.3390E-02 1.4150E-02 1.3910E-02 1.3900E-02 1.3680E-02 1.3360E-02 1.2890E-02 1.2370E-02 1.1900E-02
7.0000E+05 1.4300E-02 1.4300E-02 1.4820E-02 1.4110E-02 1.4240E-02 1.3760E-02 1.3520E-02 1.3220E-02 1.2670E-02 1.2210E-02
8.0000E+05 1.4450E-02 1.4450E-02 1.4440E-02 1.4100E-02 1.4290E-02 1.4000E-02 1.3790E-02 1.3390E-02 1.2820E-02 1.2480E-02
9.0000E+05 1.4590E-02 1.4590E-02 1.4680E-02 1.4800E-02 1.4700E-02 1.4130E-02 1.3980E-02 1.3480E-02 1.2980E-02 1.2650E-02
1.0000E+06 1.4890E-02 1.4890E-02 1.4950E-02 1.4670E-02 1.4570E-02 1.4290E-02 1.4060E-02 1.3590E-02 1.3140E-02 1.2840E-02
1.1340E+06 1.5050E-02 1.5050E-02 1.5040E-02 1.4760E-02 1.4730E-02 1.4440E-02 1.4140E-02 1.3770E-02 1.3250E-02 1.3010E-02
1.2850E+06 1.4750E-02 1.4750E-02 1.5200E-02 1.4990E-02 1.4850E-02 1.4590E-02 1.4260E-02 1.3820E-02 1.3390E-02 1.3100E-02
1.4570E+06 1.5260E-02 1.5260E-02 1.5210E-02 1.4980E-02 1.5000E-02 1.4780E-02 1.4380E-02 1.3940E-02 1.3470E-02 1.3150E-02
1.6520E+06 1.5890E-02 1.5890E-02 1.5330E-02 1.5300E-02 1.5020E-02 1.4840E-02 1.4500E-02 1.4020E-02 1.3550E-02 1.3240E-02
1.8720E+06 1.5310E-02 1.5310E-02 1.5380E-02 1.5440E-02 1.5120E-02 1.4960E-02 1.4640E-02 1.4160E-02 1.3660E-02 1.3370E-02
2.1230E+06 1.5870E-02 1.5870E-02 1.5430E-02 1.5480E-02 1.5340E-02 1.5060E-02 1.4720E-02 1.4250E-02 1.3730E-02 1.3420E-02
2.4060E+06 1.5650E-02 1.5650E-02 1.5720E-02 1.5400E-02 1.5390E-02 1.5170E-02 1.4870E-02 1.4380E-02 1.3830E-02 1.3520E-02
2.7280E+06 1.5980E-02 1.5980E-02 1.5610E-02 1.5730E-02 1.5440E-02 1.5280E-02 1.5040E-02 1.4560E-02 1.4040E-02 1.3650E-02
3.0920E+06 1.6030E-02 1.6030E-02 1.5830E-02 1.5740E-02 1.5640E-02 1.5500E-02 1.5180E-02 1.4720E-02 1.4200E-02 1.3890E-02
3.5060E+06 1.5910E-02 1.5910E-02 1.5840E-02 1.5810E-02 1.5750E-02 1.5610E-02 1.5310E-02 1.4930E-02 1.4430E-02 1.4080E-02
3.9740E+06 1.6000E-02 1.6000E-02 1.5870E-02 1.5940E-02 1.5840E-02 1.5720E-02 1.5520E-02 1.5170E-02 1.4680E-02 1.4360E-02
4.5050E+06 1.6060E-02 1.6060E-02 1.6080E-02 1.6080E-02 1.5940E-02 1.5850E-02 1.5640E-02 1.5340E-02 1.4930E-02 1.4690E-02
5.1070E+06 1.6340E-02 1.6340E-02 1.6200E-02 1.6050E-02 1.6070E-02 1.5920E-02 1.5780E-02 1.5540E-02 1.5200E-02 1.4960E-02
5.7900E+06 1.6130E-02 1.6130E-02 1.6050E-02 1.6200E-02 1.6110E-02 1.6050E-02 1.5910E-02 1.5730E-02 1.5420E-02 1.5230E-02
6.5630E+06 1.6190E-02 1.6190E-02 1.6010E-02 1.6300E-02 1.6180E-02 1.6150E-02 1.6070E-02 1.5860E-02 1.5650E-02 1.5480E-02
7.4410E+06 1.6450E-02 1.6450E-02 1.6410E-02 1.6350E-02 1.6280E-02 1.6270E-02 1.6160E-02 1.6030E-02 1.5820E-02 1.5680E-02
8.4350E+06 1.6360E-02 1.6360E-02 1.6410E-02 1.6330E-02 1.6400E-02 1.6260E-02 1.6190E-02 1.6130E-02 1.6010E-02 1.5910E-02
9.5620E+06 1.6550E-02 1.6550E-02 1.6460E-02 1.6460E-02 1.6420E-02 1.6370E-02 1.6280E-02 1.6220E-02 1.6150E-02 1.6060E-02
1.0840E+07 1.6440E-02 1.6440E-02 1.6600E-02 1.6550E-02 1.6460E-02 1.6370E-02 1.6400E-02 1.6280E-02 1.6250E-02 1.6170E-02
1.2290E+07 1.6610E-02 1.6610E-02 1.6570E-02 1.6470E-02 1.6530E-02 1.6430E-02 1.6460E-02 1.6370E-02 1.6350E-02 1.6280E-02
1.3930E+07 1.6750E-02 1.6750E-02 1.6640E-02 1.6560E-02 1.6500E-02 1.6490E-02 1.6490E-02 1.6420E-02 1.6370E-02 1.6380E-02
1.5790E+07 1.6380E-02 1.6380E-02 1.6580E-02 1.6540E-02 1.6570E-02 1.6520E-02 1.6520E-02 1.6450E-02 1.6420E-02 1.6420E-02
1.7900E+07 1.6370E-02 1.6370E-02 1.6590E-02 1.6570E-02 1.6560E-02 1.6510E-02 1.6510E-02 1.6510E-02 1.6450E-02 1.6450E-02
2.0300E+07 1.6560E-02 1.6560E-02 1.6560E-02 1.6530E-02 1.6450E-02 1.6500E-02 1.6510E-02 1.6490E-02 1.6480E-02 1.6430E-02
2.3010E+07 1.6440E-02 1.6440E-02 1.6400E-02 1.6380E-02 1.6500E-02 1.6460E-02 1.6450E-02 1.6440E-02 1.6420E-02 1.6440E-02
2.6080E+07 1.6270E-02 1.6270E-02 1.6230E-02 1.6340E-02 1.6320E-02 1.6360E-02 1.6400E-02 1.6370E-02 1.6380E-02 1.6360E-02
2.9570E+07 1.6130E-02 1.6130E-02 1.6230E-02 1.6200E-02 1.6220E-02 1.6280E-02 1.6300E-02 1.6270E-02 1.6310E-02 1.6310E-02
3.3520E+07 1.6030E-02 1.6030E-02 1.6060E-02 1.6010E-02 1.6180E-02 1.6140E-02 1.6120E-02 1.6120E-02 1.6170E-02 1.6160E-02
3.8000E+07 1.5960E-02 1.5960E-02 1.5820E-02 1.5890E-02 1.5870E-02 1.5910E-02 1.5970E-02 1.6010E-02 1.5980E-02 1.6010E-02
-----------------------

E[V/m]_muExB[m2/Vs]
N2
NUM_COLUMNS:  10
COL_VALUES:  0.0 10.0 20.0 30.0 40.0 50.0 60.0 70.0 80.0 90.0
COMMENT: generated by particle_swarm
-----------------------
5.0000E+05 2.4390E-02 2.4390E-02 2.4840E-02 2.5100E-02 2.5290E-02 2.5830E-02 2.6260E-02 2.6900E-02 2.7650E-02 2.8190E-02
6.0000E+05 2.3150E-02 2.3150E-02 2.4160E-02 2.4260E-02 2.4720E-02 2.5000E-02 2.5710E-02 2.6510E-02 2.7110E-02 2.7540E-02
7.0000E+05 2.3110E-02 2.3110E-02 2.3440E-02 2.3560E-02 2.4190E-02 2.4530E-02 2.5270E-02 2.5900E-02 2.6660E-02 2.7040E-02
8.0000E+05 2.2900E-02 2.2900E-02 2.2910E-02 2.3620E-02 2.3770E-02 2.4170E-02 2.4790E-02 2.5560E-02 2.6250E-02 2.6700E-02
9.0000E+05 2.2400E-02 2.2400E-02 2.2490E-02 2.2900E-02 2.3390E-02 2.3850E-02 2.4410E-02 2.5220E-02 2.6030E-02 2.6370E-02
1.0000E+06 2.2080E-02 2.2080E-02 2.2340E-02 2.2510E-02 2.2940E-02 2.3480E-02 2.4070E-02 2.4910E-02 2.5660E-02 2.6110E-02
1.1340E+06 2.1620E-02 2.1620E-02 2.1660E-02 2.1920E-02 2.2400E-02 2.2970E-02 2.3710E-02 2.4520E-02 2.5320E-02 2.5750E-02
1.2850E+06 2.1270E-02 2.1270E-02 2.1270E-02 2.1590E-02 2.1940E-02 2.2570E-02 2.3300E-02 2.4200E-02 2.4980E-02 2.5440E-02
1.4570E+06 2.0940E-02 2.0940E-02 2.0600E-02 2.1040E-02 2.1550E-02 2.2090E-02 2.2920E-02 2.3760E-02 2.4690E-02 2.5120E-02
1.6520E+06 2.0000E-02 2.0000E-02 2.0420E-02 2.0630E-02 2.1130E-02 2.1730E-02 2.2480E-02 2.3370E-02 2.4350E-02 2.4810E-02
1.8720E+06 1.9960E-02 1.9960E-02 1.9960E-02 2.0360E-02 2.0740E-02 2.1300E-02 2.2040E-02 2.3070E-02 2.3960E-02 2.4530E-02
2.1230E+06 1.9680E-02 1.9680E-02 1.9860E-02 1.9950E-02 2.0420E-02 2.0900E-02 2.1660E-02 2.2650E-02 2.3640E-02 2.4170E-02
2.4060E+06 1.9710E-02 1.9710E-02 1.9300E-02 1.9660E-02 2.0040E-02 2.0640E-02 2.1300E-02 2.2230E-02 2.3260E-02 2.3850E-02
2.7280E+06 1.9470E-02 1.9470E-02 1.9390E-02 1.9590E-02 1.9860E-02 2.0280E-02 2.0980E-02 2.1860E-02 2.2860E-02 2.3460E-02
3.0920E+06 1.9220E-02 1.9220E-02 1.9160E-02 1.9440E-02 1.9680E-02 2.0070E-02 2.0650E-02 2.1460E-02 2.2420E-02 2.3040E-02
3.5060E+06 1.8860E-02 1.8860E-02 1.9120E-02 1.9260E-02 1.9440E-02 1.9780E-02 2.0360E-02 2.1120E-02 2.2030E-02 2.2580E-02
3.9740E+06 1.8860E-02 1.8860E-02 1.8890E-02 1.9120E-02 1.9300E-02 1.9620E-02 2.0120E-02 2.0710E-02 2.1600E-02 2.2130E-02
4.5050E+06 1.8950E-02 1.8950E-02 1.8890E-02 1.8900E-02 1.9090E-02 1.9460E-02 1.9850E-02 2.0430E-02 2.1190E-02 2.1670E-02
5.1070E+06 1.8550E-02 1.8550E-02 1.8560E-02 1.8690E-02 1.8860E-02 1.9200E-02 1.9570E-02 2.0120E-02 2.0770E-02 2.1160E-02
5.7900E+06 1.7950E-02 1.7950E-02 1.8330E-02 1.8390E-02 1.8640E-02 1.8950E-02 1.9310E-02 1.9800E-02 2.0310E-02 2.0690E-02
6.5630E+06 1.7930E-02 1.7930E-02 1.7910E-02 1.8250E-02 1.8380E-02 1.8700E-02 1.9000E-02 1.9400E-02 1.9900E-02 2.0190E-02
7.4410E+06 1.7890E-02 1.7890E-02 1.7690E-02 1.7910E-02 1.8070E-02 1.8310E-02 1.8640E-02 1.9030E-02 1.9470E-02 1.9710E-02
8.4350E+06 1.7310E-02 1.7310E-02 1.7240E-02 1.7420E-02 1.7720E-02 1.7950E-02 1.8250E-02 1.8630E-02 1.9000E-02 1.9200E-02
9.5620E+06 1.6590E-02 1.6590E-02 1.7040E-02 1.7070E-02 1.7260E-02 1.7570E-02 1.7860E-02 1.8220E-02 1.8540E-02 1.8740E-02
1.0840E+07 1.6720E-02 1.6720E-02 1.6450E-02 1.6670E-02 1.6890E-02 1.7080E-02 1.7410E-02 1.7740E-02 1.8060E-02 1.8170E-02
1.2290E+07 1.6030E-02 1.6030E-02 1.6050E-02 1.6310E-02 1.6440E-02 1.6660E-02 1.6960E-02 1.7280E-02 1.7580E-02 1.7640E-02
1.3930E+07 1.5650E-02 1.5650E-02 1.5590E-02 1.5780E-02 1.5920E-02 1.6170E-02 1.6420E-02 1.6760E-02 1.6980E-02 1.7100E-02
1.5790E+07 1.4920E-02 1.4920E-02 1.5050E-02 1.5250E-02 1.5430E-02 1.5630E-02 1.5900E-02 1.6180E-02 1.6420E-02 1.6500E-02
1.7900E+07 1.4530E-02 1.4530E-02 1.4510E-02 1.4710E-02 1.4820E-02 1.5060E-02 1.5340E-02 1.5580E-02 1.5800E-02 1.5930E-02
2.0300E+07 1.3810E-02 1.3810E-02 1.3920E-02 1.4070E-02 1.4260E-02 1.4520E-02 1.4710E-02 1.4980E-02 1.5200E-02 1.5300E-02
2.3010E+07 1.3200E-02 1.3200E-02 1.3280E-02 1.3510E-02 1.3680E-02 1.3910E-02 1.4150E-02 1.4390E-02 1.4550E-02 1.4620E-02
2.6080E+07 1.2680E-02 1.2680E-02 1.2800E-02 1.2920E-02 1.3070E-02 1.3280E-02 1.3470E-02 1.3710E-02 1.3880E-02 1.3960E-02
2.9570E+07 1.2100E-02 1.2100E-02 1.2120E-02 1.2240E-02 1.2410E-02 1.2580E-02 1.2860E-02 1.3070E-02 1.3200E-02 1.3260E-02
3.3520E+07 1.1460E-02 1.1460E-02 1.1470E-02 1.1590E-02 1.1810E-02 1.1980E-02 1.2130E-02 1.2340E-02 1.2510E-02 1.2560E-02
3.8000E+07 1.1110E-02 1.1110E-02 1.0950E-02 1.1010E-02 1.1130E-02 1.1340E-02 1.1520E-02 1.1670E-02 1.1850E-02 1.1890E-02
-----------------------

E[V/m]_alpha[1/m]
N2
NUM_COLUMNS:  10
COL_VALUES:  0.0 10.0 20.0 30.0 40.0 50.0 60.0 70.0 80.0 90.0
COMMENT: generated by particle_swarm
-----------------------
5.0000E+05 0.0000E+00 0.0000E+00 0.0000E+00 0.0000E+00 0.0000E+00 0.0000E+00 0.0000E+00 0.0000E+00 0.0000E+00 0.0000E+00
6.0000E+05 0.0000E+00 0.0000E+00 0.0000E+00 0.0000E+00 0.0000E+00 0.0000E+00 0.0000E+00 0.0000E+00 0.0000E+00 0.0000E+00
7.0000E+05 0.0000E+00 0.0000E+00 0.0000E+00 0.0000E+00 0.0000E+00 0.0000E+00 0.0000E+00 0.0000E+00 0.0000E+00 0.0000E+00
8.0000E+05 0.0000E+00 0.0000E+00 0.0000E+00 0.0000E+00 0.0000E+00 0.0000E+00 0.0000E+00 0.0000E+00 0.0000E+00 0.0000E+00
9.0000E+05 0.0000E+00 0.0000E+00 0.0000E+00 0.0000E+00 0.0000E+00 0.0000E+00 0.0000E+00 0.0000E+00 0.0000E+00 0.0000E+00
1.0000E+06 0.0000E+00 0.0000E+00 0.0000E+00 0.0000E+00 0.0000E+00 0.0000E+00 0.0000E+00 0.0000E+00 0.0000E+00 0.0000E+00
1.1340E+06 5.2040E-03 1.6580E-02 0.0000E+00 0.0000E+00 0.0000E+00 0.0000E+00 0.0000E+00 0.0000E+00 0.0000E+00 0.0000E+00
1.2850E+06 9.1170E-01 3.4530E-02 1.3370E-01 8.1590E-02 1.3020E-01 0.0000E+00 0.0000E+00 0.0000E+00 0.0000E+00 0.0000E+00
1.4570E+06 5.6600E-01 5.1570E-01 4.1440E-01 1.4460E-01 1.4040E-02 9.4350E-02 0.0000E+00 2.1620E-04 0.0000E+00 0.0000E+00
1.6520E+06 3.7780E+00 3.4880E+00 2.2280E+00 1.4550E+00 4.4700E-01 1.4480E-01 2.4170E-02 0.0000E+00 0.0000E+00 1.7070E-04
1.8720E+06 1.8630E+01 1.2860E+01 1.0650E+01 6.8610E+00 3.5310E+00 1.1660E+00 5.0900E-01 2.6070E-02 1.8040E-01 8.6720E-02
2.1230E+06 5.2940E+01 5.1800E+01 3.6980E+01 2.5250E+01 1.1670E+01 6.4380E+00 2.6520E+00 1.6020E+00 3.1140E-01 2.5110E-01
2.4060E+06 1.5690E+02 1.4640E+02 1.1200E+02 7.7350E+01 5.2350E+01 2.4880E+01 8.1670E+00 4.8970E+00 2.5040E+00 2.5300E+00
2.7280E+06 4.0950E+02 3.8000E+02 3.1640E+02 2.2600E+02 1.4340E+02 7.5100E+01 3.4020E+01 1.5320E+01 1.0120E+01 8.1920E+00
3.0920E+06 9.1920E+02 8.6940E+02 7.3240E+02 5.4860E+02 3.5730E+02 2.2110E+02 1.1280E+02 5.3830E+01 3.7720E+01 2.7950E+01
3.5060E+06 1.8940E+03 1.7970E+03 1.5680E+03 1.2290E+03 8.5070E+02 5.3460E+02 3.1340E+02 1.6900E+02 1.0210E+02 8.9240E+01
3.9740E+06 3.6030E+03 3.4320E+03 3.0080E+03 2.4560E+03 1.7750E+03 1.1790E+03 7.3910E+02 4.5590E+02 3.0130E+02 2.5840E+02
4.5050E+06 6.3340E+03 6.0400E+03 5.4300E+03 4.5080E+03 3.4160E+03 2.3960E+03 1.5790E+03 1.0370E+03 7.3520E+02 6.2670E+02
5.1070E+06 1.0450E+04 1.0260E+04 9.2450E+03 7.7150E+03 6.1380E+03 4.4610E+03 3.1130E+03 2.1600E+03 1.5980E+03 1.4110E+03
5.7900E+06 1.6610E+04 1.6110E+04 1.4870E+04 1.2840E+04 1.0200E+04 7.8670E+03 5.7050E+03 4.1800E+03 3.2030E+03 2.8850E+03
6.5630E+06 2.5360E+04 2.4350E+04 2.2790E+04 1.9840E+04 1.6360E+04 1.2930E+04 9.7360E+03 7.3950E+03 5.8900E+03 5.4390E+03
7.4410E+06 3.6850E+04 3.6220E+04 3.3640E+04 2.9670E+04 2.4990E+04 2.0130E+04 1.5800E+04 1.2420E+04 1.0240E+04 9.4540E+03
8.4350E+06 5.2460E+04 5.1120E+04 4.7970E+04 4.2960E+04 3.6900E+04 3.0490E+04 2.4600E+04 1.9800E+04 1.6860E+04 1.5830E+04
9.5620E+06 7.1850E+04 7.0520E+04 6.6590E+04 6.0530E+04 5.2570E+04 4.4170E+04 3.6390E+04 3.0300E+04 2.6220E+04 2.4840E+04
1.0840E+07 9.6400E+04 9.4970E+04 8.9760E+04 8.2380E+04 7.2780E+04 6.2570E+04 5.2660E+04 4.4370E+04 3.9280E+04 3.7370E+04
1.2290E+07 1.2560E+05 1.2430E+05 1.1810E+05 1.0960E+05 9.8310E+04 8.5850E+04 7.3930E+04 6.3230E+04 5.7150E+04 5.4300E+04
1.3930E+07 1.6200E+05 1.5900E+05 1.5300E+05 1.4280E+05 1.2960E+05 1.1430E+05 1.0010E+05 8.7890E+04 8.0200E+04 7.6750E+04
1.5790E+07 2.0270E+05 2.0050E+05 1.9300E+05 1.8100E+05 1.6570E+05 1.4950E+05 1.3280E+05 1.1880E+05 1.0900E+05 1.0560E+05
1.7900E+07 2.4980E+05 2.4730E+05 2.3890E+05 2.2670E+05 2.1050E+05 1.9140E+05 1.7230E+05 1.5570E+05 1.4500E+05 1.4080E+05
2.0300E+07 3.0340E+05 3.0010E+05 2.9160E+05 2.7800E+05 2.6020E+05 2.3970E+05 2.1940E+05 2.0080E+05 1.8810E+05 1.8370E+05
2.3010E+07 3.6190E+05 3.5860E+05 3.4940E+05 3.3530E+05 3.1640E+05 2.9420E+05 2.7140E+05 2.5270E+05 2.3950E+05 2.3500E+05
2.6080E+07 4.2410E+05 4.2090E+05 4.1220E+05 3.9800E+05 3.7790E+05 3.5620E+05 3.3230E+05 3.1210E+05 2.9670E+05 2.9230E+05
2.9570E+07 4.9150E+05 4.8880E+05 4.7930E+05 4.6520E+05 4.4560E+05 4.2300E+05 3.9920E+05 3.7850E+05 3.6390E+05 3.5760E+05
3.3520E+07 5.6200E+05 5.5900E+05 5.5120E+05 5.3730E+05 5.1750E+05 4.9500E+05 4.7180E+05 4.5010E+05 4.3630E+05 4.3060E+05
3.8000E+07 6.3470E+05 6.3080E+05 6.2410E+05 6.0960E+05 5.9140E+05 5.6860E+05 5.4580E+05 5.2710E+05 5.1310E+05 5.0660E+05
-----------------------

E[V/m]_eta[1/m]
N2
NUM_COLUMNS:  10
COL_VALUES:  0.0 10.0 20.0 30.0 40.0 50.0 60.0 70.0 80.0 90.0
COMMENT: generated by particle_swarm
-----------------------
5.0000E+05 0.0000E+00 0.0000E+00 0.0000E+00 0.0000E+00 0.0000E+00 0.0000E+00 0.0000E+00 0.0000E+00 0.0000E+00 0.0000E+00
6.0000E+05 0.0000E+00 0.0000E+00 0.0000E+00 0.0000E+00 0.0000E+00 0.0000E+00 0.0000E+00 0.0000E+00 0.0000E+00 0.0000E+00
7.0000E+05 0.0000E+00 0.0000E+00 0.0000E+00 0.0000E+00 0.0000E+00 0.0000E+00 0.0000E+00 0.0000E+00 0.0000E+00 0.0000E+00
8.0000E+05 0.0000E+00 0.0000E+00 0.0000E+00 0.0000E+00 0.0000E+00 0.0000E+00 0.0000E+00 0.0000E+00 0.0000E+00 0.0000E+00
9.0000E+05 0.0000E+00 0.0000E+00 0.0000E+00 0.0000E+00 0.0000E+00 0.0000E+00 0.0000E+00 0.0000E+00 0.0000E+00 0.0000E+00
1.0000E+06 0.0000E+00 0.0000E+00 0.0000E+00 0.0000E+00 0.0000E+00 0.0000E+00 0.0000E+00 0.0000E+00 0.0000E+00 0.0000E+00
1.1340E+06 0.0000E+00 0.0000E+00 0.0000E+00 0.0000E+00 0.0000E+00 0.0000E+00 0.0000E+00 0.0000E+00 0.0000E+00 0.0000E+00
1.2850E+06 0.0000E+00 0.0000E+00 0.0000E+00 0.0000E+00 0.0000E+00 0.0000E+00 0.0000E+00 0.0000E+00 0.0000E+00 0.0000E+00
1.4570E+06 0.0000E+00 0.0000E+00 0.0000E+00 0.0000E+00 0.0000E+00 0.0000E+00 0.0000E+00 0.0000E+00 0.0000E+00 0.0000E+00
1.6520E+06 0.0000E+00 0.0000E+00 0.0000E+00 0.0000E+00 0.0000E+00 0.0000E+00 0.0000E+00 0.0000E+00 0.0000E+00 0.0000E+00
1.8720E+06 0.0000E+00 0.0000E+00 0.0000E+00 0.0000E+00 0.0000E+00 0.0000E+00 0.0000E+00 0.0000E+00 0.0000E+00 0.0000E+00
2.1230E+06 0.0000E+00 0.0000E+00 0.0000E+00 0.0000E+00 0.0000E+00 0.0000E+00 0.0000E+00 0.0000E+00 0.0000E+00 0.0000E+00
2.4060E+06 0.0000E+00 0.0000E+00 0.0000E+00 0.0000E+00 0.0000E+00 0.0000E+00 0.0000E+00 0.0000E+00 0.0000E+00 0.0000E+00
2.7280E+06 0.0000E+00 0.0000E+00 0.0000E+00 0.0000E+00 0.0000E+00 0.0000E+00 0.0000E+00 0.0000E+00 0.0000E+00 0.0000E+00
3.0920E+06 0.0000E+00 0.0000E+00 0.0000E+00 0.0000E+00 0.0000E+00 0.0000E+00 0.0000E+00 0.0000E+00 0.0000E+00 0.0000E+00
3.5060E+06 0.0000E+00 0.0000E+00 0.0000E+00 0.0000E+00 0.0000E+00 0.0000E+00 0.0000E+00 0.0000E+00 0.0000E+00 0.0000E+00
3.9740E+06 0.0000E+00 0.0000E+00 0.0000E+00 0.0000E+00 0.0000E+00 0.0000E+00 0.0000E+00 0.0000E+00 0.0000E+00 0.0000E+00
4.5050E+06 0.0000E+00 0.0000E+00 0.0000E+00 0.0000E+00 0.0000E+00 0.0000E+00 0.0000E+00 0.0000E+00 0.0000E+00 0.0000E+00
5.1070E+06 0.0000E+00 0.0000E+00 0.0000E+00 0.0000E+00 0.0000E+00 0.0000E+00 0.0000E+00 0.0000E+00 0.0000E+00 0.0000E+00
5.7900E+06 0.0000E+00 0.0000E+00 0.0000E+00 0.0000E+00 0.0000E+00 0.0000E+00 0.0000E+00 0.0000E+00 0.0000E+00 0.0000E+00
6.5630E+06 0.0000E+00 0.0000E+00 0.0000E+00 0.0000E+00 0.0000E+00 0.0000E+00 0.0000E+00 0.0000E+00 0.0000E+00 0.0000E+00
7.4410E+06 0.0000E+00 0.0000E+00 0.0000E+00 0.0000E+00 0.0000E+00 0.0000E+00 0.0000E+00 0.0000E+00 0.0000E+00 0.0000E+00
8.4350E+06 0.0000E+00 0.0000E+00 0.0000E+00 0.0000E+00 0.0000E+00 0.0000E+00 0.0000E+00 0.0000E+00 0.0000E+00 0.0000E+00
9.5620E+06 0.0000E+00 0.0000E+00 0.0000E+00 0.0000E+00 0.0000E+00 0.0000E+00 0.0000E+00 0.0000E+00 0.0000E+00 0.0000E+00
1.0840E+07 0.0000E+00 0.0000E+00 0.0000E+00 0.0000E+00 0.0000E+00 0.0000E+00 0.0000E+00 0.0000E+00 0.0000E+00 0.0000E+00
1.2290E+07 0.0000E+00 0.0000E+00 0.0000E+00 0.0000E+00 0.0000E+00 0.0000E+00 0.0000E+00 0.0000E+00 0.0000E+00 0.0000E+00
1.3930E+07 0.0000E+00 0.0000E+00 0.0000E+00 0.0000E+00 0.0000E+00 0.0000E+00 0.0000E+00 0.0000E+00 0.0000E+00 0.0000E+00
1.5790E+07 0.0000E+00 0.0000E+00 0.0000E+00 0.0000E+00 0.0000E+00 0.0000E+00 0.0000E+00 0.0000E+00 0.0000E+00 0.0000E+00
1.7900E+07 0.0000E+00 0.0000E+00 0.0000E+00 0.0000E+00 0.0000E+00 0.0000E+00 0.0000E+00 0.0000E+00 0.0000E+00 0.0000E+00
2.0300E+07 0.0000E+00 0.0000E+00 0.0000E+00 0.0000E+00 0.0000E+00 0.0000E+00 0.0000E+00 0.0000E+00 0.0000E+00 0.0000E+00
2.3010E+07 0.0000E+00 0.0000E+00 0.0000E+00 0.0000E+00 0.0000E+00 0.0000E+00 0.0000E+00 0.0000E+00 0.0000E+00 0.0000E+00
2.6080E+07 0.0000E+00 0.0000E+00 0.0000E+00 0.0000E+00 0.0000E+00 0.0000E+00 0.0000E+00 0.0000E+00 0.0000E+00 0.0000E+00
2.9570E+07 0.0000E+00 0.0000E+00 0.0000E+00 0.0000E+00 0.0000E+00 0.0000E+00 0.0000E+00 0.0000E+00 0.0000E+00 0.0000E+00
3.3520E+07 0.0000E+00 0.0000E+00 0.0000E+00 0.0000E+00 0.0000E+00 0.0000E+00 0.0000E+00 0.0000E+00 0.0000E+00 0.0000E+00
3.8000E+07 0.0000E+00 0.0000E+00 0.0000E+00 0.0000E+00 0.0000E+00 0.0000E+00 0.0000E+00 0.0000E+00 0.0000E+00 0.0000E+00
-----------------------

E[V/m]_diff_xB[m2/s]
N2
NUM_COLUMNS:  10
COL_VALUES:  0.0 10.0 20.0 30.0 40.0 50.0 60.0 70.0 80.0 90.0
COMMENT: generated by particle_swarm
-----------------------
5.0000E+05 7.2490E-03 7.1990E-03 7.0810E-03 7.0710E-03 7.0380E-03 6.8640E-03 6.7550E-03 6.4030E-03 6.0970E-03 5.9390E-03
6.0000E+05 7.4530E-03 7.4600E-03 7.4300E-03 7.3640E-03 7.2240E-03 7.1290E-03 6.8740E-03 6.7190E-03 6.5640E-03 6.3350E-03
7.0000E+05 7.7290E-03 7.7050E-03 7.5920E-03 7.6400E-03 7.4880E-03 7.2980E-03 7.2140E-03 7.0650E-03 6.8960E-03 6.8570E-03
8.0000E+05 7.9200E-03 7.8070E-03 7.8130E-03 7.8710E-03 7.7360E-03 7.6250E-03 7.4210E-03 7.2880E-03 7.2260E-03 7.1920E-03
9.0000E+05 8.1290E-03 8.1050E-03 8.0420E-03 8.0480E-03 7.9960E-03 7.8440E-03 7.5690E-03 7.5710E-03 7.3980E-03 7.4840E-03
1.0000E+06 8.3960E-03 8.2960E-03 8.3140E-03 8.2060E-03 8.0660E-03 7.9480E-03 7.8690E-03 7.7720E-03 7.7670E-03 7.8070E-03
1.1340E+06 8.8810E-03 8.8460E-03 8.7200E-03 8.5830E-03 8.4010E-03 8.2080E-03 8.0580E-03 7.9770E-03 8.0170E-03 8.0830E-03
1.2850E+06 9.6430E-03 9.5670E-03 9.3580E-03 9.1040E-03 8.8300E-03 8.6000E-03 8.4230E-03 8.2510E-03 8.2840E-03 8.3760E-03
1.4570E+06 1.0730E-02 1.0720E-02 1.0300E-02 9.9380E-03 9.5230E-03 9.0940E-03 8.7710E-03 8.6580E-03 8.6680E-03 8.7510E-03
1.6520E+06 1.2470E-02 1.2460E-02 1.1920E-02 1.1360E-02 1.0540E-02 9.8820E-03 9.4880E-03 9.1250E-03 9.1450E-03 9.2240E-03
1.8720E+06 1.5120E-02 1.4920E-02 1.4280E-02 1.3250E-02 1.2370E-02 1.1180E-02 1.0320E-02 9.8400E-03 9.7350E-03 9.7960E-03
2.1230E+06 1.8590E-02 1.8290E-02 1.7640E-02 1.6310E-02 1.4660E-02 1.3090E-02 1.1770E-02 1.0870E-02 1.0630E-02 1.0670E-02
2.4060E+06 2.2840E-02 2.2680E-02 2.1760E-02 2.0060E-02 1.7960E-02 1.5920E-02 1.3890E-02 1.2490E-02 1.2010E-02 1.1870E-02
2.7280E+06 2.7870E-02 2.7490E-02 2.6540E-02 2.4770E-02 2.2430E-02 1.9620E-02 1.7150E-02 1.5110E-02 1.3990E-02 1.3720E-02
3.0920E+06 3.3090E-02 3.2780E-02 3.1820E-02 2.9940E-02 2.7300E-02 2.4410E-02 2.1070E-02 1.8400E-02 1.6850E-02 1.6380E-02
3.5060E+06 3.8830E-02 3.8210E-02 3.7130E-02 3.5500E-02 3.2840E-02 2.9730E-02 2.5970E-02 2.2870E-02 2.0550E-02 1.9970E-02
3.9740E+06 4.4180E-02 4.3790E-02 4.2670E-02 4.0910E-02 3.8550E-02 3.5200E-02 3.1360E-02 2.7990E-02 2.5200E-02 2.4440E-02
4.5050E+06 4.9300E-02 4.9150E-02 4.8390E-02 4.6480E-02 4.4200E-02 4.1040E-02 3.7260E-02 3.3430E-02 3.0440E-02 2.9520E-02
5.1070E+06 5.4850E-02 5.4190E-02 5.3390E-02 5.1890E-02 4.9500E-02 4.6770E-02 4.3160E-02 3.9310E-02 3.6340E-02 3.5320E-02
5.7900E+06 6.0060E-02 5.9580E-02 5.8790E-02 5.7280E-02 5.5450E-02 5.2220E-02 4.8910E-02 4.5440E-02 4.2520E-02 4.1430E-02
6.5630E+06 6.5320E-02 6.4840E-02 6.4080E-02 6.2660E-02 6.0550E-02 5.7620E-02 5.4970E-02 5.1200E-02 4.8710E-02 4.7640E-02
7.4410E+06 7.0760E-02 7.0220E-02 6.9850E-02 6.7960E-02 6.6400E-02 6.3730E-02 6.0980E-02 5.7630E-02 5.4770E-02 5.4180E-02
8.4350E+06 7.6170E-02 7.6000E-02 7.5250E-02 7.3830E-02 7.1630E-02 6.9810E-02 6.6670E-02 6.3630E-02 6.1650E-02 6.1030E-02
9.5620E+06 8.2720E-02 8.2160E-02 8.1770E-02 7.9740E-02 7.8500E-02 7.5580E-02 7.3070E-02 7.0620E-02 6.8230E-02 6.7900E-02
1.0840E+07 8.9210E-02 8.8850E-02 8.8430E-02 8.7000E-02 8.5010E-02 8.2560E-02 8.0000E-02 7.8100E-02 7.5510E-02 7.4870E-02
1.2290E+07 9.6270E-02 9.6700E-02 9.4980E-02 9.3920E-02 9.2090E-02 9.0020E-02 8.7470E-02 8.4840E-02 8.3240E-02 8.2470E-02
1.3930E+07 1.0410E-01 1.0440E-01 1.0410E-01 1.0170E-01 9.9860E-02 9.8160E-02 9.5950E-02 9.3520E-02 9.2050E-02 9.1630E-02
1.5790E+07 1.1250E-01 1.1290E-01 1.1210E-01 1.1030E-01 1.0930E-01 1.0710E-01 1.0530E-01 1.0370E-01 1.0190E-01 1.0150E-01
1.7900E+07 1.2250E-01 1.2220E-01 1.2170E-01 1.2040E-01 1.1950E-01 1.1780E-01 1.1550E-01 1.1400E-01 1.1210E-01 1.1230E-01
2.0300E+07 1.3360E-01 1.3270E-01 1.3300E-01 1.3160E-01 1.3000E-01 1.2720E-01 1.2640E-01 1.2510E-01 1.2510E-01 1.2430E-01
2.3010E+07 1.4510E-01 1.4460E-01 1.4420E-01 1.4320E-01 1.4130E-01 1.4150E-01 1.3890E-01 1.3920E-01 1.3890E-01 1.3860E-01
2.6080E+07 1.5790E-01 1.5740E-01 1.5760E-01 1.5610E-01 1.5520E-01 1.5400E-01 1.5390E-01 1.5330E-01 1.5270E-01 1.5360E-01
2.9570E+07 1.7350E-01 1.7290E-01 1.7230E-01 1.7140E-01 1.7040E-01 1.6900E-01 1.6910E-01 1.6940E-01 1.6970E-01 1.7000E-01
3.3520E+07 1.8720E-01 1.8700E-01 1.8840E-01 1.8810E-01 1.8620E-01 1.8620E-01 1.8730E-01 1.8850E-01 1.8920E-01 1.9120E-01
3.8000E+07 2.0600E-01 2.0520E-01 2.0430E-01 2.0490E-01 2.0550E-01 2.0520E-01 2.0760E-01 2.0780E-01 2.0970E-01 2.1100E-01
-----------------------

E[V/m]_diff_B[m2/s]
N2
NUM_COLUMNS:  10
COL_VALUES:  0.0 10.0 20.0 30.0 40.0 50.0 60.0 70.0 80.0 90.0
COMMENT: generated by particle_swarm
-----------------------
5.0000E+05 2.6800E-02 2.6910E-02 2.7580E-02 2.8080E-02 2.9850E-02 3.2390E-02 3.6740E-02 4.3710E-02 5.6510E-02 7.0470E-02
6.0000E+05 2.5710E-02 2.6130E-02 2.6780E-02 2.7650E-02 2.9100E-02 3.2100E-02 3.6270E-02 4.3650E-02 5.7660E-02 7.1510E-02
7.0000E+05 2.5440E-02 2.5370E-02 2.6300E-02 2.7430E-02 2.8940E-02 3.1380E-02 3.5330E-02 4.3200E-02 5.7210E-02 7.1990E-02
8.0000E+05 2.5290E-02 2.5320E-02 2.5720E-02 2.6910E-02 2.8090E-02 3.0780E-02 3.5450E-02 4.3080E-02 5.7700E-02 7.1820E-02
9.0000E+05 2.5110E-02 2.5270E-02 2.5320E-02 2.6770E-02 2.8020E-02 3.0830E-02 3.5290E-02 4.2960E-02 5.7810E-02 7.2110E-02
1.0000E+06 2.4860E-02 2.4990E-02 2.5360E-02 2.6390E-02 2.7770E-02 3.0570E-02 3.4720E-02 4.2910E-02 5.7530E-02 7.1680E-02
1.1340E+06 2.5220E-02 2.5340E-02 2.5580E-02 2.6370E-02 2.7800E-02 3.0170E-02 3.4540E-02 4.2500E-02 5.7060E-02 7.1510E-02
1.2850E+06 2.6240E-02 2.6170E-02 2.6320E-02 2.6760E-02 2.7950E-02 3.0100E-02 3.4320E-02 4.2190E-02 5.6760E-02 7.1220E-02
1.4570E+06 2.8230E-02 2.8180E-02 2.8250E-02 2.8150E-02 2.8670E-02 3.0590E-02 3.4490E-02 4.1860E-02 5.6380E-02 7.1100E-02
1.6520E+06 3.2250E-02 3.2140E-02 3.1520E-02 3.0570E-02 3.0520E-02 3.1560E-02 3.4750E-02 4.2070E-02 5.6210E-02 7.0700E-02
1.8720E+06 3.8000E-02 3.7480E-02 3.6510E-02 3.5260E-02 3.4000E-02 3.3770E-02 3.5920E-02 4.2460E-02 5.6350E-02 7.0550E-02
2.1230E+06 4.5860E-02 4.5330E-02 4.3700E-02 4.1990E-02 3.9450E-02 3.7720E-02 3.8660E-02 4.3720E-02 5.6980E-02 7.0880E-02
2.4060E+06 5.5370E-02 5.5320E-02 5.3310E-02 5.0370E-02 4.6780E-02 4.3490E-02 4.2590E-02 4.6090E-02 5.7830E-02 7.1450E-02
2.7280E+06 6.6360E-02 6.6060E-02 6.4130E-02 6.0570E-02 5.6140E-02 5.2000E-02 4.8630E-02 5.0260E-02 6.0270E-02 7.3080E-02
3.0920E+06 7.7620E-02 7.7200E-02 7.4720E-02 7.1640E-02 6.7120E-02 6.1930E-02 5.7420E-02 5.6530E-02 6.4240E-02 7.6040E-02
3.5060E+06 8.8220E-02 8.7660E-02 8.5700E-02 8.2800E-02 7.8240E-02 7.2830E-02 6.7400E-02 6.4710E-02 7.0210E-02 8.0410E-02
3.9740E+06 9.8010E-02 9.7370E-02 9.5960E-02 9.3250E-02 8.9360E-02 8.4520E-02 7.8560E-02 7.5150E-02 7.7900E-02 8.6540E-02
4.5050E+06 1.0690E-01 1.0630E-01 1.0560E-01 1.0330E-01 9.9790E-02 9.5500E-02 8.9950E-02 8.5760E-02 8.7540E-02 9.4210E-02
5.1070E+06 1.1430E-01 1.1460E-01 1.1350E-01 1.1130E-01 1.0960E-01 1.0600E-01 1.0130E-01 9.7140E-02 9.7300E-02 1.0280E-01
5.7900E+06 1.2260E-01 1.2190E-01 1.2160E-01 1.2020E-01 1.1780E-01 1.1530E-01 1.1220E-01 1.0840E-01 1.0790E-01 1.1270E-01
6.5630E+06 1.2930E-01 1.2830E-01 1.2780E-01 1.2760E-01 1.2610E-01 1.2490E-01 1.2190E-01 1.1920E-01 1.1860E-01 1.2190E-01
7.4410E+06 1.3450E-01 1.3510E-01 1.3540E-01 1.3430E-01 1.3300E-01 1.3240E-01 1.3170E-01 1.2950E-01 1.2880E-01 1.3130E-01
8.4350E+06 1.4110E-01 1.4100E-01 1.4160E-01 1.4070E-01 1.4030E-01 1.4080E-01 1.3930E-01 1.3880E-01 1.3880E-01 1.4130E-01
9.5620E+06 1.4770E-01 1.4700E-01 1.4720E-01 1.4720E-01 1.4710E-01 1.4750E-01 1.4780E-01 1.4830E-01 1.4820E-01 1.4910E-01
1.0840E+07 1.5310E-01 1.5340E-01 1.5380E-01 1.5460E-01 1.5340E-01 1.5550E-01 1.5620E-01 1.5650E-01 1.5770E-01 1.5890E-01
1.2290E+07 1.5910E-01 1.5930E-01 1.6040E-01 1.6050E-01 1.6150E-01 1.6230E-01 1.6420E-01 1.6500E-01 1.6680E-01 1.6740E-01
1.3930E+07 1.6730E-01 1.6540E-01 1.6700E-01 1.6890E-01 1.6800E-01 1.7010E-01 1.7290E-01 1.7430E-01 1.7620E-01 1.7670E-01
1.5790E+07 1.7360E-01 1.7310E-01 1.7420E-01 1.7470E-01 1.7680E-01 1.7730E-01 1.8010E-01 1.8240E-01 1.8570E-01 1.8610E-01
1.7900E+07 1.8010E-01 1.8160E-01 1.8210E-01 1.8330E-01 1.8440E-01 1.8760E-01 1.8930E-01 1.9220E-01 1.9530E-01 1.9580E-01
2.0300E+07 1.9050E-01 1.9040E-01 1.9150E-01 1.9270E-01 1.9390E-01 1.9630E-01 2.0090E-01 2.0220E-01 2.0720E-01 2.0710E-01
2.3010E+07 1.9980E-01 2.0150E-01 2.0100E-01 2.0220E-01 2.0470E-01 2.0560E-01 2.0880E-01 2.1410E-01 2.1790E-01 2.1850E-01
2.6080E+07 2.1140E-01 2.1190E-01 2.1430E-01 2.1620E-01 2.1510E-01 2.1970E-01 2.2300E-01 2.2440E-01 2.2960E-01 2.2980E-01
2.9570E+07 2.2600E-01 2.2540E-01 2.2600E-01 2.2790E-01 2.3110E-01 2.3190E-01 2.3410E-01 2.3740E-01 2.4120E-01 2.4330E-01
3.3520E+07 2.4070E-01 2.4080E-01 2.4230E-01 2.4380E-01 2.4550E-01 2.4850E-01 2.4780E-01 2.5180E-01 2.5630E-01 2.5710E-01
3.8000E+07 2.5940E-01 2.5850E-01 2.6120E-01 2.6270E-01 2.6090E-01 2.6360E-01 2.6320E-01 2.6840E-01 2.7230E-01 2.7200E-01
-----------------------

E[V/m]_energy[eV]
N2
NUM_COLUMNS:  10
COL_VALUES:  0.0 10.0 20.0 30.0 40.0 50.0 60.0 70.0 80.0 90.0
COMMENT: generated by particle_swarm
-----------------------
5.0000E+05 1.0450E+00 1.0430E+00 1.0390E+00 1.0300E+00 1.0200E+00 1.0020E+00 9.7970E-01 9.4640E-01 9.0050E-01 8.5750E-01
6.0000E+05 1.0610E+00 1.0600E+00 1.0560E+00 1.0480E+00 1.0370E+00 1.0210E+00 1.0000E+00 9.6910E-01 9.3000E-01 8.9800E-01
7.0000E+05 1.0770E+00 1.0760E+00 1.0720E+00 1.0620E+00 1.0510E+00 1.0340E+00 1.0140E+00 9.8650E-01 9.5050E-01 9.2160E-01
8.0000E+05 1.0920E+00 1.0900E+00 1.0850E+00 1.0750E+00 1.0640E+00 1.0470E+00 1.0270E+00 9.9980E-01 9.6560E-01 9.4110E-01
9.0000E+05 1.1080E+00 1.1060E+00 1.1000E+00 1.0900E+00 1.0770E+00 1.0570E+00 1.0370E+00 1.0090E+00 9.7690E-01 9.5400E-01
1.0000E+06 1.1280E+00 1.1250E+00 1.1170E+00 1.1040E+00 1.0880E+00 1.0680E+00 1.0460E+00 1.0180E+00 9.8600E-01 9.6460E-01
1.1340E+06 1.1630E+00 1.1590E+00 1.1480E+00 1.1300E+00 1.1070E+00 1.0840E+00 1.0580E+00 1.0280E+00 9.9530E-01 9.7520E-01
1.2850E+06 1.2230E+00 1.2140E+00 1.1960E+00 1.1680E+00 1.1380E+00 1.1060E+00 1.0740E+00 1.0400E+00 1.0050E+00 9.8490E-01
1.4570E+06 1.3190E+00 1.3080E+00 1.2790E+00 1.2370E+00 1.1880E+00 1.1420E+00 1.0980E+00 1.0570E+00 1.0170E+00 9.9490E-01
1.6520E+06 1.4700E+00 1.4570E+00 1.4120E+00 1.3470E+00 1.2740E+00 1.2030E+00 1.1390E+00 1.0840E+00 1.0370E+00 1.0110E+00
1.8720E+06 1.6970E+00 1.6770E+00 1.6140E+00 1.5250E+00 1.4130E+00 1.3020E+00 1.2080E+00 1.1300E+00 1.0690E+00 1.0390E+00
2.1230E+06 2.0010E+00 1.9770E+00 1.8950E+00 1.7790E+00 1.6250E+00 1.4630E+00 1.3250E+00 1.2090E+00 1.1250E+00 1.0860E+00
2.4060E+06 2.3860E+00 2.3570E+00 2.2640E+00 2.1090E+00 1.9180E+00 1.7060E+00 1.5050E+00 1.3390E+00 1.2210E+00 1.1680E+00
2.7280E+06 2.8240E+00 2.7950E+00 2.6880E+00 2.5210E+00 2.2950E+00 2.0300E+00 1.7640E+00 1.5390E+00 1.3780E+00 1.3040E+00
3.0920E+06 3.3040E+00 3.2720E+00 3.1640E+00 2.9850E+00 2.7370E+00 2.4380E+00 2.1110E+00 1.8220E+00 1.6030E+00 1.5050E+00
3.5060E+06 3.8020E+00 3.7660E+00 3.6580E+00 3.4790E+00 3.2210E+00 2.8980E+00 2.5380E+00 2.1890E+00 1.9140E+00 1.7870E+00
3.9740E+06 4.3000E+00 4.2630E+00 4.1550E+00 3.9800E+00 3.7230E+00 3.3950E+00 3.0180E+00 2.6280E+00 2.3060E+00 2.1560E+00
4.5050E+06 4.7900E+00 4.7600E+00 4.6570E+00 4.4810E+00 4.2320E+00 3.9090E+00 3.5210E+00 3.1100E+00 2.7620E+00 2.5970E+00
5.1070E+06 5.2770E+00 5.2480E+00 5.1460E+00 4.9770E+00 4.7330E+00 4.4160E+00 4.0430E+00 3.6290E+00 3.2670E+00 3.0960E+00
5.7900E+06 5.7810E+00 5.7430E+00 5.6450E+00 5.4760E+00 5.2340E+00 4.9270E+00 4.5600E+00 4.1600E+00 3.7950E+00 3.6260E+00
6.5630E+06 6.2850E+00 6.2460E+00 6.1490E+00 5.9810E+00 5.7390E+00 5.4370E+00 5.0800E+00 4.6880E+00 4.3380E+00 4.1740E+00
7.4410E+06 6.8270E+00 6.7870E+00 6.6860E+00 6.5020E+00 6.2610E+00 5.9610E+00 5.6090E+00 5.2320E+00 4.8920E+00 4.7320E+00
8.4350E+06 7.4040E+00 7.3600E+00 7.2460E+00 7.0560E+00 6.8090E+00 6.5050E+00 6.1520E+00 5.7840E+00 5.4540E+00 5.3080E+00
9.5620E+06 8.0270E+00 7.9820E+00 7.8690E+00 7.6730E+00 7.4100E+00 7.0830E+00 6.7230E+00 6.3470E+00 6.0410E+00 5.9020E+00
1.0840E+07 8.7140E+00 8.6760E+00 8.5440E+00 8.3350E+00 8.0550E+00 7.7200E+00 7.3390E+00 6.9680E+00 6.6650E+00 6.5250E+00
1.2290E+07 9.4830E+00 9.4400E+00 9.2940E+00 9.0760E+00 8.7820E+00 8.4290E+00 8.0350E+00 7.6400E+00 7.3400E+00 7.2030E+00
1.3930E+07 1.0360E+01 1.0300E+01 1.0160E+01 9.9180E+00 9.5970E+00 9.2100E+00 8.7930E+00 8.3950E+00 8.0820E+00 7.9510E+00
1.5790E+07 1.1330E+01 1.1270E+01 1.1110E+01 1.0850E+01 1.0510E+01 1.0090E+01 9.6650E+00 9.2460E+00 8.9180E+00 8.7880E+00
1.7900E+07 1.2440E+01 1.2380E+01 1.2200E+01 1.1920E+01 1.1550E+01 1.1110E+01 1.0640E+01 1.0200E+01 9.8690E+00 9.7340E+00
2.0300E+07 1.3700E+01 1.3640E+01 1.3450E+01 1.3130E+01 1.2730E+01 1.2260E+01 1.1770E+01 1.1300E+01 1.0950E+01 1.0810E+01
2.3010E+07 1.5150E+01 1.5060E+01 1.4850E+01 1.4520E+01 1.4080E+01 1.3570E+01 1.3030E+01 1.2560E+01 1.2190E+01 1.2060E+01
2.6080E+07 1.6780E+01 1.6700E+01 1.6470E+01 1.6130E+01 1.5620E+01 1.5090E+01 1.4510E+01 1.4000E+01 1.3600E+01 1.3470E+01
2.9570E+07 1.8710E+01 1.8600E+01 1.8330E+01 1.7940E+01 1.7420E+01 1.6810E+01 1.6230E+01 1.5670E+01 1.5270E+01 1.5110E+01
3.3520E+07 2.0910E+01 2.0790E+01 2.0520E+01 2.0090E+01 1.9510E+01 1.8840E+01 1.8170E+01 1.7580E+01 1.7190E+01 1.7020E+01
3.8000E+07 2.3440E+01 2.3320E+01 2.3020E+01 2.2500E+01 2.1870E+01 2.1140E+01 2.0420E+01 1.9830E+01 1.9390E+01 1.9210E+01
-----------------------

