E[V/m]_muB[m2/Vs]
N2
NUM_COLUMNS:  10
COL_VALUES:  0.0 10.0 20.0 30.0 40.0 50.0 60.0 70.0 80.0 90.0
COMMENT: generated by particle_swarm
-----------------------
5.0000E+05 6.1110E-02 6.1270E-02 6.1180E-02 6.1000E-02 6.0900E-02 6.1140E-02 6.1050E-02 6.0980E-02 6.0800E-02 6.0620E-02
6.0000E+05 5.8700E-02 5.8740E-02 5.8660E-02 5.8800E-02 5.8850E-02 5.8810E-02 5.8660E-02 5.8690E-02 5.8870E-02 5.9050E-02
7.0000E+05 5.6880E-02 5.6880E-02 5.6730E-02 5.6780E-02 5.6830E-02 5.6720E-02 5.6700E-02 5.6430E-02 5.6110E-02 5.5790E-02
8.0000E+05 5.5180E-02 5.5140E-02 5.5270E-02 5.5300E-02 5.5160E-02 5.5270E-02 5.5530E-02 5.5600E-02 5.5270E-02 5.4940E-02
9.0000E+05 5.3920E-02 5.3680E-02 5.3770E-02 5.3970E-02 5.3880E-02 5.4150E-02 5.3910E-02 5.4620E-02 5.2920E-02 5.1220E-02
1.0000E+06 5.2640E-02 5.2730E-02 5.2650E-02 5.2680E-02 5.2720E-02 5.2720E-02 5.2580E-02 5.2680E-02 5.2550E-02 5.2420E-02
1.1340E+06 5.1260E-02 5.1240E-02 5.1210E-02 5.1230E-02 5.1150E-02 5.1340E-02 5.1280E-02 5.1370E-02 5.1860E-02 5.2350E-02
1.2850E+06 4.9810E-02 4.9860E-02 4.9850E-02 4.9840E-02 4.9860E-02 4.9900E-02 4.9730E-02 4.9670E-02 5.0190E-02 5.0710E-02
1.4570E+06 4.8480E-02 4.8450E-02 4.8510E-02 4.8470E-02 4.8460E-02 4.8420E-02 4.8450E-02 4.8420E-02 4.8130E-02 4.7840E-02
1.6520E+06 4.7130E-02 4.7100E-02 4.7080E-02 4.7050E-02 4.7080E-02 4.7080E-02 4.6980E-02 4.7220E-02 4.7330E-02 4.7440E-02
1.8720E+06 4.5790E-02 4.5810E-02 4.5840E-02 4.5720E-02 4.5890E-02 4.5790E-02 4.5860E-02 4.5810E-02 4.5790E-02 4.5770E-02
2.1230E+06 4.4630E-02 4.4570E-02 4.4530E-02 4.4650E-02 4.4660E-02 4.4570E-02 4.4730E-02 4.4540E-02 4.4300E-02 4.4060E-02
2.4060E+06 4.3550E-02 4.3600E-02 4.3540E-02 4.3540E-02 4.3600E-02 4.3610E-02 4.3460E-02 4.3530E-02 4.3780E-02 4.4030E-02
2.7280E+06 4.2590E-02 4.2550E-02 4.2530E-02 4.2530E-02 4.2610E-02 4.2550E-02 4.2590E-02 4.2670E-02 4.2760E-02 4.2850E-02
3.0920E+06 4.1680E-02 4.1610E-02 4.1660E-02 4.1520E-02 4.1670E-02 4.1710E-02 4.1770E-02 4.1680E-02 4.1580E-02 4.1480E-02
3.5060E+06 4.0800E-02 4.0790E-02 4.0800E-02 4.0770E-02 4.0750E-02 4.0820E-02 4.0890E-02 4.0790E-02 4.1020E-02 4.1250E-02
3.9740E+06 3.9960E-02 3.9970E-02 3.9950E-02 4.0070E-02 4.0020E-02 3.9970E-02 4.0040E-02 4.0210E-02 3.9730E-02 3.9250E-02
4.5050E+06 3.9200E-02 3.9220E-02 3.9130E-02 3.9200E-02 3.9170E-02 3.9190E-02 3.9100E-02 3.9270E-02 3.9090E-02 3.8910E-02
5.1070E+06 3.8380E-02 3.8330E-02 3.8400E-02 3.8360E-02 3.8320E-02 3.8280E-02 3.8350E-02 3.8410E-02 3.8300E-02 3.8190E-02
5.7900E+06 3.7540E-02 3.7570E-02 3.7570E-02 3.7590E-02 3.7630E-02 3.7500E-02 3.7570E-02 3.7580E-02 3.7290E-02 3.7000E-02
6.5630E+06 3.6650E-02 3.6660E-02 3.6670E-02 3.6600E-02 3.6600E-02 3.6710E-02 3.6610E-02 3.6720E-02 3.6770E-02 3.6820E-02
7.4410E+06 3.5780E-02 3.5830E-02 3.5790E-02 3.5760E-02 3.5770E-02 3.5750E-02 3.5790E-02 3.5860E-02 3.5320E-02 3.4780E-02
8.4350E+06 3.4870E-02 3.4870E-02 3.4870E-02 3.4840E-02 3.4890E-02 3.4880E-02 3.4840E-02 3.4900E-02 3.4580E-02 3.4260E-02
9.5620E+06 3.3930E-02 3.3950E-02 3.3850E-02 3.3880E-02 3.3920E-02 3.3930E-02 3.3760E-02 3.3930E-02 3.3600E-02 3.3270E-02
1.0840E+07 3.2950E-02 3.2900E-02 3.2970E-02 3.2880E-02 3.2910E-02 3.2970E-02 3.2930E-02 3.3040E-02 3.3150E-02 3.3260E-02
1.2290E+07 3.1960E-02 3.1930E-02 3.1940E-02 3.1940E-02 3.1950E-02 3.1920E-02 3.1930E-02 3.2000E-02 3.1880E-02 3.1760E-02
1.3930E+07 3.0970E-02 3.0980E-02 3.0950E-02 3.0910E-02 3.1010E-02 3.0960E-02 3.0930E-02 3.0900E-02 3.1150E-02 3.1400E-02
1.5790E+07 2.9940E-02 2.9940E-02 2.9920E-02 2.9950E-02 2.9890E-02 2.9900E-02 2.9940E-02 3.0030E-02 3.0050E-02 3.0070E-02
1.7900E+07 2.8870E-02 2.8860E-02 2.8900E-02 2.8910E-02 2.8910E-02 2.8940E-02 2.8860E-02 2.8890E-02 2.8870E-02 2.8850E-02
2.0300E+07 2.7940E-02 2.7920E-02 2.7900E-02 2.7920E-02 2.7870E-02 2.7920E-02 2.7900E-02 2.7900E-02 2.7900E-02 2.7900E-02
2.3010E+07 2.6890E-02 2.6860E-02 2.6840E-02 2.6910E-02 2.6840E-02 2.6870E-02 2.6870E-02 2.6880E-02 2.6890E-02 2.6900E-02
2.6080E+07 2.5890E-02 2.5830E-02 2.5850E-02 2.5870E-02 2.5910E-02 2.5860E-02 2.5870E-02 2.5980E-02 2.6010E-02 2.6040E-02
2.9570E+07 2.4910E-02 2.4910E-02 2.4900E-02 2.4880E-02 2.4850E-02 2.4890E-02 2.4870E-02 2.4940E-02 2.4740E-02 2.4540E-02
3.3520E+07 2.3950E-02 2.3970E-02 2.3990E-02 2.3980E-02 2.3950E-02 2.3960E-02 2.3930E-02 2.3890E-02 2.3950E-02 2.4010E-02
3.8000E+07 2.3030E-02 2.3050E-02 2.3070E-02 2.3040E-02 2.3070E-02 2.3070E-02 2.3090E-02 2.2970E-02 2.2990E-02 2.3010E-02
-----------------------

E[V/m]_muxB[m2/Vs]
N2
NUM_COLUMNS:  10
COL_VALUES:  0.0 10.0 20.0 30.0 40.0 50.0 60.0 70.0 80.0 90.0
COMMENT: generated by particle_swarm
-----------------------
5.0000E+05 6.1440E-02 6.1440E-02 6.1340E-02 6.0920E-02 6.1100E-02 6.1130E-02 6.1130E-02 6.1130E-02 6.1220E-02 6.1140E-02
6.0000E+05 5.9180E-02 5.9180E-02 5.9110E-02 5.8780E-02 5.8990E-02 5.8490E-02 5.8540E-02 5.8890E-02 5.8670E-02 5.8810E-02
7.0000E+05 5.6570E-02 5.6570E-02 5.7700E-02 5.7170E-02 5.6620E-02 5.6550E-02 5.6850E-02 5.6770E-02 5.6850E-02 5.6750E-02
8.0000E+05 5.4840E-02 5.4840E-02 5.4790E-02 5.5250E-02 5.5560E-02 5.5220E-02 5.5070E-02 5.5260E-02 5.5180E-02 5.5300E-02
9.0000E+05 5.4010E-02 5.4010E-02 5.3680E-02 5.3870E-02 5.3910E-02 5.3580E-02 5.3950E-02 5.4050E-02 5.3820E-02 5.3990E-02
1.0000E+06 5.2500E-02 5.2500E-02 5.2760E-02 5.2690E-02 5.2670E-02 5.2650E-02 5.2730E-02 5.2760E-02 5.2660E-02 5.2670E-02
1.1340E+06 5.0830E-02 5.0830E-02 5.1170E-02 5.1330E-02 5.1290E-02 5.1320E-02 5.1180E-02 5.1220E-02 5.1190E-02 5.1240E-02
1.2850E+06 4.9480E-02 4.9480E-02 4.9870E-02 4.9800E-02 4.9820E-02 4.9900E-02 4.9890E-02 4.9850E-02 4.9800E-02 4.9880E-02
1.4570E+06 4.8580E-02 4.8580E-02 4.8340E-02 4.8360E-02 4.8380E-02 4.8470E-02 4.8470E-02 4.8450E-02 4.8500E-02 4.8530E-02
1.6520E+06 4.7540E-02 4.7540E-02 4.7310E-02 4.7040E-02 4.7170E-02 4.7190E-02 4.7250E-02 4.7070E-02 4.7090E-02 4.7130E-02
1.8720E+06 4.5650E-02 4.5650E-02 4.6040E-02 4.5800E-02 4.5790E-02 4.5820E-02 4.5810E-02 4.5740E-02 4.5770E-02 4.5780E-02
2.1230E+06 4.4210E-02 4.4210E-02 4.4910E-02 4.4620E-02 4.4560E-02 4.4630E-02 4.4670E-02 4.4530E-02 4.4590E-02 4.4680E-02
2.4060E+06 4.3440E-02 4.3440E-02 4.3820E-02 4.3430E-02 4.3560E-02 4.3550E-02 4.3580E-02 4.3580E-02 4.3480E-02 4.3530E-02
2.7280E+06 4.2460E-02 4.2460E-02 4.2720E-02 4.2560E-02 4.2510E-02 4.2510E-02 4.2580E-02 4.2540E-02 4.2560E-02 4.2560E-02
3.0920E+06 4.1620E-02 4.1620E-02 4.1680E-02 4.1700E-02 4.1760E-02 4.1740E-02 4.1740E-02 4.1660E-02 4.1680E-02 4.1640E-02
3.5060E+06 4.0710E-02 4.0710E-02 4.0790E-02 4.0800E-02 4.0910E-02 4.0810E-02 4.0820E-02 4.0810E-02 4.0830E-02 4.0830E-02
3.9740E+06 3.9940E-02 3.9940E-02 3.9950E-02 4.0060E-02 4.0040E-02 3.9990E-02 3.9980E-02 3.9980E-02 3.9980E-02 3.9990E-02
4.5050E+06 3.9050E-02 3.9050E-02 3.9100E-02 3.9160E-02 3.9300E-02 3.9270E-02 3.9140E-02 3.9160E-02 3.9110E-02 3.9200E-02
5.1070E+06 3.8110E-02 3.8110E-02 3.8240E-02 3.8320E-02 3.8390E-02 3.8310E-02 3.8350E-02 3.8360E-02 3.8400E-02 3.8390E-02
5.7900E+06 3.7600E-02 3.7600E-02 3.7530E-02 3.7480E-02 3.7580E-02 3.7530E-02 3.7550E-02 3.7450E-02 3.7520E-02 3.7530E-02
6.5630E+06 3.6830E-02 3.6830E-02 3.6650E-02 3.6650E-02 3.6690E-02 3.6670E-02 3.6650E-02 3.6640E-02 3.6730E-02 3.6740E-02
7.4410E+06 3.5580E-02 3.5580E-02 3.5770E-02 3.5810E-02 3.5810E-02 3.5730E-02 3.5750E-02 3.5730E-02 3.5790E-02 3.5790E-02
8.4350E+06 3.5020E-02 3.5020E-02 3.4900E-02 3.4780E-02 3.4850E-02 3.4860E-02 3.4880E-02 3.4850E-02 3.4860E-02 3.4870E-02
9.5620E+06 3.4120E-02 3.4120E-02 3.4010E-02 3.3940E-02 3.3850E-02 3.3850E-02 3.3860E-02 3.3860E-02 3.3940E-02 3.3940E-02
1.0840E+07 3.2920E-02 3.2920E-02 3.3110E-02 3.2910E-02 3.2950E-02 3.2890E-02 3.3010E-02 3.2940E-02 3.3010E-02 3.2940E-02
1.2290E+07 3.2050E-02 3.2050E-02 3.1970E-02 3.1880E-02 3.1990E-02 3.1940E-02 3.1900E-02 3.1910E-02 3.1930E-02 3.1920E-02
1.3930E+07 3.0900E-02 3.0900E-02 3.0830E-02 3.0850E-02 3.1020E-02 3.0980E-02 3.0950E-02 3.0920E-02 3.0940E-02 3.0940E-02
1.5790E+07 2.9730E-02 2.9730E-02 2.9890E-02 2.9960E-02 3.0080E-02 2.9920E-02 2.9960E-02 2.9920E-02 2.9940E-02 2.9910E-02
1.7900E+07 2.8900E-02 2.8900E-02 2.9040E-02 2.8980E-02 2.8960E-02 2.8880E-02 2.8920E-02 2.8900E-02 2.8890E-02 2.8890E-02
2.0300E+07 2.7810E-02 2.7810E-02 2.7880E-02 2.7980E-02 2.7930E-02 2.7940E-02 2.7850E-02 2.7820E-02 2.7910E-02 2.7890E-02
2.3010E+07 2.7120E-02 2.7120E-02 2.6890E-02 2.6830E-02 2.6840E-02 2.6880E-02 2.6880E-02 2.6840E-02 2.6910E-02 2.6860E-02
2.6080E+07 2.6010E-02 2.6010E-02 2.5920E-02 2.5880E-02 2.5870E-02 2.5870E-02 2.5870E-02 2.5850E-02 2.5900E-02 2.5870E-02
2.9570E+07 2.4800E-02 2.4800E-02 2.4970E-02 2.4980E-02 2.4940E-02 2.4900E-02 2.4960E-02 2.4890E-02 2.4870E-02 2.4910E-02
3.3520E+07 2.4040E-02 2.4040E-02 2.3840E-02 2.3960E-02 2.4010E-02 2.3930E-02 2.3970E-02 2.3920E-02 2.3930E-02 2.3950E-02
3.8000E+07 2.3120E-02 2.3120E-02 2.3060E-02 2.3030E-02 2.2990E-02 2.3050E-02 2.3000E-02 2.3000E-02 2.3010E-02 2.3020E-02
-----------------------

E[V/m]_muExB[m2/Vs]
N2
NUM_COLUMNS:  10
COL_VALUES:  0.0 10.0 20.0 30.0 40.0 50.0 60.0 70.0 80.0 90.0
COMMENT: generated by particle_swarm
-----------------------
5.0000E+05 0.0000E+00 0.0000E+00 0.0000E+00 0.0000E+00 0.0000E+00 0.0000E+00 0.0000E+00 0.0000E+00 0.0000E+00 0.0000E+00
6.0000E+05 0.0000E+00 0.0000E+00 0.0000E+00 0.0000E+00 0.0000E+00 0.0000E+00 0.0000E+00 0.0000E+00 0.0000E+00 0.0000E+00
7.0000E+05 0.0000E+00 0.0000E+00 0.0000E+00 0.0000E+00 0.0000E+00 0.0000E+00 0.0000E+00 0.0000E+00 0.0000E+00 0.0000E+00
8.0000E+05 0.0000E+00 0.0000E+00 0.0000E+00 0.0000E+00 0.0000E+00 0.0000E+00 0.0000E+00 0.0000E+00 0.0000E+00 0.0000E+00
9.0000E+05 0.0000E+00 0.0000E+00 0.0000E+00 0.0000E+00 0.0000E+00 0.0000E+00 0.0000E+00 0.0000E+00 0.0000E+00 0.0000E+00
1.0000E+06 0.0000E+00 0.0000E+00 0.0000E+00 0.0000E+00 0.0000E+00 0.0000E+00 0.0000E+00 0.0000E+00 0.0000E+00 0.0000E+00
1.1340E+06 0.0000E+00 0.0000E+00 0.0000E+00 0.0000E+00 0.0000E+00 0.0000E+00 0.0000E+00 0.0000E+00 0.0000E+00 0.0000E+00
1.2850E+06 0.0000E+00 0.0000E+00 0.0000E+00 0.0000E+00 0.0000E+00 0.0000E+00 0.0000E+00 0.0000E+00 0.0000E+00 0.0000E+00
1.4570E+06 0.0000E+00 0.0000E+00 0.0000E+00 0.0000E+00 0.0000E+00 0.0000E+00 0.0000E+00 0.0000E+00 0.0000E+00 0.0000E+00
1.6520E+06 0.0000E+00 0.0000E+00 0.0000E+00 0.0000E+00 0.0000E+00 0.0000E+00 0.0000E+00 0.0000E+00 0.0000E+00 0.0000E+00
1.8720E+06 0.0000E+00 0.0000E+00 0.0000E+00 0.0000E+00 0.0000E+00 0.0000E+00 0.0000E+00 0.0000E+00 0.0000E+00 0.0000E+00
2.1230E+06 0.0000E+00 0.0000E+00 0.0000E+00 0.0000E+00 0.0000E+00 0.0000E+00 0.0000E+00 0.0000E+00 0.0000E+00 0.0000E+00
2.4060E+06 0.0000E+00 0.0000E+00 0.0000E+00 0.0000E+00 0.0000E+00 0.0000E+00 0.0000E+00 0.0000E+00 0.0000E+00 0.0000E+00
2.7280E+06 0.0000E+00 0.0000E+00 0.0000E+00 0.0000E+00 0.0000E+00 0.0000E+00 0.0000E+00 0.0000E+00 0.0000E+00 0.0000E+00
3.0920E+06 0.0000E+00 0.0000E+00 0.0000E+00 0.0000E+00 0.0000E+00 0.0000E+00 0.0000E+00 0.0000E+00 0.0000E+00 0.0000E+00
3.5060E+06 0.0000E+00 0.0000E+00 0.0000E+00 0.0000E+00 0.0000E+00 0.0000E+00 0.0000E+00 0.0000E+00 0.0000E+00 0.0000E+00
3.9740E+06 0.0000E+00 0.0000E+00 0.0000E+00 0.0000E+00 0.0000E+00 0.0000E+00 0.0000E+00 0.0000E+00 0.0000E+00 0.0000E+00
4.5050E+06 0.0000E+00 0.0000E+00 0.0000E+00 0.0000E+00 0.0000E+00 0.0000E+00 0.0000E+00 0.0000E+00 0.0000E+00 0.0000E+00
5.1070E+06 0.0000E+00 0.0000E+00 0.0000E+00 0.0000E+00 0.0000E+00 0.0000E+00 0.0000E+00 0.0000E+00 0.0000E+00 0.0000E+00
5.7900E+06 0.0000E+00 0.0000E+00 0.0000E+00 0.0000E+00 0.0000E+00 0.0000E+00 0.0000E+00 0.0000E+00 0.0000E+00 0.0000E+00
6.5630E+06 0.0000E+00 0.0000E+00 0.0000E+00 0.0000E+00 0.0000E+00 0.0000E+00 0.0000E+00 0.0000E+00 0.0000E+00 0.0000E+00
7.4410E+06 0.0000E+00 0.0000E+00 0.0000E+00 0.0000E+00 0.0000E+00 0.0000E+00 0.0000E+00 0.0000E+00 0.0000E+00 0.0000E+00
8.4350E+06 0.0000E+00 0.0000E+00 0.0000E+00 0.0000E+00 0.0000E+00 0.0000E+00 0.0000E+00 0.0000E+00 0.0000E+00 0.0000E+00
9.5620E+06 0.0000E+00 0.0000E+00 0.0000E+00 0.0000E+00 0.0000E+00 0.0000E+00 0.0000E+00 0.0000E+00 0.0000E+00 0.0000E+00
1.0840E+07 0.0000E+00 0.0000E+00 0.0000E+00 0.0000E+00 0.0000E+00 0.0000E+00 0.0000E+00 0.0000E+00 0.0000E+00 0.0000E+00
1.2290E+07 0.0000E+00 0.0000E+00 0.0000E+00 0.0000E+00 0.0000E+00 0.0000E+00 0.0000E+00 0.0000E+00 0.0000E+00 0.0000E+00
1.3930E+07 0.0000E+00 0.0000E+00 0.0000E+00 0.0000E+00 0.0000E+00 0.0000E+00 0.0000E+00 0.0000E+00 0.0000E+00 0.0000E+00
1.5790E+07 0.0000E+00 0.0000E+00 0.0000E+00 0.0000E+00 0.0000E+00 0.0000E+00 0.0000E+00 0.0000E+00 0.0000E+00 0.0000E+00
1.7900E+07 0.0000E+00 0.0000E+00 0.0000E+00 0.0000E+00 0.0000E+00 0.0000E+00 0.0000E+00 0.0000E+00 0.0000E+00 0.0000E+00
2.0300E+07 0.0000E+00 0.0000E+00 0.0000E+00 0.0000E+00 0.0000E+00 0.0000E+00 0.0000E+00 0.0000E+00 0.0000E+00 0.0000E+00
2.3010E+07 0.0000E+00 0.0000E+00 0.0000E+00 0.0000E+00 0.0000E+00 0.0000E+00 0.0000E+00 0.0000E+00 0.0000E+00 0.0000E+00
2.6080E+07 0.0000E+00 0.0000E+00 0.0000E+00 0.0000E+00 0.0000E+00 0.0000E+00 0.0000E+00 0.0000E+00 0.0000E+00 0.0000E+00
2.9570E+07 0.0000E+00 0.0000E+00 0.0000E+00 0.0000E+00 0.0000E+00 0.0000E+00 0.0000E+00 0.0000E+00 0.0000E+00 0.0000E+00
3.3520E+07 0.0000E+00 0.0000E+00 0.0000E+00 0.0000E+00 0.0000E+00 0.0000E+00 0.0000E+00 0.0000E+00 0.0000E+00 0.0000E+00
3.8000E+07 0.0000E+00 0.0000E+00 0.0000E+00 0.0000E+00 0.0000E+00 0.0000E+00 0.0000E+00 0.0000E+00 0.0000E+00 0.0000E+00
-----------------------

E[V/m]_alpha[1/m]
N2
NUM_COLUMNS:  10
COL_VALUES:  0.0 10.0 20.0 30.0 40.0 50.0 60.0 70.0 80.0 90.0
COMMENT: generated by particle_swarm
-----------------------
5.0000E+05 0.0000E+00 0.0000E+00 0.0000E+00 0.0000E+00 0.0000E+00 0.0000E+00 0.0000E+00 0.0000E+00 0.0000E+00 0.0000E+00
6.0000E+05 0.0000E+00 0.0000E+00 0.0000E+00 0.0000E+00 0.0000E+00 0.0000E+00 0.0000E+00 0.0000E+00 0.0000E+00 0.0000E+00
7.0000E+05 0.0000E+00 0.0000E+00 0.0000E+00 0.0000E+00 0.0000E+00 0.0000E+00 0.0000E+00 0.0000E+00 0.0000E+00 0.0000E+00
8.0000E+05 0.0000E+00 0.0000E+00 0.0000E+00 0.0000E+00 0.0000E+00 0.0000E+00 0.0000E+00 0.0000E+00 0.0000E+00 0.0000E+00
9.0000E+05 0.0000E+00 0.0000E+00 0.0000E+00 0.0000E+00 0.0000E+00 0.0000E+00 0.0000E+00 0.0000E+00 0.0000E+00 0.0000E+00
1.0000E+06 0.0000E+00 0.0000E+00 1.1390E-04 8.0110E-03 0.0000E+00 0.0000E+00 0.0000E+00 0.0000E+00 2.7230E-03 1.8140E-02
1.1340E+06 9.4000E-03 5.8170E-02 7.0700E-03 9.5700E-03 4.6740E-03 9.8840E-04 3.0020E-03 1.3920E-02 7.4010E-03 9.5590E-03
1.2850E+06 5.8700E-02 2.5190E-01 6.2900E-02 5.5340E-02 6.9450E-02 2.3090E-01 1.6970E-01 5.4610E-02 1.2880E-01 2.0390E-01
1.4570E+06 9.0560E-01 9.1540E-01 7.5740E-01 9.4790E-01 5.1890E-01 7.8930E-01 5.4270E-01 1.0930E+00 1.1560E+00 7.6160E-01
1.6520E+06 4.7970E+00 3.5310E+00 4.3750E+00 3.8900E+00 4.0880E+00 3.6320E+00 4.3790E+00 4.3830E+00 3.9220E+00 3.4480E+00
1.8720E+06 1.5390E+01 1.6880E+01 1.4680E+01 1.5510E+01 1.7360E+01 1.6870E+01 1.4140E+01 1.4720E+01 1.5760E+01 1.6700E+01
2.1230E+06 5.6030E+01 5.2840E+01 5.1000E+01 5.3130E+01 5.4300E+01 5.1420E+01 5.4490E+01 5.0150E+01 5.2640E+01 5.8400E+01
2.4060E+06 1.6550E+02 1.4760E+02 1.5850E+02 1.6010E+02 1.5860E+02 1.5990E+02 1.6150E+02 1.4950E+02 1.5670E+02 1.5290E+02
2.7280E+06 3.9750E+02 3.9000E+02 4.0140E+02 3.9640E+02 4.0020E+02 4.1890E+02 4.1080E+02 4.0380E+02 4.0130E+02 4.0730E+02
3.0920E+06 9.0100E+02 9.0910E+02 9.1300E+02 9.1380E+02 9.2030E+02 9.1810E+02 9.1490E+02 9.1630E+02 9.2520E+02 9.3110E+02
3.5060E+06 1.8850E+03 1.9120E+03 1.8850E+03 1.8910E+03 1.9180E+03 1.8890E+03 1.9020E+03 1.9030E+03 1.9000E+03 1.8970E+03
3.9740E+06 3.5660E+03 3.5410E+03 3.5980E+03 3.6220E+03 3.6180E+03 3.5750E+03 3.6300E+03 3.5900E+03 3.5730E+03 3.5880E+03
4.5050E+06 6.3440E+03 6.3030E+03 6.3450E+03 6.3240E+03 6.2580E+03 6.4050E+03 6.2960E+03 6.3470E+03 6.3270E+03 6.3540E+03
5.1070E+06 1.0470E+04 1.0520E+04 1.0530E+04 1.0510E+04 1.0530E+04 1.0590E+04 1.0610E+04 1.0460E+04 1.0470E+04 1.0520E+04
5.7900E+06 1.6670E+04 1.6620E+04 1.6700E+04 1.6700E+04 1.6480E+04 1.6750E+04 1.6740E+04 1.6560E+04 1.6640E+04 1.6760E+04
6.5630E+06 2.5320E+04 2.5340E+04 2.5350E+04 2.5250E+04 2.5280E+04 2.5260E+04 2.5310E+04 2.5200E+04 2.5290E+04 2.5280E+04
7.4410E+06 3.6870E+04 3.7080E+04 3.7170E+04 3.7070E+04 3.7120E+04 3.6870E+04 3.7010E+04 3.7060E+04 3.7010E+04 3.6690E+04
8.4350E+06 5.2310E+04 5.2620E+04 5.2270E+04 5.2460E+04 5.2250E+04 5.2400E+04 5.2320E+04 5.2330E+04 5.2170E+04 5.2180E+04
9.5620E+06 7.1850E+04 7.2200E+04 7.1630E+04 7.1910E+04 7.2000E+04 7.2020E+04 7.1940E+04 7.1810E+04 7.1920E+04 7.1810E+04
1.0840E+07 9.6220E+04 9.6720E+04 9.5910E+04 9.6520E+04 9.6710E+04 9.6510E+04 9.6390E+04 9.6580E+04 9.6480E+04 9.6500E+04
1.2290E+07 1.2590E+05 1.2610E+05 1.2630E+05 1.2580E+05 1.2600E+05 1.2580E+05 1.2600E+05 1.2570E+05 1.2590E+05 1.2580E+05
1.3930E+07 1.6140E+05 1.6160E+05 1.6190E+05 1.6130E+05 1.6180E+05 1.6110E+05 1.6140E+05 1.6160E+05 1.6110E+05 1.6160E+05
1.5790E+07 2.0300E+05 2.0270E+05 2.0230E+05 2.0250E+05 2.0340E+05 2.0250E+05 2.0290E+05 2.0300E+05 2.0260E+05 2.0280E+05
1.7900E+07 2.4920E+05 2.5050E+05 2.4960E+05 2.4970E+05 2.4950E+05 2.4980E+05 2.4970E+05 2.4980E+05 2.4970E+05 2.4960E+05
2.0300E+07 3.0290E+05 3.0290E+05 3.0200E+05 3.0300E+05 3.0300E+05 3.0330E+05 3.0250E+05 3.0350E+05 3.0210E+05 3.0290E+05
2.3010E+07 3.6020E+05 3.6100E+05 3.6120E+05 3.6110E+05 3.6180E+05 3.6150E+05 3.6120E+05 3.6100E+05 3.6140E+05 3.6080E+05
2.6080E+07 4.2620E+05 4.2470E+05 4.2400E+05 4.2570E+05 4.2420E+05 4.2530E+05 4.2480E+05 4.2350E+05 4.2400E+05 4.2400E+05
2.9570E+07 4.9140E+05 4.9220E+05 4.9150E+05 4.9130E+05 4.9240E+05 4.9140E+05 4.9130E+05 4.9100E+05 4.9200E+05 4.9270E+05
3.3520E+07 5.6230E+05 5.6320E+05 5.6180E+05 5.6310E+05 5.6220E+05 5.6300E+05 5.6250E+05 5.6220E+05 5.6380E+05 5.6150E+05
3.8000E+07 6.3420E+05 6.3480E+05 6.3480E+05 6.3490E+05 6.3490E+05 6.3450E+05 6.3480E+05 6.3640E+05 6.3430E+05 6.3530E+05
-----------------------

E[V/m]_eta[1/m]
N2
NUM_COLUMNS:  10
COL_VALUES:  0.0 10.0 20.0 30.0 40.0 50.0 60.0 70.0 80.0 90.0
COMMENT: generated by particle_swarm
-----------------------
5.0000E+05 0.0000E+00 0.0000E+00 0.0000E+00 0.0000E+00 0.0000E+00 0.0000E+00 0.0000E+00 0.0000E+00 0.0000E+00 0.0000E+00
6.0000E+05 0.0000E+00 0.0000E+00 0.0000E+00 0.0000E+00 0.0000E+00 0.0000E+00 0.0000E+00 0.0000E+00 0.0000E+00 0.0000E+00
7.0000E+05 0.0000E+00 0.0000E+00 0.0000E+00 0.0000E+00 0.0000E+00 0.0000E+00 0.0000E+00 0.0000E+00 0.0000E+00 0.0000E+00
8.0000E+05 0.0000E+00 0.0000E+00 0.0000E+00 0.0000E+00 0.0000E+00 0.0000E+00 0.0000E+00 0.0000E+00 0.0000E+00 0.0000E+00
9.0000E+05 0.0000E+00 0.0000E+00 0.0000E+00 0.0000E+00 0.0000E+00 0.0000E+00 0.0000E+00 0.0000E+00 0.0000E+00 0.0000E+00
1.0000E+06 0.0000E+00 0.0000E+00 0.0000E+00 0.0000E+00 0.0000E+00 0.0000E+00 0.0000E+00 0.0000E+00 0.0000E+00 0.0000E+00
1.1340E+06 0.0000E+00 0.0000E+00 0.0000E+00 0.0000E+00 0.0000E+00 0.0000E+00 0.0000E+00 0.0000E+00 0.0000E+00 0.0000E+00
1.2850E+06 0.0000E+00 0.0000E+00 0.0000E+00 0.0000E+00 0.0000E+00 0.0000E+00 0.0000E+00 0.0000E+00 0.0000E+00 0.0000E+00
1.4570E+06 0.0000E+00 0.0000E+00 0.0000E+00 0.0000E+00 0.0000E+00 0.0000E+00 0.0000E+00 0.0000E+00 0.0000E+00 0.0000E+00
1.6520E+06 0.0000E+00 0.0000E+00 0.0000E+00 0.0000E+00 0.0000E+00 0.0000E+00 0.0000E+00 0.0000E+00 0.0000E+00 0.0000E+00
1.8720E+06 0.0000E+00 0.0000E+00 0.0000E+00 0.0000E+00 0.0000E+00 0.0000E+00 0.0000E+00 0.0000E+00 0.0000E+00 0.0000E+00
2.1230E+06 0.0000E+00 0.0000E+00 0.0000E+00 0.0000E+00 0.0000E+00 0.0000E+00 0.0000E+00 0.0000E+00 0.0000E+00 0.0000E+00
2.4060E+06 0.0000E+00 0.0000E+00 0.0000E+00 0.0000E+00 0.0000E+00 0.0000E+00 0.0000E+00 0.0000E+00 0.0000E+00 0.0000E+00
2.7280E+06 0.0000E+00 0.0000E+00 0.0000E+00 0.0000E+00 0.0000E+00 0.0000E+00 0.0000E+00 0.0000E+00 0.0000E+00 0.0000E+00
3.0920E+06 0.0000E+00 0.0000E+00 0.0000E+00 0.0000E+00 0.0000E+00 0.0000E+00 0.0000E+00 0.0000E+00 0.0000E+00 0.0000E+00
3.5060E+06 0.0000E+00 0.0000E+00 0.0000E+00 0.0000E+00 0.0000E+00 0.0000E+00 0.0000E+00 0.0000E+00 0.0000E+00 0.0000E+00
3.9740E+06 0.0000E+00 0.0000E+00 0.0000E+00 0.0000E+00 0.0000E+00 0.0000E+00 0.0000E+00 0.0000E+00 0.0000E+00 0.0000E+00
4.5050E+06 0.0000E+00 0.0000E+00 0.0000E+00 0.0000E+00 0.0000E+00 0.0000E+00 0.0000E+00 0.0000E+00 0.0000E+00 0.0000E+00
5.1070E+06 0.0000E+00 0.0000E+00 0.0000E+00 0.0000E+00 0.0000E+00 0.0000E+00 0.0000E+00 0.0000E+00 0.0000E+00 0.0000E+00
5.7900E+06 0.0000E+00 0.0000E+00 0.0000E+00 0.0000E+00 0.0000E+00 0.0000E+00 0.0000E+00 0.0000E+00 0.0000E+00 0.0000E+00
6.5630E+06 0.0000E+00 0.0000E+00 0.0000E+00 0.0000E+00 0.0000E+00 0.0000E+00 0.0000E+00 0.0000E+00 0.0000E+00 0.0000E+00
7.4410E+06 0.0000E+00 0.0000E+00 0.0000E+00 0.0000E+00 0.0000E+00 0.0000E+00 0.0000E+00 0.0000E+00 0.0000E+00 0.0000E+00
8.4350E+06 0.0000E+00 0.0000E+00 0.0000E+00 0.0000E+00 0.0000E+00 0.0000E+00 0.0000E+00 0.0000E+00 0.0000E+00 0.0000E+00
9.5620E+06 0.0000E+00 0.0000E+00 0.0000E+00 0.0000E+00 0.0000E+00 0.0000E+00 0.0000E+00 0.0000E+00 0.0000E+00 0.0000E+00
1.0840E+07 0.0000E+00 0.0000E+00 0.0000E+00 0.0000E+00 0.0000E+00 0.0000E+00 0.0000E+00 0.0000E+00 0.0000E+00 0.0000E+00
1.2290E+07 0.0000E+00 0.0000E+00 0.0000E+00 0.0000E+00 0.0000E+00 0.0000E+00 0.0000E+00 0.0000E+00 0.0000E+00 0.0000E+00
1.3930E+07 0.0000E+00 0.0000E+00 0.0000E+00 0.0000E+00 0.0000E+00 0.0000E+00 0.0000E+00 0.0000E+00 0.0000E+00 0.0000E+00
1.5790E+07 0.0000E+00 0.0000E+00 0.0000E+00 0.0000E+00 0.0000E+00 0.0000E+00 0.0000E+00 0.0000E+00 0.0000E+00 0.0000E+00
1.7900E+07 0.0000E+00 0.0000E+00 0.0000E+00 0.0000E+00 0.0000E+00 0.0000E+00 0.0000E+00 0.0000E+00 0.0000E+00 0.0000E+00
2.0300E+07 0.0000E+00 0.0000E+00 0.0000E+00 0.0000E+00 0.0000E+00 0.0000E+00 0.0000E+00 0.0000E+00 0.0000E+00 0.0000E+00
2.3010E+07 0.0000E+00 0.0000E+00 0.0000E+00 0.0000E+00 0.0000E+00 0.0000E+00 0.0000E+00 0.0000E+00 0.0000E+00 0.0000E+00
2.6080E+07 0.0000E+00 0.0000E+00 0.0000E+00 0.0000E+00 0.0000E+00 0.0000E+00 0.0000E+00 0.0000E+00 0.0000E+00 0.0000E+00
2.9570E+07 0.0000E+00 0.0000E+00 0.0000E+00 0.0000E+00 0.0000E+00 0.0000E+00 0.0000E+00 0.0000E+00 0.0000E+00 0.0000E+00
3.3520E+07 0.0000E+00 0.0000E+00 0.0000E+00 0.0000E+00 0.0000E+00 0.0000E+00 0.0000E+00 0.0000E+00 0.0000E+00 0.0000E+00
3.8000E+07 0.0000E+00 0.0000E+00 0.0000E+00 0.0000E+00 0.0000E+00 0.0000E+00 0.0000E+00 0.0000E+00 0.0000E+00 0.0000E+00
-----------------------

E[V/m]_diff_xB[m2/s]
N2
NUM_COLUMNS:  10
COL_VALUES:  0.0 10.0 20.0 30.0 40.0 50.0 60.0 70.0 80.0 90.0
COMMENT: generated by particle_swarm
-----------------------
5.0000E+05 7.1750E-02 7.1680E-02 7.1890E-02 7.1960E-02 7.1550E-02 7.1560E-02 7.1940E-02 7.1800E-02 7.1880E-02 7.1800E-02
6.0000E+05 7.0660E-02 7.1120E-02 7.1070E-02 7.1020E-02 7.1250E-02 7.1050E-02 7.0800E-02 7.1190E-02 7.0820E-02 7.1190E-02
7.0000E+05 7.0910E-02 7.0690E-02 7.0860E-02 7.0690E-02 7.0180E-02 7.0440E-02 7.0710E-02 7.0270E-02 7.0500E-02 7.0850E-02
8.0000E+05 6.9430E-02 7.0010E-02 6.9690E-02 6.9550E-02 6.9760E-02 7.0100E-02 7.0020E-02 6.9940E-02 6.9890E-02 6.9940E-02
9.0000E+05 6.9600E-02 6.9490E-02 6.9160E-02 6.9130E-02 6.9440E-02 6.9120E-02 6.9200E-02 6.9330E-02 6.9300E-02 6.9360E-02
1.0000E+06 6.8630E-02 6.8780E-02 6.8670E-02 6.8550E-02 6.8590E-02 6.8620E-02 6.8870E-02 6.8580E-02 6.8840E-02 6.8910E-02
1.1340E+06 6.8190E-02 6.7970E-02 6.8170E-02 6.7900E-02 6.8130E-02 6.8320E-02 6.8120E-02 6.8190E-02 6.8250E-02 6.8040E-02
1.2850E+06 6.8010E-02 6.7890E-02 6.7900E-02 6.7750E-02 6.7750E-02 6.7940E-02 6.7970E-02 6.7840E-02 6.7940E-02 6.8070E-02
1.4570E+06 6.8390E-02 6.8100E-02 6.8420E-02 6.8280E-02 6.8360E-02 6.8450E-02 6.8290E-02 6.8300E-02 6.8310E-02 6.8390E-02
1.6520E+06 7.0000E-02 6.9850E-02 6.9950E-02 7.0130E-02 6.9920E-02 6.9990E-02 7.0000E-02 6.9910E-02 6.9990E-02 7.0020E-02
1.8720E+06 7.3400E-02 7.3030E-02 7.3070E-02 7.3030E-02 7.3200E-02 7.3290E-02 7.3060E-02 7.3150E-02 7.3050E-02 7.3190E-02
2.1230E+06 7.8060E-02 7.8060E-02 7.8590E-02 7.8150E-02 7.7980E-02 7.8140E-02 7.8440E-02 7.8170E-02 7.8290E-02 7.8220E-02
2.4060E+06 8.5340E-02 8.5170E-02 8.5160E-02 8.5150E-02 8.4910E-02 8.5400E-02 8.4860E-02 8.5020E-02 8.4950E-02 8.5140E-02
2.7280E+06 9.3520E-02 9.3510E-02 9.3330E-02 9.3380E-02 9.3580E-02 9.3500E-02 9.3080E-02 9.3420E-02 9.3310E-02 9.3120E-02
3.0920E+06 1.0230E-01 1.0250E-01 1.0240E-01 1.0280E-01 1.0280E-01 1.0270E-01 1.0230E-01 1.0270E-01 1.0310E-01 1.0240E-01
3.5060E+06 1.1210E-01 1.1230E-01 1.1220E-01 1.1240E-01 1.1220E-01 1.1250E-01 1.1200E-01 1.1230E-01 1.1220E-01 1.1240E-01
3.9740E+06 1.2150E-01 1.2160E-01 1.2120E-01 1.2150E-01 1.2160E-01 1.2200E-01 1.2160E-01 1.2160E-01 1.2180E-01 1.2150E-01
4.5050E+06 1.3060E-01 1.3060E-01 1.3080E-01 1.3090E-01 1.3060E-01 1.3050E-01 1.3070E-01 1.3080E-01 1.3050E-01 1.3090E-01
5.1070E+06 1.3950E-01 1.3910E-01 1.3870E-01 1.3900E-01 1.3950E-01 1.3980E-01 1.3930E-01 1.3940E-01 1.3930E-01 1.3890E-01
5.7900E+06 1.4720E-01 1.4670E-01 1.4730E-01 1.4760E-01 1.4740E-01 1.4750E-01 1.4750E-01 1.4730E-01 1.4680E-01 1.4770E-01
6.5630E+06 1.5450E-01 1.5500E-01 1.5530E-01 1.5490E-01 1.5520E-01 1.5530E-01 1.5480E-01 1.5510E-01 1.5530E-01 1.5510E-01
7.4410E+06 1.6240E-01 1.6290E-01 1.6230E-01 1.6290E-01 1.6310E-01 1.6220E-01 1.6270E-01 1.6300E-01 1.6330E-01 1.6240E-01
8.4350E+06 1.6950E-01 1.7040E-01 1.6990E-01 1.7020E-01 1.7010E-01 1.6990E-01 1.6960E-01 1.6980E-01 1.6990E-01 1.7040E-01
9.5620E+06 1.7730E-01 1.7810E-01 1.7650E-01 1.7670E-01 1.7750E-01 1.7770E-01 1.7780E-01 1.7740E-01 1.7750E-01 1.7740E-01
1.0840E+07 1.8530E-01 1.8530E-01 1.8430E-01 1.8550E-01 1.8560E-01 1.8510E-01 1.8500E-01 1.8550E-01 1.8450E-01 1.8500E-01
1.2290E+07 1.9290E-01 1.9270E-01 1.9330E-01 1.9200E-01 1.9260E-01 1.9290E-01 1.9150E-01 1.9320E-01 1.9300E-01 1.9260E-01
1.3930E+07 2.0120E-01 2.0100E-01 2.0080E-01 2.0130E-01 2.0220E-01 2.0150E-01 2.0130E-01 2.0080E-01 2.0090E-01 2.0080E-01
1.5790E+07 2.1000E-01 2.1130E-01 2.0970E-01 2.1030E-01 2.1030E-01 2.0860E-01 2.0990E-01 2.1040E-01 2.1100E-01 2.0920E-01
1.7900E+07 2.1890E-01 2.2060E-01 2.2030E-01 2.2030E-01 2.1980E-01 2.2040E-01 2.1970E-01 2.1980E-01 2.1880E-01 2.1910E-01
2.0300E+07 2.3020E-01 2.3050E-01 2.2930E-01 2.2930E-01 2.3000E-01 2.3030E-01 2.3000E-01 2.2830E-01 2.3070E-01 2.3010E-01
2.3010E+07 2.4080E-01 2.4100E-01 2.4000E-01 2.4190E-01 2.4230E-01 2.4140E-01 2.4120E-01 2.4070E-01 2.4160E-01 2.4160E-01
2.6080E+07 2.5380E-01 2.5410E-01 2.5320E-01 2.5490E-01 2.5340E-01 2.5440E-01 2.5340E-01 2.5480E-01 2.5550E-01 2.5530E-01
2.9570E+07 2.6830E-01 2.6870E-01 2.6790E-01 2.6670E-01 2.6940E-01 2.6810E-01 2.6790E-01 2.6860E-01 2.6820E-01 2.6940E-01
3.3520E+07 2.8590E-01 2.8490E-01 2.8390E-01 2.8460E-01 2.8430E-01 2.8600E-01 2.8320E-01 2.8360E-01 2.8570E-01 2.8290E-01
3.8000E+07 2.9820E-01 3.0260E-01 3.0250E-01 3.0080E-01 2.9990E-01 3.0070E-01 3.0020E-01 3.0110E-01 3.0210E-01 3.0050E-01
-----------------------

E[V/m]_diff_B[m2/s]
N2
NUM_COLUMNS:  10
COL_VALUES:  0.0 10.0 20.0 30.0 40.0 50.0 60.0 70.0 80.0 90.0
COMMENT: generated by particle_swarm
-----------------------
5.0000E+05 2.6680E-02 2.8190E-02 3.1690E-02 3.7930E-02 4.5240E-02 5.3100E-02 6.0250E-02 6.6630E-02 7.0360E-02 7.1210E-02
6.0000E+05 2.5790E-02 2.7260E-02 3.0970E-02 3.7430E-02 4.4780E-02 5.2600E-02 5.9750E-02 6.6070E-02 6.9600E-02 7.1380E-02
7.0000E+05 2.5520E-02 2.6620E-02 3.0770E-02 3.6770E-02 4.4170E-02 5.2040E-02 5.9190E-02 6.4960E-02 6.9080E-02 7.0540E-02
8.0000E+05 2.4940E-02 2.6290E-02 3.0200E-02 3.6090E-02 4.3500E-02 5.1290E-02 5.8690E-02 6.4840E-02 6.8660E-02 7.0050E-02
9.0000E+05 2.4680E-02 2.6150E-02 2.9900E-02 3.5930E-02 4.3160E-02 5.1280E-02 5.8130E-02 6.3810E-02 6.7650E-02 6.9410E-02
1.0000E+06 2.4830E-02 2.6180E-02 3.0010E-02 3.5780E-02 4.3030E-02 5.0560E-02 5.7640E-02 6.3540E-02 6.7340E-02 6.8460E-02
1.1340E+06 2.5100E-02 2.6460E-02 3.0140E-02 3.5950E-02 4.2720E-02 5.0310E-02 5.7440E-02 6.3190E-02 6.6910E-02 6.8070E-02
1.2850E+06 2.6110E-02 2.7510E-02 3.1080E-02 3.6650E-02 4.3440E-02 5.0720E-02 5.7560E-02 6.3150E-02 6.6680E-02 6.7760E-02
1.4570E+06 2.8530E-02 2.9480E-02 3.3090E-02 3.8350E-02 4.4940E-02 5.2000E-02 5.8570E-02 6.3690E-02 6.7190E-02 6.8440E-02
1.6520E+06 3.2370E-02 3.3260E-02 3.6790E-02 4.1700E-02 4.7880E-02 5.4320E-02 6.0600E-02 6.5630E-02 6.8790E-02 7.0100E-02
1.8720E+06 3.8150E-02 3.9310E-02 4.2280E-02 4.6880E-02 5.2680E-02 5.8680E-02 6.4620E-02 6.8900E-02 7.2340E-02 7.3200E-02
2.1230E+06 4.6160E-02 4.7050E-02 4.9840E-02 5.4020E-02 5.9310E-02 6.5090E-02 7.0040E-02 7.4340E-02 7.7140E-02 7.7950E-02
2.4060E+06 5.5920E-02 5.6640E-02 5.9150E-02 6.3310E-02 6.7780E-02 7.3090E-02 7.7420E-02 8.1380E-02 8.4180E-02 8.4770E-02
2.7280E+06 6.6580E-02 6.7190E-02 6.9790E-02 7.3090E-02 7.7640E-02 8.2070E-02 8.6510E-02 9.0300E-02 9.2780E-02 9.3460E-02
3.0920E+06 7.7540E-02 7.8280E-02 8.0450E-02 8.3310E-02 8.8070E-02 9.2310E-02 9.6300E-02 9.9570E-02 1.0210E-01 1.0270E-01
3.5060E+06 8.8070E-02 8.8950E-02 9.1010E-02 9.4280E-02 9.7950E-02 1.0240E-01 1.0620E-01 1.0940E-01 1.1130E-01 1.1220E-01
3.9740E+06 9.8180E-02 9.8480E-02 1.0060E-01 1.0420E-01 1.0780E-01 1.1200E-01 1.1610E-01 1.1910E-01 1.2060E-01 1.2180E-01
4.5050E+06 1.0730E-01 1.0770E-01 1.0920E-01 1.1320E-01 1.1670E-01 1.2100E-01 1.2500E-01 1.2840E-01 1.2980E-01 1.3040E-01
5.1070E+06 1.1470E-01 1.1550E-01 1.1840E-01 1.2050E-01 1.2520E-01 1.2960E-01 1.3330E-01 1.3660E-01 1.3880E-01 1.3960E-01
5.7900E+06 1.2230E-01 1.2280E-01 1.2540E-01 1.2840E-01 1.3230E-01 1.3710E-01 1.4170E-01 1.4440E-01 1.4650E-01 1.4720E-01
6.5630E+06 1.2900E-01 1.2910E-01 1.3200E-01 1.3530E-01 1.3920E-01 1.4450E-01 1.4820E-01 1.5210E-01 1.5530E-01 1.5540E-01
7.4410E+06 1.3500E-01 1.3650E-01 1.3920E-01 1.4240E-01 1.4680E-01 1.5080E-01 1.5520E-01 1.5890E-01 1.6160E-01 1.6330E-01
8.4350E+06 1.4130E-01 1.4160E-01 1.4570E-01 1.4870E-01 1.5260E-01 1.5830E-01 1.6290E-01 1.6650E-01 1.6890E-01 1.7020E-01
9.5620E+06 1.4780E-01 1.4870E-01 1.5040E-01 1.5540E-01 1.5920E-01 1.6490E-01 1.6960E-01 1.7410E-01 1.7640E-01 1.7690E-01
1.0840E+07 1.5300E-01 1.5400E-01 1.5690E-01 1.6210E-01 1.6640E-01 1.7220E-01 1.7740E-01 1.8140E-01 1.8460E-01 1.8540E-01
1.2290E+07 1.6000E-01 1.6060E-01 1.6410E-01 1.6820E-01 1.7350E-01 1.7970E-01 1.8490E-01 1.8870E-01 1.9200E-01 1.9260E-01
1.3930E+07 1.6670E-01 1.6750E-01 1.7070E-01 1.7560E-01 1.8120E-01 1.8600E-01 1.9250E-01 1.9810E-01 1.9980E-01 2.0200E-01
1.5790E+07 1.7330E-01 1.7420E-01 1.7770E-01 1.8350E-01 1.8910E-01 1.9520E-01 2.0080E-01 2.0630E-01 2.0950E-01 2.1060E-01
1.7900E+07 1.8000E-01 1.8200E-01 1.8580E-01 1.9120E-01 1.9620E-01 2.0420E-01 2.1010E-01 2.1470E-01 2.1920E-01 2.1960E-01
2.0300E+07 1.9060E-01 1.9150E-01 1.9440E-01 2.0130E-01 2.0730E-01 2.1380E-01 2.1970E-01 2.2490E-01 2.2860E-01 2.3030E-01
2.3010E+07 2.0000E-01 2.0430E-01 2.0570E-01 2.1170E-01 2.1760E-01 2.2390E-01 2.3110E-01 2.3690E-01 2.4000E-01 2.4040E-01
2.6080E+07 2.1290E-01 2.1360E-01 2.1620E-01 2.2330E-01 2.3060E-01 2.3730E-01 2.4340E-01 2.4970E-01 2.5400E-01 2.5510E-01
2.9570E+07 2.2630E-01 2.2680E-01 2.3190E-01 2.3460E-01 2.4010E-01 2.5180E-01 2.5740E-01 2.6360E-01 2.6630E-01 2.6750E-01
3.3520E+07 2.4060E-01 2.4140E-01 2.4520E-01 2.5160E-01 2.5910E-01 2.6570E-01 2.7400E-01 2.7760E-01 2.8130E-01 2.8210E-01
3.8000E+07 2.6280E-01 2.5960E-01 2.6780E-01 2.7210E-01 2.7640E-01 2.8240E-01 2.9320E-01 2.9750E-01 2.9790E-01 3.0000E-01
-----------------------

E[V/m]_energy[eV]
N2
NUM_COLUMNS:  10
COL_VALUES:  0.0 10.0 20.0 30.0 40.0 50.0 60.0 70.0 80.0 90.0
COMMENT: generated by particle_swarm
-----------------------
5.0000E+05 1.0450E+00 1.0450E+00 1.0440E+00 1.0440E+00 1.0440E+00 1.0450E+00 1.0440E+00 1.0450E+00 1.0450E+00 1.0440E+00
6.0000E+05 1.0620E+00 1.0620E+00 1.0620E+00 1.0620E+00 1.0630E+00 1.0620E+00 1.0620E+00 1.0620E+00 1.0620E+00 1.0620E+00
7.0000E+05 1.0770E+00 1.0770E+00 1.0770E+00 1.0780E+00 1.0770E+00 1.0760E+00 1.0770E+00 1.0770E+00 1.0770E+00 1.0770E+00
8.0000E+05 1.0920E+00 1.0910E+00 1.0920E+00 1.0920E+00 1.0920E+00 1.0920E+00 1.0920E+00 1.0930E+00 1.0930E+00 1.0920E+00
9.0000E+05 1.1080E+00 1.1080E+00 1.1080E+00 1.1090E+00 1.1070E+00 1.1080E+00 1.1080E+00 1.1090E+00 1.1080E+00 1.1090E+00
1.0000E+06 1.1280E+00 1.1280E+00 1.1280E+00 1.1280E+00 1.1280E+00 1.1280E+00 1.1280E+00 1.1280E+00 1.1280E+00 1.1280E+00
1.1340E+06 1.1630E+00 1.1630E+00 1.1630E+00 1.1630E+00 1.1630E+00 1.1630E+00 1.1630E+00 1.1630E+00 1.1630E+00 1.1630E+00
1.2850E+06 1.2220E+00 1.2210E+00 1.2220E+00 1.2210E+00 1.2220E+00 1.2220E+00 1.2220E+00 1.2210E+00 1.2210E+00 1.2220E+00
1.4570E+06 1.3190E+00 1.3170E+00 1.3180E+00 1.3170E+00 1.3190E+00 1.3180E+00 1.3200E+00 1.3180E+00 1.3180E+00 1.3190E+00
1.6520E+06 1.4720E+00 1.4720E+00 1.4720E+00 1.4720E+00 1.4710E+00 1.4720E+00 1.4730E+00 1.4690E+00 1.4710E+00 1.4710E+00
1.8720E+06 1.6980E+00 1.6970E+00 1.6960E+00 1.6960E+00 1.6980E+00 1.6940E+00 1.6970E+00 1.6950E+00 1.6960E+00 1.6980E+00
2.1230E+06 2.0030E+00 2.0030E+00 2.0050E+00 2.0040E+00 2.0030E+00 2.0040E+00 2.0050E+00 2.0020E+00 2.0010E+00 2.0040E+00
2.4060E+06 2.3900E+00 2.3840E+00 2.3870E+00 2.3870E+00 2.3840E+00 2.3870E+00 2.3830E+00 2.3840E+00 2.3890E+00 2.3870E+00
2.7280E+06 2.8290E+00 2.8240E+00 2.8270E+00 2.8290E+00 2.8240E+00 2.8250E+00 2.8270E+00 2.8270E+00 2.8270E+00 2.8270E+00
3.0920E+06 3.3030E+00 3.3060E+00 3.3050E+00 3.3030E+00 3.3060E+00 3.3080E+00 3.3070E+00 3.3070E+00 3.3070E+00 3.3040E+00
3.5060E+06 3.8010E+00 3.8030E+00 3.8000E+00 3.8020E+00 3.8030E+00 3.8020E+00 3.8020E+00 3.8050E+00 3.8020E+00 3.8010E+00
3.9740E+06 4.2980E+00 4.2980E+00 4.2990E+00 4.3000E+00 4.3000E+00 4.3010E+00 4.2990E+00 4.3000E+00 4.2950E+00 4.3000E+00
4.5050E+06 4.7900E+00 4.7900E+00 4.7890E+00 4.7900E+00 4.7870E+00 4.7910E+00 4.7890E+00 4.7940E+00 4.7860E+00 4.7920E+00
5.1070E+06 5.2790E+00 5.2800E+00 5.2820E+00 5.2820E+00 5.2820E+00 5.2830E+00 5.2840E+00 5.2780E+00 5.2830E+00 5.2810E+00
5.7900E+06 5.7730E+00 5.7780E+00 5.7790E+00 5.7820E+00 5.7740E+00 5.7780E+00 5.7780E+00 5.7710E+00 5.7770E+00 5.7770E+00
6.5630E+06 6.2850E+00 6.2850E+00 6.2920E+00 6.2870E+00 6.2830E+00 6.2870E+00 6.2890E+00 6.2910E+00 6.2920E+00 6.2890E+00
7.4410E+06 6.8190E+00 6.8270E+00 6.8290E+00 6.8250E+00 6.8260E+00 6.8200E+00 6.8240E+00 6.8280E+00 6.8230E+00 6.8170E+00
8.4350E+06 7.4020E+00 7.4030E+00 7.3980E+00 7.4000E+00 7.3990E+00 7.4000E+00 7.3990E+00 7.3990E+00 7.3990E+00 7.3990E+00
9.5620E+06 8.0250E+00 8.0340E+00 8.0190E+00 8.0200E+00 8.0290E+00 8.0270E+00 8.0260E+00 8.0220E+00 8.0250E+00 8.0230E+00
1.0840E+07 8.7170E+00 8.7180E+00 8.7170E+00 8.7220E+00 8.7230E+00 8.7170E+00 8.7230E+00 8.7260E+00 8.7240E+00 8.7210E+00
1.2290E+07 9.4870E+00 9.4850E+00 9.4950E+00 9.4810E+00 9.4920E+00 9.4860E+00 9.4830E+00 9.4830E+00 9.4860E+00 9.4850E+00
1.3930E+07 1.0360E+01 1.0360E+01 1.0360E+01 1.0350E+01 1.0360E+01 1.0360E+01 1.0350E+01 1.0360E+01 1.0350E+01 1.0350E+01
1.5790E+07 1.1340E+01 1.1340E+01 1.1330E+01 1.1330E+01 1.1350E+01 1.1330E+01 1.1330E+01 1.1330E+01 1.1330E+01 1.1330E+01
1.7900E+07 1.2430E+01 1.2440E+01 1.2440E+01 1.2440E+01 1.2440E+01 1.2440E+01 1.2440E+01 1.2440E+01 1.2440E+01 1.2430E+01
2.0300E+07 1.3710E+01 1.3710E+01 1.3690E+01 1.3710E+01 1.3700E+01 1.3710E+01 1.3700E+01 1.3700E+01 1.3690E+01 1.3700E+01
2.3010E+07 1.5130E+01 1.5140E+01 1.5140E+01 1.5140E+01 1.5150E+01 1.5150E+01 1.5140E+01 1.5130E+01 1.5150E+01 1.5130E+01
2.6080E+07 1.6820E+01 1.6780E+01 1.6780E+01 1.6810E+01 1.6790E+01 1.6800E+01 1.6800E+01 1.6780E+01 1.6790E+01 1.6780E+01
2.9570E+07 1.8690E+01 1.8700E+01 1.8690E+01 1.8680E+01 1.8690E+01 1.8680E+01 1.8690E+01 1.8670E+01 1.8680E+01 1.8710E+01
3.3520E+07 2.0880E+01 2.0910E+01 2.0880E+01 2.0910E+01 2.0900E+01 2.0900E+01 2.0900E+01 2.0870E+01 2.0900E+01 2.0870E+01
3.8000E+07 2.3420E+01 2.3450E+01 2.3460E+01 2.3430E+01 2.3440E+01 2.3440E+01 2.3430E+01 2.3440E+01 2.3420E+01 2.3440E+01
-----------------------

