E[V/m]_muB[m2/Vs]
N2
NUM_COLUMNS:  10
COL_VALUES:  0.0 10.0 20.0 30.0 40.0 50.0 60.0 70.0 80.0 90.0
COMMENT: generated by particle_swarm
-----------------------
5.0000E+05 6.1120E-02 6.1490E-02 6.1680E-02 6.2500E-02 6.2770E-02 6.3880E-02 6.4940E-02 6.6170E-02 6.7530E-02 6.8890E-02
6.0000E+05 5.8760E-02 5.8620E-02 5.9370E-02 5.9790E-02 6.0680E-02 6.1520E-02 6.2800E-02 6.3700E-02 6.3110E-02 6.2520E-02
7.0000E+05 5.6870E-02 5.7030E-02 5.7430E-02 5.7950E-02 5.8540E-02 5.9590E-02 6.0440E-02 6.1590E-02 6.2470E-02 6.3350E-02
8.0000E+05 5.5280E-02 5.5240E-02 5.5510E-02 5.6190E-02 5.6980E-02 5.7960E-02 5.8920E-02 6.0040E-02 6.0860E-02 6.1680E-02
9.0000E+05 5.3990E-02 5.4030E-02 5.4280E-02 5.4900E-02 5.5610E-02 5.6810E-02 5.8140E-02 5.8330E-02 5.9660E-02 6.0990E-02
1.0000E+06 5.2680E-02 5.2870E-02 5.3190E-02 5.3800E-02 5.4620E-02 5.5660E-02 5.6610E-02 5.7760E-02 5.8330E-02 5.8900E-02
1.1340E+06 5.1280E-02 5.1310E-02 5.1750E-02 5.2380E-02 5.3230E-02 5.4190E-02 5.5280E-02 5.6430E-02 5.6980E-02 5.7530E-02
1.2850E+06 4.9710E-02 4.9970E-02 5.0190E-02 5.1040E-02 5.1690E-02 5.2730E-02 5.3920E-02 5.4920E-02 5.5250E-02 5.5580E-02
1.4570E+06 4.8400E-02 4.8520E-02 4.8940E-02 4.9570E-02 5.0440E-02 5.1440E-02 5.2470E-02 5.3550E-02 5.4340E-02 5.5130E-02
1.6520E+06 4.7120E-02 4.7200E-02 4.7640E-02 4.8050E-02 4.8990E-02 4.9940E-02 5.0950E-02 5.1740E-02 5.2730E-02 5.3720E-02
1.8720E+06 4.5790E-02 4.5920E-02 4.6260E-02 4.6900E-02 4.7550E-02 4.8450E-02 4.9380E-02 5.0330E-02 5.0790E-02 5.1250E-02
2.1230E+06 4.4680E-02 4.4720E-02 4.5100E-02 4.5440E-02 4.6270E-02 4.7080E-02 4.7850E-02 4.8990E-02 4.9300E-02 4.9610E-02
2.4060E+06 4.3540E-02 4.3590E-02 4.3830E-02 4.4240E-02 4.4920E-02 4.5740E-02 4.6490E-02 4.7310E-02 4.7690E-02 4.8070E-02
2.7280E+06 4.2510E-02 4.2590E-02 4.2820E-02 4.3210E-02 4.3770E-02 4.4350E-02 4.5150E-02 4.5870E-02 4.5970E-02 4.6070E-02
3.0920E+06 4.1630E-02 4.1780E-02 4.1850E-02 4.2180E-02 4.2680E-02 4.3100E-02 4.3700E-02 4.4370E-02 4.4480E-02 4.4590E-02
3.5060E+06 4.0790E-02 4.0860E-02 4.0970E-02 4.1260E-02 4.1580E-02 4.2040E-02 4.2500E-02 4.2920E-02 4.3420E-02 4.3920E-02
3.9740E+06 3.9930E-02 4.0000E-02 4.0180E-02 4.0300E-02 4.0590E-02 4.0940E-02 4.1420E-02 4.1820E-02 4.1920E-02 4.2020E-02
4.5050E+06 3.9160E-02 3.9270E-02 3.9210E-02 3.9450E-02 3.9600E-02 4.0010E-02 4.0290E-02 4.0560E-02 4.0670E-02 4.0780E-02
5.1070E+06 3.8440E-02 3.8410E-02 3.8420E-02 3.8600E-02 3.8810E-02 3.9120E-02 3.9200E-02 3.9610E-02 4.0040E-02 4.0470E-02
5.7900E+06 3.7500E-02 3.7540E-02 3.7670E-02 3.7740E-02 3.7780E-02 3.7950E-02 3.8140E-02 3.8170E-02 3.8230E-02 3.8290E-02
6.5630E+06 3.6700E-02 3.6700E-02 3.6810E-02 3.6770E-02 3.6960E-02 3.6990E-02 3.7280E-02 3.7250E-02 3.7620E-02 3.7990E-02
7.4410E+06 3.5850E-02 3.5840E-02 3.5920E-02 3.5910E-02 3.6060E-02 3.6140E-02 3.6230E-02 3.6410E-02 3.6400E-02 3.6390E-02
8.4350E+06 3.4820E-02 3.4920E-02 3.4910E-02 3.4990E-02 3.5050E-02 3.5200E-02 3.5300E-02 3.5340E-02 3.5370E-02 3.5400E-02
9.5620E+06 3.3920E-02 3.3880E-02 3.3940E-02 3.4060E-02 3.4070E-02 3.4250E-02 3.4340E-02 3.4510E-02 3.4450E-02 3.4390E-02
1.0840E+07 3.2900E-02 3.2930E-02 3.3010E-02 3.3060E-02 3.3140E-02 3.3240E-02 3.3290E-02 3.3300E-02 3.3490E-02 3.3680E-02
1.2290E+07 3.1950E-02 3.1910E-02 3.2010E-02 3.2060E-02 3.2090E-02 3.2200E-02 3.2360E-02 3.2380E-02 3.2450E-02 3.2520E-02
1.3930E+07 3.0970E-02 3.1020E-02 3.0990E-02 3.1040E-02 3.1130E-02 3.1220E-02 3.1170E-02 3.1340E-02 3.1270E-02 3.1200E-02
1.5790E+07 2.9960E-02 2.9910E-02 2.9980E-02 3.0020E-02 3.0000E-02 3.0070E-02 3.0220E-02 3.0160E-02 3.0370E-02 3.0580E-02
1.7900E+07 2.8900E-02 2.8910E-02 2.8920E-02 2.8970E-02 2.9010E-02 2.9110E-02 2.9240E-02 2.9120E-02 2.9170E-02 2.9220E-02
2.0300E+07 2.7850E-02 2.7900E-02 2.7860E-02 2.7970E-02 2.8000E-02 2.8160E-02 2.8180E-02 2.8130E-02 2.8250E-02 2.8370E-02
2.3010E+07 2.6870E-02 2.6880E-02 2.6900E-02 2.6920E-02 2.7000E-02 2.7040E-02 2.7170E-02 2.7020E-02 2.7060E-02 2.7100E-02
2.6080E+07 2.5890E-02 2.5910E-02 2.5920E-02 2.5920E-02 2.5990E-02 2.6010E-02 2.6010E-02 2.6020E-02 2.5930E-02 2.5840E-02
2.9570E+07 2.4930E-02 2.4880E-02 2.4890E-02 2.4940E-02 2.4980E-02 2.5010E-02 2.5000E-02 2.5180E-02 2.5320E-02 2.5460E-02
3.3520E+07 2.3960E-02 2.3970E-02 2.3980E-02 2.3990E-02 2.4030E-02 2.4050E-02 2.4060E-02 2.4100E-02 2.4270E-02 2.4440E-02
3.8000E+07 2.3050E-02 2.3080E-02 2.3030E-02 2.3070E-02 2.3100E-02 2.3100E-02 2.3230E-02 2.3330E-02 2.3330E-02 2.3330E-02
-----------------------

E[V/m]_muxB[m2/Vs]
N2
NUM_COLUMNS:  10
COL_VALUES:  0.0 10.0 20.0 30.0 40.0 50.0 60.0 70.0 80.0 90.0
COMMENT: generated by particle_swarm
-----------------------
5.0000E+05 4.2000E-02 4.2000E-02 4.1310E-02 4.2640E-02 4.2500E-02 4.3010E-02 4.3300E-02 4.3370E-02 4.3680E-02 4.3640E-02
6.0000E+05 4.0890E-02 4.0890E-02 4.1410E-02 4.1290E-02 4.1660E-02 4.1910E-02 4.2370E-02 4.2620E-02 4.2670E-02 4.2870E-02
7.0000E+05 3.9720E-02 3.9720E-02 4.1260E-02 4.0720E-02 4.0900E-02 4.1280E-02 4.1350E-02 4.1660E-02 4.1780E-02 4.1980E-02
8.0000E+05 3.9670E-02 3.9670E-02 4.0240E-02 3.9640E-02 3.9890E-02 4.0250E-02 4.0810E-02 4.0840E-02 4.1100E-02 4.1310E-02
9.0000E+05 3.8640E-02 3.8640E-02 3.9250E-02 3.8990E-02 3.9370E-02 3.9520E-02 3.9930E-02 4.0430E-02 4.0450E-02 4.0660E-02
1.0000E+06 3.8340E-02 3.8340E-02 3.8490E-02 3.8450E-02 3.8740E-02 3.9120E-02 3.9460E-02 3.9720E-02 4.0000E-02 4.0080E-02
1.1340E+06 3.7340E-02 3.7340E-02 3.7390E-02 3.7790E-02 3.8010E-02 3.8430E-02 3.8810E-02 3.9090E-02 3.9390E-02 3.9350E-02
1.2850E+06 3.6990E-02 3.6990E-02 3.6830E-02 3.7030E-02 3.7360E-02 3.7810E-02 3.8100E-02 3.8390E-02 3.8650E-02 3.8740E-02
1.4570E+06 3.5920E-02 3.5920E-02 3.6150E-02 3.6310E-02 3.6640E-02 3.7050E-02 3.7350E-02 3.7670E-02 3.7870E-02 3.8080E-02
1.6520E+06 3.5350E-02 3.5350E-02 3.5450E-02 3.5750E-02 3.5950E-02 3.6410E-02 3.6700E-02 3.7040E-02 3.7300E-02 3.7310E-02
1.8720E+06 3.4880E-02 3.4880E-02 3.4980E-02 3.5200E-02 3.5430E-02 3.5820E-02 3.6080E-02 3.6450E-02 3.6660E-02 3.6720E-02
2.1230E+06 3.4380E-02 3.4380E-02 3.4500E-02 3.4810E-02 3.5080E-02 3.5310E-02 3.5620E-02 3.5940E-02 3.6190E-02 3.6190E-02
2.4060E+06 3.4400E-02 3.4400E-02 3.4240E-02 3.4320E-02 3.4560E-02 3.4900E-02 3.5180E-02 3.5460E-02 3.5610E-02 3.5700E-02
2.7280E+06 3.3930E-02 3.3930E-02 3.4150E-02 3.4160E-02 3.4420E-02 3.4620E-02 3.4790E-02 3.5040E-02 3.5150E-02 3.5230E-02
3.0920E+06 3.3590E-02 3.3590E-02 3.3950E-02 3.3920E-02 3.4120E-02 3.4310E-02 3.4450E-02 3.4660E-02 3.4820E-02 3.4860E-02
3.5060E+06 3.3570E-02 3.3570E-02 3.3700E-02 3.3840E-02 3.3940E-02 3.4060E-02 3.4260E-02 3.4370E-02 3.4500E-02 3.4510E-02
3.9740E+06 3.3670E-02 3.3670E-02 3.3550E-02 3.3690E-02 3.3720E-02 3.3750E-02 3.3940E-02 3.4020E-02 3.4140E-02 3.4170E-02
4.5050E+06 3.3690E-02 3.3690E-02 3.3400E-02 3.3370E-02 3.3370E-02 3.3520E-02 3.3540E-02 3.3740E-02 3.3780E-02 3.3800E-02
5.1070E+06 3.2850E-02 3.2850E-02 3.3010E-02 3.3110E-02 3.3160E-02 3.3160E-02 3.3190E-02 3.3290E-02 3.3340E-02 3.3380E-02
5.7900E+06 3.2760E-02 3.2760E-02 3.2600E-02 3.2470E-02 3.2680E-02 3.2810E-02 3.2810E-02 3.2890E-02 3.2970E-02 3.2970E-02
6.5630E+06 3.1880E-02 3.1880E-02 3.2180E-02 3.2230E-02 3.2190E-02 3.2270E-02 3.2380E-02 3.2470E-02 3.2450E-02 3.2410E-02
7.4410E+06 3.1920E-02 3.1920E-02 3.1520E-02 3.1730E-02 3.1590E-02 3.1760E-02 3.1760E-02 3.1860E-02 3.1890E-02 3.1870E-02
8.4350E+06 3.1150E-02 3.1150E-02 3.0960E-02 3.1080E-02 3.1100E-02 3.1170E-02 3.1180E-02 3.1240E-02 3.1260E-02 3.1350E-02
9.5620E+06 3.0460E-02 3.0460E-02 3.0420E-02 3.0420E-02 3.0490E-02 3.0540E-02 3.0600E-02 3.0590E-02 3.0650E-02 3.0700E-02
1.0840E+07 2.9970E-02 2.9970E-02 2.9740E-02 2.9730E-02 2.9810E-02 2.9840E-02 2.9930E-02 2.9970E-02 3.0010E-02 3.0020E-02
1.2290E+07 2.9140E-02 2.9140E-02 2.9120E-02 2.9150E-02 2.9100E-02 2.9160E-02 2.9200E-02 2.9250E-02 2.9290E-02 2.9300E-02
1.3930E+07 2.8650E-02 2.8650E-02 2.8260E-02 2.8390E-02 2.8340E-02 2.8470E-02 2.8450E-02 2.8510E-02 2.8550E-02 2.8570E-02
1.5790E+07 2.7640E-02 2.7640E-02 2.7470E-02 2.7560E-02 2.7600E-02 2.7740E-02 2.7730E-02 2.7760E-02 2.7770E-02 2.7790E-02
1.7900E+07 2.6640E-02 2.6640E-02 2.6740E-02 2.6710E-02 2.6800E-02 2.6910E-02 2.6950E-02 2.6990E-02 2.7010E-02 2.6960E-02
2.0300E+07 2.5970E-02 2.5970E-02 2.5920E-02 2.5920E-02 2.6040E-02 2.6100E-02 2.6160E-02 2.6180E-02 2.6200E-02 2.6190E-02
2.3010E+07 2.5140E-02 2.5140E-02 2.5140E-02 2.5190E-02 2.5220E-02 2.5200E-02 2.5340E-02 2.5310E-02 2.5350E-02 2.5370E-02
2.6080E+07 2.4230E-02 2.4230E-02 2.4300E-02 2.4420E-02 2.4410E-02 2.4420E-02 2.4460E-02 2.4510E-02 2.4520E-02 2.4560E-02
2.9570E+07 2.3730E-02 2.3730E-02 2.3470E-02 2.3600E-02 2.3600E-02 2.3620E-02 2.3670E-02 2.3720E-02 2.3730E-02 2.3710E-02
3.3520E+07 2.2800E-02 2.2800E-02 2.2600E-02 2.2740E-02 2.2800E-02 2.2850E-02 2.2890E-02 2.2870E-02 2.2900E-02 2.2910E-02
3.8000E+07 2.1940E-02 2.1940E-02 2.1970E-02 2.1960E-02 2.2010E-02 2.2070E-02 2.2080E-02 2.2090E-02 2.2110E-02 2.2110E-02
-----------------------

E[V/m]_muExB[m2/Vs]
N2
NUM_COLUMNS:  10
COL_VALUES:  0.0 10.0 20.0 30.0 40.0 50.0 60.0 70.0 80.0 90.0
COMMENT: generated by particle_swarm
-----------------------
5.0000E+05 2.7270E-02 2.7270E-02 2.7570E-02 2.7740E-02 2.8000E-02 2.8570E-02 2.9320E-02 2.9850E-02 3.0430E-02 3.0500E-02
6.0000E+05 2.5500E-02 2.5500E-02 2.5450E-02 2.5940E-02 2.6970E-02 2.7130E-02 2.7500E-02 2.8230E-02 2.8760E-02 2.9060E-02
7.0000E+05 2.4030E-02 2.4030E-02 2.4660E-02 2.4550E-02 2.5410E-02 2.5800E-02 2.6580E-02 2.7120E-02 2.7690E-02 2.7830E-02
8.0000E+05 2.3990E-02 2.3990E-02 2.3010E-02 2.3370E-02 2.4050E-02 2.4770E-02 2.5490E-02 2.5990E-02 2.6730E-02 2.6760E-02
9.0000E+05 2.1810E-02 2.1810E-02 2.2240E-02 2.2500E-02 2.3500E-02 2.4190E-02 2.4640E-02 2.5570E-02 2.5850E-02 2.6010E-02
1.0000E+06 2.1350E-02 2.1350E-02 2.1730E-02 2.2230E-02 2.2650E-02 2.3380E-02 2.4060E-02 2.4590E-02 2.5150E-02 2.5340E-02
1.1340E+06 2.0170E-02 2.0170E-02 2.0960E-02 2.1300E-02 2.1810E-02 2.2440E-02 2.3170E-02 2.3870E-02 2.4290E-02 2.4510E-02
1.2850E+06 1.9510E-02 1.9510E-02 2.0280E-02 2.0340E-02 2.1010E-02 2.1660E-02 2.2310E-02 2.3100E-02 2.3480E-02 2.3710E-02
1.4570E+06 1.9230E-02 1.9230E-02 1.9310E-02 1.9650E-02 2.0210E-02 2.0780E-02 2.1540E-02 2.2150E-02 2.2640E-02 2.2870E-02
1.6520E+06 1.8440E-02 1.8440E-02 1.8400E-02 1.8820E-02 1.9230E-02 2.0060E-02 2.0560E-02 2.1290E-02 2.1770E-02 2.1980E-02
1.8720E+06 1.7560E-02 1.7560E-02 1.7740E-02 1.8020E-02 1.8530E-02 1.9030E-02 1.9820E-02 2.0460E-02 2.0830E-02 2.1080E-02
2.1230E+06 1.6210E-02 1.6210E-02 1.6990E-02 1.7170E-02 1.7730E-02 1.8200E-02 1.8800E-02 1.9480E-02 1.9910E-02 2.0090E-02
2.4060E+06 1.6010E-02 1.6010E-02 1.6290E-02 1.6470E-02 1.7050E-02 1.7450E-02 1.8090E-02 1.8530E-02 1.8970E-02 1.9100E-02
2.7280E+06 1.5760E-02 1.5760E-02 1.5890E-02 1.5980E-02 1.6310E-02 1.6730E-02 1.7140E-02 1.7600E-02 1.8080E-02 1.8180E-02
3.0920E+06 1.5610E-02 1.5610E-02 1.5330E-02 1.5490E-02 1.5810E-02 1.6090E-02 1.6430E-02 1.6760E-02 1.7100E-02 1.7220E-02
3.5060E+06 1.4780E-02 1.4780E-02 1.4830E-02 1.4910E-02 1.5150E-02 1.5400E-02 1.5630E-02 1.6010E-02 1.6290E-02 1.6340E-02
3.9740E+06 1.4230E-02 1.4230E-02 1.4190E-02 1.4400E-02 1.4580E-02 1.4730E-02 1.5000E-02 1.5220E-02 1.5430E-02 1.5460E-02
4.5050E+06 1.3800E-02 1.3800E-02 1.3880E-02 1.3860E-02 1.4010E-02 1.4180E-02 1.4300E-02 1.4490E-02 1.4670E-02 1.4680E-02
5.1070E+06 1.3160E-02 1.3160E-02 1.3070E-02 1.3380E-02 1.3350E-02 1.3510E-02 1.3640E-02 1.3840E-02 1.3850E-02 1.3960E-02
5.7900E+06 1.2740E-02 1.2740E-02 1.2690E-02 1.2690E-02 1.2820E-02 1.2940E-02 1.3090E-02 1.3160E-02 1.3210E-02 1.3230E-02
6.5630E+06 1.2200E-02 1.2200E-02 1.2210E-02 1.2060E-02 1.2220E-02 1.2400E-02 1.2370E-02 1.2460E-02 1.2470E-02 1.2560E-02
7.4410E+06 1.1600E-02 1.1600E-02 1.1650E-02 1.1420E-02 1.1590E-02 1.1660E-02 1.1810E-02 1.1900E-02 1.1960E-02 1.1950E-02
8.4350E+06 1.0850E-02 1.0850E-02 1.0950E-02 1.0980E-02 1.1130E-02 1.1130E-02 1.1330E-02 1.1270E-02 1.1330E-02 1.1350E-02
9.5620E+06 1.0310E-02 1.0310E-02 1.0440E-02 1.0490E-02 1.0540E-02 1.0590E-02 1.0640E-02 1.0660E-02 1.0690E-02 1.0740E-02
1.0840E+07 9.5990E-03 9.5990E-03 9.8640E-03 9.9360E-03 1.0000E-02 1.0010E-02 1.0020E-02 1.0130E-02 1.0070E-02 1.0160E-02
1.2290E+07 9.2700E-03 9.2700E-03 9.3220E-03 9.2780E-03 9.3810E-03 9.3990E-03 9.4970E-03 9.4880E-03 9.5150E-03 9.5480E-03
1.3930E+07 8.6350E-03 8.6350E-03 8.6840E-03 8.7700E-03 8.8710E-03 8.8820E-03 8.9490E-03 8.9500E-03 8.9740E-03 9.0060E-03
1.5790E+07 8.3010E-03 8.3010E-03 8.2700E-03 8.4120E-03 8.2140E-03 8.2540E-03 8.3420E-03 8.3940E-03 8.3780E-03 8.3820E-03
1.7900E+07 7.5230E-03 7.5230E-03 7.7520E-03 7.7570E-03 7.7210E-03 7.8070E-03 7.8000E-03 7.8230E-03 7.8430E-03 7.8730E-03
2.0300E+07 6.9890E-03 6.9890E-03 7.1150E-03 7.2480E-03 7.2150E-03 7.3180E-03 7.3050E-03 7.3100E-03 7.3340E-03 7.3260E-03
2.3010E+07 6.7930E-03 6.7930E-03 6.6750E-03 6.7440E-03 6.6960E-03 6.6690E-03 6.7640E-03 6.7800E-03 6.8150E-03 6.8180E-03
2.6080E+07 6.3900E-03 6.3900E-03 6.2780E-03 6.2370E-03 6.2680E-03 6.2370E-03 6.2900E-03 6.3120E-03 6.3420E-03 6.3470E-03
2.9570E+07 5.8340E-03 5.8340E-03 5.8120E-03 5.8080E-03 5.7930E-03 5.7390E-03 5.8280E-03 5.8600E-03 5.8950E-03 5.8820E-03
3.3520E+07 4.9890E-03 4.9890E-03 5.3890E-03 5.3360E-03 5.4180E-03 5.3710E-03 5.4360E-03 5.4320E-03 5.4560E-03 5.4310E-03
3.8000E+07 4.8930E-03 4.8930E-03 4.8310E-03 4.9370E-03 4.9610E-03 4.9820E-03 5.0060E-03 5.0180E-03 5.0030E-03 5.0610E-03
-----------------------

E[V/m]_alpha[1/m]
N2
NUM_COLUMNS:  10
COL_VALUES:  0.0 10.0 20.0 30.0 40.0 50.0 60.0 70.0 80.0 90.0
COMMENT: generated by particle_swarm
-----------------------
5.0000E+05 0.0000E+00 0.0000E+00 0.0000E+00 0.0000E+00 0.0000E+00 0.0000E+00 0.0000E+00 0.0000E+00 0.0000E+00 0.0000E+00
6.0000E+05 0.0000E+00 0.0000E+00 0.0000E+00 0.0000E+00 0.0000E+00 0.0000E+00 0.0000E+00 0.0000E+00 0.0000E+00 0.0000E+00
7.0000E+05 0.0000E+00 0.0000E+00 0.0000E+00 0.0000E+00 0.0000E+00 0.0000E+00 0.0000E+00 0.0000E+00 0.0000E+00 0.0000E+00
8.0000E+05 0.0000E+00 0.0000E+00 0.0000E+00 0.0000E+00 0.0000E+00 0.0000E+00 0.0000E+00 0.0000E+00 0.0000E+00 0.0000E+00
9.0000E+05 0.0000E+00 0.0000E+00 0.0000E+00 0.0000E+00 0.0000E+00 0.0000E+00 0.0000E+00 0.0000E+00 0.0000E+00 0.0000E+00
1.0000E+06 0.0000E+00 0.0000E+00 0.0000E+00 0.0000E+00 0.0000E+00 0.0000E+00 0.0000E+00 0.0000E+00 0.0000E+00 0.0000E+00
1.1340E+06 1.2300E-02 0.0000E+00 5.8650E-03 0.0000E+00 1.9940E-02 0.0000E+00 0.0000E+00 2.4000E-02 0.0000E+00 3.9270E-02
1.2850E+06 5.8240E-02 9.1450E-02 1.3700E-01 3.3270E-02 9.6710E-02 7.8080E-02 1.2540E-02 3.7460E-02 7.5430E-02 4.1480E-02
1.4570E+06 7.5430E-01 3.5010E-01 2.7000E-01 1.0940E+00 7.6670E-01 2.8280E-01 3.0870E-01 4.0600E-01 2.5410E-01 1.9180E-01
1.6520E+06 4.0420E+00 3.3920E+00 3.7990E+00 3.7460E+00 1.7380E+00 2.7730E+00 1.7020E+00 1.2060E+00 1.1140E+00 1.3310E+00
1.8720E+06 1.6580E+01 1.8930E+01 1.4970E+01 1.3930E+01 1.0340E+01 9.6350E+00 8.9860E+00 7.6770E+00 6.6900E+00 5.1730E+00
2.1230E+06 5.1680E+01 5.5790E+01 5.1240E+01 4.5020E+01 3.9230E+01 3.6930E+01 3.0410E+01 2.7100E+01 2.6590E+01 2.4630E+01
2.4060E+06 1.6420E+02 1.5790E+02 1.3320E+02 1.4160E+02 1.2040E+02 1.0360E+02 9.6810E+01 9.0080E+01 7.8890E+01 7.9820E+01
2.7280E+06 4.1510E+02 4.0140E+02 3.7540E+02 3.4780E+02 3.2190E+02 2.8070E+02 2.6020E+02 2.3560E+02 2.2980E+02 2.2490E+02
3.0920E+06 9.3510E+02 9.1860E+02 8.7440E+02 8.1270E+02 7.6660E+02 6.8530E+02 6.3630E+02 5.8430E+02 5.6120E+02 5.4620E+02
3.5060E+06 1.9000E+03 1.8790E+03 1.8020E+03 1.7100E+03 1.6070E+03 1.4840E+03 1.3890E+03 1.2730E+03 1.2420E+03 1.2100E+03
3.9740E+06 3.5890E+03 3.5450E+03 3.4410E+03 3.2660E+03 3.1380E+03 2.9090E+03 2.7170E+03 2.5710E+03 2.4840E+03 2.4740E+03
4.5050E+06 6.3530E+03 6.2440E+03 6.0920E+03 5.9250E+03 5.6000E+03 5.2470E+03 5.0080E+03 4.7210E+03 4.6040E+03 4.5800E+03
5.1070E+06 1.0540E+04 1.0420E+04 1.0200E+04 9.8580E+03 9.5370E+03 8.9440E+03 8.5950E+03 8.2180E+03 8.0040E+03 8.0220E+03
5.7900E+06 1.6710E+04 1.6520E+04 1.6280E+04 1.5730E+04 1.5150E+04 1.4390E+04 1.3950E+04 1.3400E+04 1.3000E+04 1.3090E+04
6.5630E+06 2.5310E+04 2.5020E+04 2.4770E+04 2.4070E+04 2.3150E+04 2.2440E+04 2.1590E+04 2.0930E+04 2.0570E+04 2.0370E+04
7.4410E+06 3.7000E+04 3.6720E+04 3.6320E+04 3.5230E+04 3.4290E+04 3.3310E+04 3.2150E+04 3.1290E+04 3.0770E+04 3.0600E+04
8.4350E+06 5.2140E+04 5.1850E+04 5.1470E+04 5.0260E+04 4.9110E+04 4.7670E+04 4.6300E+04 4.5370E+04 4.4600E+04 4.4350E+04
9.5620E+06 7.1930E+04 7.1730E+04 7.0490E+04 6.9500E+04 6.8080E+04 6.6390E+04 6.4880E+04 6.3220E+04 6.2650E+04 6.2290E+04
1.0840E+07 9.6760E+04 9.6390E+04 9.4870E+04 9.3400E+04 9.1640E+04 8.9850E+04 8.7860E+04 8.5590E+04 8.5610E+04 8.4460E+04
1.2290E+07 1.2620E+05 1.2540E+05 1.2470E+05 1.2280E+05 1.2110E+05 1.1830E+05 1.1590E+05 1.1470E+05 1.1360E+05 1.1320E+05
1.3930E+07 1.6150E+05 1.6100E+05 1.5940E+05 1.5860E+05 1.5540E+05 1.5320E+05 1.4990E+05 1.4820E+05 1.4740E+05 1.4680E+05
1.5790E+07 2.0290E+05 2.0270E+05 2.0070E+05 1.9900E+05 1.9590E+05 1.9330E+05 1.9130E+05 1.8870E+05 1.8750E+05 1.8690E+05
1.7900E+07 2.5000E+05 2.4940E+05 2.4790E+05 2.4580E+05 2.4300E+05 2.4120E+05 2.3750E+05 2.3450E+05 2.3300E+05 2.3260E+05
2.0300E+07 3.0320E+05 3.0270E+05 3.0090E+05 2.9810E+05 2.9590E+05 2.9230E+05 2.8970E+05 2.8730E+05 2.8560E+05 2.8570E+05
2.3010E+07 3.6100E+05 3.6120E+05 3.5850E+05 3.5690E+05 3.5440E+05 3.5020E+05 3.4830E+05 3.4550E+05 3.4370E+05 3.4390E+05
2.6080E+07 4.2360E+05 4.2400E+05 4.2190E+05 4.2090E+05 4.1770E+05 4.1440E+05 4.1190E+05 4.0870E+05 4.0790E+05 4.0640E+05
2.9570E+07 4.9160E+05 4.9110E+05 4.8940E+05 4.8730E+05 4.8540E+05 4.8230E+05 4.7950E+05 4.7600E+05 4.7460E+05 4.7520E+05
3.3520E+07 5.6190E+05 5.6290E+05 5.6090E+05 5.5800E+05 5.5580E+05 5.5240E+05 5.5080E+05 5.4800E+05 5.4760E+05 5.4660E+05
3.8000E+07 6.3520E+05 6.3400E+05 6.3190E+05 6.3180E+05 6.2870E+05 6.2600E+05 6.2350E+05 6.2210E+05 6.2100E+05 6.1990E+05
-----------------------

E[V/m]_eta[1/m]
N2
NUM_COLUMNS:  10
COL_VALUES:  0.0 10.0 20.0 30.0 40.0 50.0 60.0 70.0 80.0 90.0
COMMENT: generated by particle_swarm
-----------------------
5.0000E+05 0.0000E+00 0.0000E+00 0.0000E+00 0.0000E+00 0.0000E+00 0.0000E+00 0.0000E+00 0.0000E+00 0.0000E+00 0.0000E+00
6.0000E+05 0.0000E+00 0.0000E+00 0.0000E+00 0.0000E+00 0.0000E+00 0.0000E+00 0.0000E+00 0.0000E+00 0.0000E+00 0.0000E+00
7.0000E+05 0.0000E+00 0.0000E+00 0.0000E+00 0.0000E+00 0.0000E+00 0.0000E+00 0.0000E+00 0.0000E+00 0.0000E+00 0.0000E+00
8.0000E+05 0.0000E+00 0.0000E+00 0.0000E+00 0.0000E+00 0.0000E+00 0.0000E+00 0.0000E+00 0.0000E+00 0.0000E+00 0.0000E+00
9.0000E+05 0.0000E+00 0.0000E+00 0.0000E+00 0.0000E+00 0.0000E+00 0.0000E+00 0.0000E+00 0.0000E+00 0.0000E+00 0.0000E+00
1.0000E+06 0.0000E+00 0.0000E+00 0.0000E+00 0.0000E+00 0.0000E+00 0.0000E+00 0.0000E+00 0.0000E+00 0.0000E+00 0.0000E+00
1.1340E+06 0.0000E+00 0.0000E+00 0.0000E+00 0.0000E+00 0.0000E+00 0.0000E+00 0.0000E+00 0.0000E+00 0.0000E+00 0.0000E+00
1.2850E+06 0.0000E+00 0.0000E+00 0.0000E+00 0.0000E+00 0.0000E+00 0.0000E+00 0.0000E+00 0.0000E+00 0.0000E+00 0.0000E+00
1.4570E+06 0.0000E+00 0.0000E+00 0.0000E+00 0.0000E+00 0.0000E+00 0.0000E+00 0.0000E+00 0.0000E+00 0.0000E+00 0.0000E+00
1.6520E+06 0.0000E+00 0.0000E+00 0.0000E+00 0.0000E+00 0.0000E+00 0.0000E+00 0.0000E+00 0.0000E+00 0.0000E+00 0.0000E+00
1.8720E+06 0.0000E+00 0.0000E+00 0.0000E+00 0.0000E+00 0.0000E+00 0.0000E+00 0.0000E+00 0.0000E+00 0.0000E+00 0.0000E+00
2.1230E+06 0.0000E+00 0.0000E+00 0.0000E+00 0.0000E+00 0.0000E+00 0.0000E+00 0.0000E+00 0.0000E+00 0.0000E+00 0.0000E+00
2.4060E+06 0.0000E+00 0.0000E+00 0.0000E+00 0.0000E+00 0.0000E+00 0.0000E+00 0.0000E+00 0.0000E+00 0.0000E+00 0.0000E+00
2.7280E+06 0.0000E+00 0.0000E+00 0.0000E+00 0.0000E+00 0.0000E+00 0.0000E+00 0.0000E+00 0.0000E+00 0.0000E+00 0.0000E+00
3.0920E+06 0.0000E+00 0.0000E+00 0.0000E+00 0.0000E+00 0.0000E+00 0.0000E+00 0.0000E+00 0.0000E+00 0.0000E+00 0.0000E+00
3.5060E+06 0.0000E+00 0.0000E+00 0.0000E+00 0.0000E+00 0.0000E+00 0.0000E+00 0.0000E+00 0.0000E+00 0.0000E+00 0.0000E+00
3.9740E+06 0.0000E+00 0.0000E+00 0.0000E+00 0.0000E+00 0.0000E+00 0.0000E+00 0.0000E+00 0.0000E+00 0.0000E+00 0.0000E+00
4.5050E+06 0.0000E+00 0.0000E+00 0.0000E+00 0.0000E+00 0.0000E+00 0.0000E+00 0.0000E+00 0.0000E+00 0.0000E+00 0.0000E+00
5.1070E+06 0.0000E+00 0.0000E+00 0.0000E+00 0.0000E+00 0.0000E+00 0.0000E+00 0.0000E+00 0.0000E+00 0.0000E+00 0.0000E+00
5.7900E+06 0.0000E+00 0.0000E+00 0.0000E+00 0.0000E+00 0.0000E+00 0.0000E+00 0.0000E+00 0.0000E+00 0.0000E+00 0.0000E+00
6.5630E+06 0.0000E+00 0.0000E+00 0.0000E+00 0.0000E+00 0.0000E+00 0.0000E+00 0.0000E+00 0.0000E+00 0.0000E+00 0.0000E+00
7.4410E+06 0.0000E+00 0.0000E+00 0.0000E+00 0.0000E+00 0.0000E+00 0.0000E+00 0.0000E+00 0.0000E+00 0.0000E+00 0.0000E+00
8.4350E+06 0.0000E+00 0.0000E+00 0.0000E+00 0.0000E+00 0.0000E+00 0.0000E+00 0.0000E+00 0.0000E+00 0.0000E+00 0.0000E+00
9.5620E+06 0.0000E+00 0.0000E+00 0.0000E+00 0.0000E+00 0.0000E+00 0.0000E+00 0.0000E+00 0.0000E+00 0.0000E+00 0.0000E+00
1.0840E+07 0.0000E+00 0.0000E+00 0.0000E+00 0.0000E+00 0.0000E+00 0.0000E+00 0.0000E+00 0.0000E+00 0.0000E+00 0.0000E+00
1.2290E+07 0.0000E+00 0.0000E+00 0.0000E+00 0.0000E+00 0.0000E+00 0.0000E+00 0.0000E+00 0.0000E+00 0.0000E+00 0.0000E+00
1.3930E+07 0.0000E+00 0.0000E+00 0.0000E+00 0.0000E+00 0.0000E+00 0.0000E+00 0.0000E+00 0.0000E+00 0.0000E+00 0.0000E+00
1.5790E+07 0.0000E+00 0.0000E+00 0.0000E+00 0.0000E+00 0.0000E+00 0.0000E+00 0.0000E+00 0.0000E+00 0.0000E+00 0.0000E+00
1.7900E+07 0.0000E+00 0.0000E+00 0.0000E+00 0.0000E+00 0.0000E+00 0.0000E+00 0.0000E+00 0.0000E+00 0.0000E+00 0.0000E+00
2.0300E+07 0.0000E+00 0.0000E+00 0.0000E+00 0.0000E+00 0.0000E+00 0.0000E+00 0.0000E+00 0.0000E+00 0.0000E+00 0.0000E+00
2.3010E+07 0.0000E+00 0.0000E+00 0.0000E+00 0.0000E+00 0.0000E+00 0.0000E+00 0.0000E+00 0.0000E+00 0.0000E+00 0.0000E+00
2.6080E+07 0.0000E+00 0.0000E+00 0.0000E+00 0.0000E+00 0.0000E+00 0.0000E+00 0.0000E+00 0.0000E+00 0.0000E+00 0.0000E+00
2.9570E+07 0.0000E+00 0.0000E+00 0.0000E+00 0.0000E+00 0.0000E+00 0.0000E+00 0.0000E+00 0.0000E+00 0.0000E+00 0.0000E+00
3.3520E+07 0.0000E+00 0.0000E+00 0.0000E+00 0.0000E+00 0.0000E+00 0.0000E+00 0.0000E+00 0.0000E+00 0.0000E+00 0.0000E+00
3.8000E+07 0.0000E+00 0.0000E+00 0.0000E+00 0.0000E+00 0.0000E+00 0.0000E+00 0.0000E+00 0.0000E+00 0.0000E+00 0.0000E+00
-----------------------

E[V/m]_diff_xB[m2/s]
N2
NUM_COLUMNS:  10
COL_VALUES:  0.0 10.0 20.0 30.0 40.0 50.0 60.0 70.0 80.0 90.0
COMMENT: generated by particle_swarm
-----------------------
5.0000E+05 3.2630E-02 3.2920E-02 3.3630E-02 3.3830E-02 3.4760E-02 3.5480E-02 3.7100E-02 3.8730E-02 4.0360E-02 4.1370E-02
6.0000E+05 3.3140E-02 3.3350E-02 3.3790E-02 3.4370E-02 3.5230E-02 3.6280E-02 3.7760E-02 3.9640E-02 4.1620E-02 4.2490E-02
7.0000E+05 3.3560E-02 3.4080E-02 3.4240E-02 3.4610E-02 3.5730E-02 3.7010E-02 3.8290E-02 4.0520E-02 4.2530E-02 4.3400E-02
8.0000E+05 3.3920E-02 3.3850E-02 3.4630E-02 3.4830E-02 3.5950E-02 3.7290E-02 3.8870E-02 4.1050E-02 4.3000E-02 4.4270E-02
9.0000E+05 3.4290E-02 3.4370E-02 3.4770E-02 3.5550E-02 3.6300E-02 3.7870E-02 3.9410E-02 4.1570E-02 4.3240E-02 4.4650E-02
1.0000E+06 3.4560E-02 3.4680E-02 3.5110E-02 3.5800E-02 3.6550E-02 3.8000E-02 3.9860E-02 4.2010E-02 4.3990E-02 4.5060E-02
1.1340E+06 3.5320E-02 3.5490E-02 3.5710E-02 3.6310E-02 3.7340E-02 3.8580E-02 4.0450E-02 4.2540E-02 4.4760E-02 4.5810E-02
1.2850E+06 3.6460E-02 3.6450E-02 3.6900E-02 3.7610E-02 3.8400E-02 3.9760E-02 4.1370E-02 4.3600E-02 4.5570E-02 4.6650E-02
1.4570E+06 3.8570E-02 3.8780E-02 3.8790E-02 3.9540E-02 4.0070E-02 4.1350E-02 4.2800E-02 4.5110E-02 4.7050E-02 4.7940E-02
1.6520E+06 4.1940E-02 4.2150E-02 4.1920E-02 4.2180E-02 4.3270E-02 4.4070E-02 4.5420E-02 4.7580E-02 4.9420E-02 5.0160E-02
1.8720E+06 4.6890E-02 4.6690E-02 4.6800E-02 4.7130E-02 4.7220E-02 4.8140E-02 4.9450E-02 5.0920E-02 5.2900E-02 5.3670E-02
2.1230E+06 5.3520E-02 5.3480E-02 5.3640E-02 5.3430E-02 5.3700E-02 5.4020E-02 5.4560E-02 5.6370E-02 5.7640E-02 5.8600E-02
2.4060E+06 6.1850E-02 6.1470E-02 6.1580E-02 6.1150E-02 6.1460E-02 6.1190E-02 6.1910E-02 6.2770E-02 6.4280E-02 6.4880E-02
2.7280E+06 7.1100E-02 7.1220E-02 7.0890E-02 7.0840E-02 7.0370E-02 7.0270E-02 7.0560E-02 7.1480E-02 7.2310E-02 7.3200E-02
3.0920E+06 8.1140E-02 8.1280E-02 8.0840E-02 8.0400E-02 8.0590E-02 8.0030E-02 8.0140E-02 8.0460E-02 8.1360E-02 8.1910E-02
3.5060E+06 9.1150E-02 9.0870E-02 9.0840E-02 9.0410E-02 9.0190E-02 9.0170E-02 9.0260E-02 9.0460E-02 9.1190E-02 9.1460E-02
3.9740E+06 1.0100E-01 1.0080E-01 1.0020E-01 1.0030E-01 1.0000E-01 9.9990E-02 1.0010E-01 1.0030E-01 1.0050E-01 1.0120E-01
4.5050E+06 1.0970E-01 1.0990E-01 1.0960E-01 1.0940E-01 1.0980E-01 1.0950E-01 1.0890E-01 1.0960E-01 1.1010E-01 1.1050E-01
5.1070E+06 1.1920E-01 1.1820E-01 1.1850E-01 1.1850E-01 1.1830E-01 1.1850E-01 1.1840E-01 1.1860E-01 1.1940E-01 1.1940E-01
5.7900E+06 1.2640E-01 1.2620E-01 1.2660E-01 1.2650E-01 1.2690E-01 1.2700E-01 1.2720E-01 1.2730E-01 1.2770E-01 1.2770E-01
6.5630E+06 1.3400E-01 1.3410E-01 1.3470E-01 1.3460E-01 1.3460E-01 1.3490E-01 1.3560E-01 1.3630E-01 1.3580E-01 1.3690E-01
7.4410E+06 1.4220E-01 1.4150E-01 1.4230E-01 1.4230E-01 1.4310E-01 1.4390E-01 1.4360E-01 1.4450E-01 1.4420E-01 1.4510E-01
8.4350E+06 1.4980E-01 1.4960E-01 1.4950E-01 1.5040E-01 1.5100E-01 1.5160E-01 1.5250E-01 1.5270E-01 1.5300E-01 1.5360E-01
9.5620E+06 1.5730E-01 1.5710E-01 1.5780E-01 1.5840E-01 1.5920E-01 1.5960E-01 1.6070E-01 1.6170E-01 1.6120E-01 1.6190E-01
1.0840E+07 1.6570E-01 1.6550E-01 1.6690E-01 1.6620E-01 1.6730E-01 1.6850E-01 1.6960E-01 1.6990E-01 1.7080E-01 1.7050E-01
1.2290E+07 1.7340E-01 1.7450E-01 1.7530E-01 1.7520E-01 1.7620E-01 1.7660E-01 1.7740E-01 1.7840E-01 1.7960E-01 1.8000E-01
1.3930E+07 1.8310E-01 1.8380E-01 1.8310E-01 1.8470E-01 1.8540E-01 1.8680E-01 1.8730E-01 1.8790E-01 1.8940E-01 1.8950E-01
1.5790E+07 1.9280E-01 1.9270E-01 1.9310E-01 1.9340E-01 1.9480E-01 1.9710E-01 1.9810E-01 1.9860E-01 1.9990E-01 2.0020E-01
1.7900E+07 2.0300E-01 2.0250E-01 2.0280E-01 2.0440E-01 2.0360E-01 2.0690E-01 2.0790E-01 2.0830E-01 2.0950E-01 2.1070E-01
2.0300E+07 2.1340E-01 2.1470E-01 2.1430E-01 2.1520E-01 2.1740E-01 2.1890E-01 2.2080E-01 2.2000E-01 2.2150E-01 2.2180E-01
2.3010E+07 2.2540E-01 2.2530E-01 2.2590E-01 2.2730E-01 2.2920E-01 2.2970E-01 2.3270E-01 2.3240E-01 2.3480E-01 2.3500E-01
2.6080E+07 2.3910E-01 2.3860E-01 2.3900E-01 2.4150E-01 2.4250E-01 2.4390E-01 2.4590E-01 2.4740E-01 2.4680E-01 2.4830E-01
2.9570E+07 2.5120E-01 2.5320E-01 2.5280E-01 2.5520E-01 2.5540E-01 2.5850E-01 2.6100E-01 2.6250E-01 2.6220E-01 2.6140E-01
3.3520E+07 2.6830E-01 2.6970E-01 2.6910E-01 2.7030E-01 2.7250E-01 2.7520E-01 2.7710E-01 2.7760E-01 2.8010E-01 2.8070E-01
3.8000E+07 2.8740E-01 2.8720E-01 2.8990E-01 2.9060E-01 2.9120E-01 2.9200E-01 2.9510E-01 2.9650E-01 3.0140E-01 2.9640E-01
-----------------------

E[V/m]_diff_B[m2/s]
N2
NUM_COLUMNS:  10
COL_VALUES:  0.0 10.0 20.0 30.0 40.0 50.0 60.0 70.0 80.0 90.0
COMMENT: generated by particle_swarm
-----------------------
5.0000E+05 2.6590E-02 2.7250E-02 2.9020E-02 3.2120E-02 3.6840E-02 4.3210E-02 5.0440E-02 5.8860E-02 6.7970E-02 7.2610E-02
6.0000E+05 2.6220E-02 2.6110E-02 2.8490E-02 3.1550E-02 3.6150E-02 4.2190E-02 5.0620E-02 5.9160E-02 6.7460E-02 7.2010E-02
7.0000E+05 2.5480E-02 2.6260E-02 2.7550E-02 3.1130E-02 3.5630E-02 4.2050E-02 4.9720E-02 5.9110E-02 6.7480E-02 7.0830E-02
8.0000E+05 2.5160E-02 2.5770E-02 2.7490E-02 3.0740E-02 3.5630E-02 4.1730E-02 4.9430E-02 5.8620E-02 6.6910E-02 7.1610E-02
9.0000E+05 2.4910E-02 2.5500E-02 2.7030E-02 3.0680E-02 3.5150E-02 4.1400E-02 4.9510E-02 5.8010E-02 6.6760E-02 7.0550E-02
1.0000E+06 2.4930E-02 2.5520E-02 2.7340E-02 3.0520E-02 3.5160E-02 4.1190E-02 4.9160E-02 5.7880E-02 6.6050E-02 7.0210E-02
1.1340E+06 2.5220E-02 2.5730E-02 2.7670E-02 3.0820E-02 3.5150E-02 4.1430E-02 4.8830E-02 5.7730E-02 6.5470E-02 6.9540E-02
1.2850E+06 2.6130E-02 2.6930E-02 2.8470E-02 3.1590E-02 3.5880E-02 4.1750E-02 4.9080E-02 5.7460E-02 6.5510E-02 6.9230E-02
1.4570E+06 2.8270E-02 2.8740E-02 3.0680E-02 3.3500E-02 3.7780E-02 4.3190E-02 5.0060E-02 5.7970E-02 6.5400E-02 6.9220E-02
1.6520E+06 3.2350E-02 3.2820E-02 3.4450E-02 3.6830E-02 4.0670E-02 4.5570E-02 5.1860E-02 5.9360E-02 6.6280E-02 6.9590E-02
1.8720E+06 3.8070E-02 3.8750E-02 4.0000E-02 4.2290E-02 4.5270E-02 4.9990E-02 5.5560E-02 6.2280E-02 6.8370E-02 7.1660E-02
2.1230E+06 4.6060E-02 4.6450E-02 4.7800E-02 4.9340E-02 5.2560E-02 5.6110E-02 6.0890E-02 6.7140E-02 7.2390E-02 7.5090E-02
2.4060E+06 5.5570E-02 5.5950E-02 5.6740E-02 5.8540E-02 6.1000E-02 6.4210E-02 6.8550E-02 7.3430E-02 7.8370E-02 8.0710E-02
2.7280E+06 6.6430E-02 6.6520E-02 6.7520E-02 6.9230E-02 7.1360E-02 7.4480E-02 7.7640E-02 8.1700E-02 8.5590E-02 8.7850E-02
3.0920E+06 7.7310E-02 7.7930E-02 7.8720E-02 8.0370E-02 8.1990E-02 8.4880E-02 8.7690E-02 9.1390E-02 9.4630E-02 9.6200E-02
3.5060E+06 8.8160E-02 8.8590E-02 8.9500E-02 9.1070E-02 9.3110E-02 9.5570E-02 9.8460E-02 1.0150E-01 1.0410E-01 1.0540E-01
3.9740E+06 9.8260E-02 9.8250E-02 9.9910E-02 1.0110E-01 1.0360E-01 1.0620E-01 1.0890E-01 1.1180E-01 1.1410E-01 1.1520E-01
4.5050E+06 1.0720E-01 1.0790E-01 1.0860E-01 1.1050E-01 1.1280E-01 1.1610E-01 1.1870E-01 1.2200E-01 1.2340E-01 1.2420E-01
5.1070E+06 1.1530E-01 1.1570E-01 1.1630E-01 1.1940E-01 1.2210E-01 1.2530E-01 1.2840E-01 1.3060E-01 1.3320E-01 1.3400E-01
5.7900E+06 1.2150E-01 1.2270E-01 1.2420E-01 1.2670E-01 1.2930E-01 1.3330E-01 1.3660E-01 1.3940E-01 1.4180E-01 1.4220E-01
6.5630E+06 1.2940E-01 1.2940E-01 1.3130E-01 1.3420E-01 1.3730E-01 1.4100E-01 1.4450E-01 1.4730E-01 1.4990E-01 1.5100E-01
7.4410E+06 1.3540E-01 1.3580E-01 1.3830E-01 1.4020E-01 1.4410E-01 1.4820E-01 1.5260E-01 1.5530E-01 1.5780E-01 1.5870E-01
8.4350E+06 1.4110E-01 1.4090E-01 1.4430E-01 1.4680E-01 1.5090E-01 1.5470E-01 1.5930E-01 1.6310E-01 1.6620E-01 1.6610E-01
9.5620E+06 1.4710E-01 1.4850E-01 1.5020E-01 1.5370E-01 1.5790E-01 1.6260E-01 1.6700E-01 1.7030E-01 1.7310E-01 1.7410E-01
1.0840E+07 1.5320E-01 1.5480E-01 1.5640E-01 1.5990E-01 1.6460E-01 1.6970E-01 1.7450E-01 1.7830E-01 1.8120E-01 1.8160E-01
1.2290E+07 1.6020E-01 1.6030E-01 1.6270E-01 1.6660E-01 1.7170E-01 1.7640E-01 1.8140E-01 1.8620E-01 1.8870E-01 1.8910E-01
1.3930E+07 1.6690E-01 1.6630E-01 1.6980E-01 1.7490E-01 1.7900E-01 1.8430E-01 1.9050E-01 1.9460E-01 1.9840E-01 1.9820E-01
1.5790E+07 1.7350E-01 1.7400E-01 1.7720E-01 1.8090E-01 1.8680E-01 1.9200E-01 1.9890E-01 2.0350E-01 2.0660E-01 2.0860E-01
1.7900E+07 1.8070E-01 1.8230E-01 1.8470E-01 1.8920E-01 1.9520E-01 2.0190E-01 2.0770E-01 2.1140E-01 2.1550E-01 2.1700E-01
2.0300E+07 1.9080E-01 1.9220E-01 1.9380E-01 1.9760E-01 2.0490E-01 2.1180E-01 2.1700E-01 2.2320E-01 2.2590E-01 2.2670E-01
2.3010E+07 2.0090E-01 2.0220E-01 2.0500E-01 2.0970E-01 2.1520E-01 2.2130E-01 2.2940E-01 2.3400E-01 2.3640E-01 2.3830E-01
2.6080E+07 2.1070E-01 2.1390E-01 2.1710E-01 2.2190E-01 2.2870E-01 2.3530E-01 2.4130E-01 2.4410E-01 2.4890E-01 2.5100E-01
2.9570E+07 2.2640E-01 2.2570E-01 2.3140E-01 2.3520E-01 2.4040E-01 2.4800E-01 2.5400E-01 2.5830E-01 2.6390E-01 2.6490E-01
3.3520E+07 2.4120E-01 2.4100E-01 2.4740E-01 2.5010E-01 2.5790E-01 2.6250E-01 2.6810E-01 2.7470E-01 2.7730E-01 2.8210E-01
3.8000E+07 2.6060E-01 2.6060E-01 2.6440E-01 2.6870E-01 2.7600E-01 2.8130E-01 2.8740E-01 2.9170E-01 2.9650E-01 2.9600E-01
-----------------------

E[V/m]_energy[eV]
N2
NUM_COLUMNS:  10
COL_VALUES:  0.0 10.0 20.0 30.0 40.0 50.0 60.0 70.0 80.0 90.0
COMMENT: generated by particle_swarm
-----------------------
5.0000E+05 1.0440E+00 1.0440E+00 1.0410E+00 1.0380E+00 1.0300E+00 1.0250E+00 1.0160E+00 1.0090E+00 1.0030E+00 1.0010E+00
6.0000E+05 1.0630E+00 1.0610E+00 1.0580E+00 1.0540E+00 1.0480E+00 1.0410E+00 1.0340E+00 1.0270E+00 1.0210E+00 1.0190E+00
7.0000E+05 1.0770E+00 1.0760E+00 1.0740E+00 1.0680E+00 1.0630E+00 1.0550E+00 1.0470E+00 1.0400E+00 1.0340E+00 1.0330E+00
8.0000E+05 1.0920E+00 1.0910E+00 1.0880E+00 1.0810E+00 1.0760E+00 1.0690E+00 1.0600E+00 1.0530E+00 1.0470E+00 1.0450E+00
9.0000E+05 1.1080E+00 1.1070E+00 1.1040E+00 1.0980E+00 1.0890E+00 1.0810E+00 1.0730E+00 1.0640E+00 1.0590E+00 1.0570E+00
1.0000E+06 1.1270E+00 1.1270E+00 1.1220E+00 1.1160E+00 1.1070E+00 1.0970E+00 1.0870E+00 1.0780E+00 1.0720E+00 1.0700E+00
1.1340E+06 1.1640E+00 1.1620E+00 1.1560E+00 1.1470E+00 1.1360E+00 1.1250E+00 1.1130E+00 1.1020E+00 1.0950E+00 1.0920E+00
1.2850E+06 1.2210E+00 1.2190E+00 1.2110E+00 1.2010E+00 1.1860E+00 1.1690E+00 1.1540E+00 1.1410E+00 1.1320E+00 1.1290E+00
1.4570E+06 1.3180E+00 1.3140E+00 1.3050E+00 1.2890E+00 1.2690E+00 1.2480E+00 1.2260E+00 1.2070E+00 1.1940E+00 1.1910E+00
1.6520E+06 1.4710E+00 1.4670E+00 1.4530E+00 1.4290E+00 1.4030E+00 1.3740E+00 1.3420E+00 1.3180E+00 1.3000E+00 1.2940E+00
1.8720E+06 1.6980E+00 1.6920E+00 1.6730E+00 1.6440E+00 1.6060E+00 1.5670E+00 1.5260E+00 1.4910E+00 1.4690E+00 1.4610E+00
2.1230E+06 2.0040E+00 1.9940E+00 1.9740E+00 1.9360E+00 1.8970E+00 1.8410E+00 1.7880E+00 1.7470E+00 1.7140E+00 1.7040E+00
2.4060E+06 2.3850E+00 2.3740E+00 2.3480E+00 2.3120E+00 2.2570E+00 2.1960E+00 2.1350E+00 2.0850E+00 2.0470E+00 2.0350E+00
2.7280E+06 2.8250E+00 2.8140E+00 2.7880E+00 2.7450E+00 2.6900E+00 2.6270E+00 2.5570E+00 2.4980E+00 2.4510E+00 2.4380E+00
3.0920E+06 3.3020E+00 3.2980E+00 3.2670E+00 3.2200E+00 3.1710E+00 3.0980E+00 3.0240E+00 2.9600E+00 2.9180E+00 2.9040E+00
3.5060E+06 3.8010E+00 3.7910E+00 3.7630E+00 3.7200E+00 3.6620E+00 3.5980E+00 3.5290E+00 3.4620E+00 3.4170E+00 3.4030E+00
3.9740E+06 4.2970E+00 4.2890E+00 4.2620E+00 4.2200E+00 4.1680E+00 4.1020E+00 4.0390E+00 3.9750E+00 3.9330E+00 3.9190E+00
4.5050E+06 4.7890E+00 4.7840E+00 4.7560E+00 4.7180E+00 4.6610E+00 4.6090E+00 4.5420E+00 4.4880E+00 4.4470E+00 4.4350E+00
5.1070E+06 5.2840E+00 5.2670E+00 5.2480E+00 5.2110E+00 5.1630E+00 5.1060E+00 5.0460E+00 5.0000E+00 4.9610E+00 4.9470E+00
5.7900E+06 5.7780E+00 5.7720E+00 5.7520E+00 5.7090E+00 5.6620E+00 5.6060E+00 5.5550E+00 5.5080E+00 5.4760E+00 5.4630E+00
6.5630E+06 6.2910E+00 6.2780E+00 6.2620E+00 6.2200E+00 6.1740E+00 6.1240E+00 6.0760E+00 6.0300E+00 5.9970E+00 5.9900E+00
7.4410E+06 6.8290E+00 6.8160E+00 6.7990E+00 6.7550E+00 6.7090E+00 6.6630E+00 6.6100E+00 6.5690E+00 6.5420E+00 6.5320E+00
8.4350E+06 7.3970E+00 7.3930E+00 7.3700E+00 7.3330E+00 7.2860E+00 7.2410E+00 7.1890E+00 7.1470E+00 7.1150E+00 7.1080E+00
9.5620E+06 8.0320E+00 8.0140E+00 7.9900E+00 7.9590E+00 7.9040E+00 7.8620E+00 7.8170E+00 7.7650E+00 7.7420E+00 7.7310E+00
1.0840E+07 8.7200E+00 8.7110E+00 8.6820E+00 8.6450E+00 8.6030E+00 8.5510E+00 8.5010E+00 8.4450E+00 8.4340E+00 8.4060E+00
1.2290E+07 9.4860E+00 9.4730E+00 9.4530E+00 9.4150E+00 9.3720E+00 9.3050E+00 9.2530E+00 9.2140E+00 9.1890E+00 9.1780E+00
1.3930E+07 1.0360E+01 1.0360E+01 1.0320E+01 1.0290E+01 1.0230E+01 1.0180E+01 1.0100E+01 1.0060E+01 1.0040E+01 1.0030E+01
1.5790E+07 1.1350E+01 1.1330E+01 1.1290E+01 1.1250E+01 1.1180E+01 1.1130E+01 1.1090E+01 1.1030E+01 1.1000E+01 1.0990E+01
1.7900E+07 1.2450E+01 1.2430E+01 1.2400E+01 1.2340E+01 1.2290E+01 1.2250E+01 1.2170E+01 1.2110E+01 1.2080E+01 1.2070E+01
2.0300E+07 1.3710E+01 1.3700E+01 1.3650E+01 1.3600E+01 1.3550E+01 1.3480E+01 1.3430E+01 1.3360E+01 1.3330E+01 1.3320E+01
2.3010E+07 1.5140E+01 1.5130E+01 1.5080E+01 1.5030E+01 1.4970E+01 1.4880E+01 1.4850E+01 1.4770E+01 1.4740E+01 1.4740E+01
2.6080E+07 1.6780E+01 1.6790E+01 1.6730E+01 1.6690E+01 1.6620E+01 1.6530E+01 1.6460E+01 1.6390E+01 1.6370E+01 1.6350E+01
2.9570E+07 1.8700E+01 1.8670E+01 1.8620E+01 1.8570E+01 1.8510E+01 1.8420E+01 1.8340E+01 1.8270E+01 1.8230E+01 1.8220E+01
3.3520E+07 2.0880E+01 2.0900E+01 2.0830E+01 2.0740E+01 2.0680E+01 2.0580E+01 2.0520E+01 2.0420E+01 2.0410E+01 2.0390E+01
3.8000E+07 2.3460E+01 2.3440E+01 2.3340E+01 2.3310E+01 2.3210E+01 2.3110E+01 2.3030E+01 2.2960E+01 2.2920E+01 2.2880E+01
-----------------------

