E[V/m]_muB[m2/Vs]
N2
NUM_COLUMNS:  10
COL_VALUES:  0.0 10.0 20.0 30.0 40.0 50.0 60.0 70.0 80.0 90.0
COMMENT: generated by particle_swarm
-----------------------
5.0000E+05 6.0970E-02 6.1170E-02 6.1880E-02 6.2810E-02 6.4170E-02 6.6190E-02 6.9060E-02 7.2030E-02 7.6500E-02 8.0970E-02
6.0000E+05 5.8790E-02 5.8930E-02 5.9590E-02 6.0170E-02 6.2170E-02 6.3420E-02 6.6280E-02 6.9000E-02 7.1710E-02 7.4420E-02
7.0000E+05 5.6730E-02 5.6790E-02 5.7440E-02 5.8510E-02 5.9970E-02 6.1670E-02 6.3790E-02 6.6750E-02 6.9930E-02 7.3110E-02
8.0000E+05 5.5330E-02 5.5300E-02 5.6060E-02 5.6970E-02 5.8210E-02 5.9940E-02 6.2240E-02 6.5490E-02 6.7920E-02 7.0350E-02
9.0000E+05 5.3840E-02 5.4070E-02 5.4490E-02 5.5710E-02 5.6840E-02 5.8860E-02 6.1120E-02 6.3790E-02 6.6290E-02 6.8790E-02
1.0000E+06 5.2670E-02 5.2730E-02 5.3540E-02 5.4280E-02 5.5860E-02 5.7530E-02 6.0110E-02 6.2660E-02 6.5760E-02 6.8860E-02
1.1340E+06 5.1170E-02 5.1440E-02 5.1920E-02 5.2900E-02 5.4370E-02 5.6180E-02 5.8340E-02 6.1090E-02 6.4270E-02 6.7450E-02
1.2850E+06 4.9830E-02 4.9960E-02 5.0530E-02 5.1550E-02 5.3020E-02 5.5010E-02 5.7220E-02 5.9880E-02 6.2950E-02 6.6020E-02
1.4570E+06 4.8430E-02 4.8720E-02 4.9140E-02 5.0110E-02 5.1590E-02 5.3520E-02 5.5920E-02 5.8890E-02 6.1980E-02 6.5070E-02
1.6520E+06 4.7110E-02 4.7130E-02 4.7810E-02 4.8740E-02 5.0090E-02 5.1960E-02 5.4460E-02 5.7520E-02 6.0420E-02 6.3320E-02
1.8720E+06 4.5750E-02 4.5980E-02 4.6440E-02 4.7370E-02 4.8690E-02 5.0590E-02 5.3080E-02 5.5820E-02 5.8800E-02 6.1780E-02
2.1230E+06 4.4580E-02 4.4760E-02 4.5160E-02 4.6000E-02 4.7320E-02 4.8960E-02 5.1210E-02 5.4340E-02 5.7310E-02 6.0280E-02
2.4060E+06 4.3580E-02 4.3730E-02 4.4070E-02 4.4760E-02 4.5890E-02 4.7660E-02 4.9710E-02 5.2540E-02 5.5260E-02 5.7980E-02
2.7280E+06 4.2590E-02 4.2600E-02 4.2980E-02 4.3590E-02 4.4690E-02 4.6070E-02 4.8010E-02 5.0720E-02 5.3940E-02 5.7160E-02
3.0920E+06 4.1630E-02 4.1770E-02 4.2060E-02 4.2660E-02 4.3550E-02 4.4750E-02 4.6530E-02 4.8960E-02 5.1390E-02 5.3820E-02
3.5060E+06 4.0770E-02 4.0910E-02 4.1170E-02 4.1660E-02 4.2410E-02 4.3460E-02 4.5040E-02 4.7030E-02 4.8980E-02 5.0930E-02
3.9740E+06 3.9960E-02 4.0060E-02 4.0330E-02 4.0720E-02 4.1370E-02 4.2290E-02 4.3490E-02 4.5280E-02 4.6950E-02 4.8620E-02
4.5050E+06 3.9190E-02 3.9250E-02 3.9500E-02 3.9900E-02 4.0370E-02 4.1210E-02 4.2200E-02 4.3510E-02 4.5130E-02 4.6750E-02
5.1070E+06 3.8390E-02 3.8410E-02 3.8640E-02 3.8900E-02 3.9480E-02 4.0140E-02 4.0890E-02 4.2040E-02 4.3490E-02 4.4940E-02
5.7900E+06 3.7500E-02 3.7580E-02 3.7840E-02 3.8000E-02 3.8520E-02 3.9110E-02 3.9870E-02 4.0680E-02 4.1730E-02 4.2780E-02
6.5630E+06 3.6730E-02 3.6720E-02 3.6890E-02 3.7180E-02 3.7570E-02 3.8130E-02 3.8750E-02 3.9300E-02 4.0500E-02 4.1700E-02
7.4410E+06 3.5800E-02 3.5860E-02 3.5930E-02 3.6320E-02 3.6580E-02 3.6980E-02 3.7580E-02 3.8310E-02 3.8830E-02 3.9350E-02
8.4350E+06 3.4880E-02 3.4940E-02 3.5050E-02 3.5340E-02 3.5650E-02 3.6030E-02 3.6540E-02 3.7230E-02 3.7270E-02 3.7310E-02
9.5620E+06 3.3880E-02 3.3990E-02 3.4130E-02 3.4320E-02 3.4620E-02 3.4970E-02 3.5390E-02 3.5990E-02 3.6070E-02 3.6150E-02
1.0840E+07 3.2970E-02 3.3030E-02 3.3140E-02 3.3280E-02 3.3600E-02 3.3880E-02 3.4270E-02 3.4680E-02 3.5020E-02 3.5360E-02
1.2290E+07 3.1940E-02 3.1960E-02 3.2110E-02 3.2290E-02 3.2560E-02 3.2850E-02 3.3300E-02 3.3420E-02 3.4230E-02 3.5040E-02
1.3930E+07 3.0900E-02 3.1020E-02 3.1090E-02 3.1330E-02 3.1530E-02 3.1840E-02 3.2170E-02 3.2240E-02 3.2600E-02 3.2960E-02
1.5790E+07 2.9950E-02 2.9970E-02 3.0100E-02 3.0220E-02 3.0490E-02 3.0780E-02 3.0930E-02 3.1280E-02 3.1430E-02 3.1580E-02
1.7900E+07 2.8870E-02 2.8940E-02 2.8990E-02 2.9220E-02 2.9330E-02 2.9690E-02 2.9930E-02 3.0090E-02 3.0380E-02 3.0670E-02
2.0300E+07 2.7920E-02 2.7940E-02 2.8050E-02 2.8140E-02 2.8330E-02 2.8610E-02 2.8850E-02 2.9100E-02 2.9170E-02 2.9240E-02
2.3010E+07 2.6880E-02 2.6890E-02 2.6940E-02 2.7090E-02 2.7290E-02 2.7550E-02 2.7800E-02 2.7900E-02 2.8040E-02 2.8180E-02
2.6080E+07 2.5880E-02 2.5910E-02 2.5970E-02 2.6040E-02 2.6260E-02 2.6440E-02 2.6610E-02 2.6750E-02 2.6760E-02 2.6770E-02
2.9570E+07 2.4870E-02 2.4950E-02 2.4950E-02 2.5080E-02 2.5200E-02 2.5450E-02 2.5610E-02 2.5660E-02 2.5720E-02 2.5780E-02
3.3520E+07 2.3960E-02 2.3970E-02 2.4040E-02 2.4090E-02 2.4270E-02 2.4380E-02 2.4590E-02 2.4660E-02 2.4670E-02 2.4680E-02
3.8000E+07 2.3050E-02 2.3050E-02 2.3110E-02 2.3150E-02 2.3290E-02 2.3390E-02 2.3600E-02 2.3610E-02 2.3620E-02 2.3630E-02
1.0000E+06 5.2670E-02 5.2730E-02 5.3540E-02 5.4280E-02 5.5860E-02 5.7530E-02 6.0110E-02 6.2660E-02 6.5760E-02 6.8860E-02
1.1340E+06 5.1170E-02 5.1440E-02 5.1920E-02 5.2900E-02 5.4370E-02 5.6180E-02 5.8340E-02 6.1090E-02 6.4270E-02 6.7450E-02
1.2850E+06 4.9830E-02 4.9960E-02 5.0530E-02 5.1550E-02 5.3020E-02 5.5010E-02 5.7220E-02 5.9880E-02 6.2950E-02 6.6020E-02
1.4570E+06 4.8430E-02 4.8720E-02 4.9140E-02 5.0110E-02 5.1590E-02 5.3520E-02 5.5920E-02 5.8890E-02 6.1980E-02 6.5070E-02
1.6520E+06 4.7110E-02 4.7130E-02 4.7810E-02 4.8740E-02 5.0090E-02 5.1960E-02 5.4460E-02 5.7520E-02 6.0420E-02 6.3320E-02
1.8720E+06 4.5750E-02 4.5980E-02 4.6440E-02 4.7370E-02 4.8690E-02 5.0590E-02 5.3080E-02 5.5820E-02 5.8800E-02 6.1780E-02
2.1230E+06 4.4580E-02 4.4760E-02 4.5160E-02 4.6000E-02 4.7320E-02 4.8960E-02 5.1210E-02 5.4340E-02 5.7310E-02 6.0280E-02
2.4060E+06 4.3580E-02 4.3730E-02 4.4070E-02 4.4760E-02 4.5890E-02 4.7660E-02 4.9710E-02 5.2540E-02 5.5260E-02 5.7980E-02
2.7280E+06 4.2590E-02 4.2600E-02 4.2980E-02 4.3590E-02 4.4690E-02 4.6070E-02 4.8010E-02 5.0720E-02 5.3940E-02 5.7160E-02
3.0920E+06 4.1630E-02 4.1770E-02 4.2060E-02 4.2660E-02 4.3550E-02 4.4750E-02 4.6530E-02 4.8960E-02 5.1390E-02 5.3820E-02
3.5060E+06 4.0770E-02 4.0910E-02 4.1170E-02 4.1660E-02 4.2410E-02 4.3460E-02 4.5040E-02 4.7030E-02 4.8980E-02 5.0930E-02
3.9740E+06 3.9960E-02 4.0060E-02 4.0330E-02 4.0720E-02 4.1370E-02 4.2290E-02 4.3490E-02 4.5280E-02 4.6950E-02 4.8620E-02
4.5050E+06 3.9190E-02 3.9250E-02 3.9500E-02 3.9900E-02 4.0370E-02 4.1210E-02 4.2200E-02 4.3510E-02 4.5130E-02 4.6750E-02
5.1070E+06 3.8390E-02 3.8410E-02 3.8640E-02 3.8900E-02 3.9480E-02 4.0140E-02 4.0890E-02 4.2040E-02 4.3490E-02 4.4940E-02
5.7900E+06 3.7500E-02 3.7580E-02 3.7840E-02 3.8000E-02 3.8520E-02 3.9110E-02 3.9870E-02 4.0680E-02 4.1730E-02 4.2780E-02
6.5630E+06 3.6730E-02 3.6720E-02 3.6890E-02 3.7180E-02 3.7570E-02 3.8130E-02 3.8750E-02 3.9300E-02 4.0500E-02 4.1700E-02
7.4410E+06 3.5800E-02 3.5860E-02 3.5930E-02 3.6320E-02 3.6580E-02 3.6980E-02 3.7580E-02 3.8310E-02 3.8830E-02 3.9350E-02
8.4350E+06 3.4880E-02 3.4940E-02 3.5050E-02 3.5340E-02 3.5650E-02 3.6030E-02 3.6540E-02 3.7230E-02 3.7270E-02 3.7310E-02
9.5620E+06 3.3880E-02 3.3990E-02 3.4130E-02 3.4320E-02 3.4620E-02 3.4970E-02 3.5390E-02 3.5990E-02 3.6070E-02 3.6150E-02
1.0840E+07 3.2970E-02 3.3030E-02 3.3140E-02 3.3280E-02 3.3600E-02 3.3880E-02 3.4270E-02 3.4680E-02 3.5020E-02 3.5360E-02
1.2290E+07 3.1940E-02 3.1960E-02 3.2110E-02 3.2290E-02 3.2560E-02 3.2850E-02 3.3300E-02 3.3420E-02 3.4230E-02 3.5040E-02
1.3930E+07 3.0900E-02 3.1020E-02 3.1090E-02 3.1330E-02 3.1530E-02 3.1840E-02 3.2170E-02 3.2240E-02 3.2600E-02 3.2960E-02
1.5790E+07 2.9950E-02 2.9970E-02 3.0100E-02 3.0220E-02 3.0490E-02 3.0780E-02 3.0930E-02 3.1280E-02 3.1430E-02 3.1580E-02
1.7900E+07 2.8870E-02 2.8940E-02 2.8990E-02 2.9220E-02 2.9330E-02 2.9690E-02 2.9930E-02 3.0090E-02 3.0380E-02 3.0670E-02
2.0300E+07 2.7920E-02 2.7940E-02 2.8050E-02 2.8140E-02 2.8330E-02 2.8610E-02 2.8850E-02 2.9100E-02 2.9170E-02 2.9240E-02
2.3010E+07 2.6880E-02 2.6890E-02 2.6940E-02 2.7090E-02 2.7290E-02 2.7550E-02 2.7800E-02 2.7900E-02 2.8040E-02 2.8180E-02
2.6080E+07 2.5880E-02 2.5910E-02 2.5970E-02 2.6040E-02 2.6260E-02 2.6440E-02 2.6610E-02 2.6750E-02 2.6760E-02 2.6770E-02
2.9570E+07 2.4870E-02 2.4950E-02 2.4950E-02 2.5080E-02 2.5200E-02 2.5450E-02 2.5610E-02 2.5660E-02 2.5720E-02 2.5780E-02
3.3520E+07 2.3960E-02 2.3970E-02 2.4040E-02 2.4090E-02 2.4270E-02 2.4380E-02 2.4590E-02 2.4660E-02 2.4670E-02 2.4680E-02
3.8000E+07 2.3050E-02 2.3050E-02 2.3110E-02 2.3150E-02 2.3290E-02 2.3390E-02 2.3600E-02 2.3610E-02 2.3620E-02 2.3630E-02
-----------------------

E[V/m]_muxB[m2/Vs]
N2
NUM_COLUMNS:  10
COL_VALUES:  0.0 10.0 20.0 30.0 40.0 50.0 60.0 70.0 80.0 90.0
COMMENT: generated by particle_swarm
-----------------------
5.0000E+05 2.3110E-02 2.3110E-02 2.3630E-02 2.3390E-02 2.3440E-02 2.3310E-02 2.3050E-02 2.2820E-02 2.2460E-02 2.2270E-02
6.0000E+05 2.3270E-02 2.3270E-02 2.3940E-02 2.3490E-02 2.3690E-02 2.3510E-02 2.3280E-02 2.2990E-02 2.2680E-02 2.2510E-02
7.0000E+05 2.3400E-02 2.3400E-02 2.3900E-02 2.3470E-02 2.3390E-02 2.3370E-02 2.3260E-02 2.3170E-02 2.2850E-02 2.2820E-02
8.0000E+05 2.3080E-02 2.3080E-02 2.3410E-02 2.3140E-02 2.3530E-02 2.3510E-02 2.3350E-02 2.3040E-02 2.3000E-02 2.2850E-02
9.0000E+05 2.3520E-02 2.3520E-02 2.3220E-02 2.3290E-02 2.3350E-02 2.3350E-02 2.3220E-02 2.3140E-02 2.2940E-02 2.2870E-02
1.0000E+06 2.3260E-02 2.3260E-02 2.3700E-02 2.3440E-02 2.3360E-02 2.3310E-02 2.3220E-02 2.3110E-02 2.2910E-02 2.2840E-02
1.1340E+06 2.3540E-02 2.3540E-02 2.3520E-02 2.3450E-02 2.3450E-02 2.3220E-02 2.3180E-02 2.3030E-02 2.2870E-02 2.2750E-02
1.2850E+06 2.3180E-02 2.3180E-02 2.3490E-02 2.3350E-02 2.3210E-02 2.3210E-02 2.3120E-02 2.2940E-02 2.2840E-02 2.2690E-02
1.4570E+06 2.2910E-02 2.2910E-02 2.3180E-02 2.3190E-02 2.3180E-02 2.3170E-02 2.3050E-02 2.2940E-02 2.2700E-02 2.2640E-02
1.6520E+06 2.3260E-02 2.3260E-02 2.3240E-02 2.3160E-02 2.3150E-02 2.3040E-02 2.3040E-02 2.2790E-02 2.2670E-02 2.2530E-02
1.8720E+06 2.3010E-02 2.3010E-02 2.3170E-02 2.3090E-02 2.3080E-02 2.3130E-02 2.2920E-02 2.2750E-02 2.2590E-02 2.2540E-02
2.1230E+06 2.3000E-02 2.3000E-02 2.3260E-02 2.3180E-02 2.3080E-02 2.3090E-02 2.2930E-02 2.2760E-02 2.2630E-02 2.2520E-02
2.4060E+06 2.3230E-02 2.3230E-02 2.3110E-02 2.3080E-02 2.3080E-02 2.3100E-02 2.2970E-02 2.2860E-02 2.2670E-02 2.2540E-02
2.7280E+06 2.3300E-02 2.3300E-02 2.3340E-02 2.3270E-02 2.3140E-02 2.3170E-02 2.3070E-02 2.2920E-02 2.2710E-02 2.2580E-02
3.0920E+06 2.3470E-02 2.3470E-02 2.3490E-02 2.3360E-02 2.3230E-02 2.3200E-02 2.3160E-02 2.3050E-02 2.2830E-02 2.2730E-02
3.5060E+06 2.3300E-02 2.3300E-02 2.3360E-02 2.3350E-02 2.3300E-02 2.3330E-02 2.3270E-02 2.3160E-02 2.2960E-02 2.2910E-02
3.9740E+06 2.3120E-02 2.3120E-02 2.3430E-02 2.3400E-02 2.3390E-02 2.3410E-02 2.3410E-02 2.3320E-02 2.3150E-02 2.3090E-02
4.5050E+06 2.3280E-02 2.3280E-02 2.3350E-02 2.3440E-02 2.3430E-02 2.3490E-02 2.3450E-02 2.3360E-02 2.3260E-02 2.3230E-02
5.1070E+06 2.3300E-02 2.3300E-02 2.3560E-02 2.3500E-02 2.3450E-02 2.3450E-02 2.3470E-02 2.3460E-02 2.3360E-02 2.3380E-02
5.7900E+06 2.3630E-02 2.3630E-02 2.3440E-02 2.3400E-02 2.3440E-02 2.3470E-02 2.3510E-02 2.3540E-02 2.3460E-02 2.3410E-02
6.5630E+06 2.3060E-02 2.3060E-02 2.3280E-02 2.3410E-02 2.3440E-02 2.3480E-02 2.3500E-02 2.3470E-02 2.3470E-02 2.3420E-02
7.4410E+06 2.3390E-02 2.3390E-02 2.3350E-02 2.3410E-02 2.3330E-02 2.3390E-02 2.3390E-02 2.3430E-02 2.3390E-02 2.3420E-02
8.4350E+06 2.3190E-02 2.3190E-02 2.3270E-02 2.3220E-02 2.3320E-02 2.3270E-02 2.3380E-02 2.3340E-02 2.3360E-02 2.3390E-02
9.5620E+06 2.3130E-02 2.3130E-02 2.3030E-02 2.3200E-02 2.3090E-02 2.3110E-02 2.3170E-02 2.3210E-02 2.3250E-02 2.3250E-02
1.0840E+07 2.2780E-02 2.2780E-02 2.2800E-02 2.2880E-02 2.2930E-02 2.3090E-02 2.3000E-02 2.3110E-02 2.3110E-02 2.3100E-02
1.2290E+07 2.2610E-02 2.2610E-02 2.2590E-02 2.2820E-02 2.2750E-02 2.2760E-02 2.2820E-02 2.2900E-02 2.2890E-02 2.2870E-02
1.3930E+07 2.2120E-02 2.2120E-02 2.2410E-02 2.2510E-02 2.2560E-02 2.2540E-02 2.2590E-02 2.2630E-02 2.2660E-02 2.2690E-02
1.5790E+07 2.2090E-02 2.2090E-02 2.2130E-02 2.2100E-02 2.2290E-02 2.2230E-02 2.2330E-02 2.2380E-02 2.2430E-02 2.2430E-02
1.7900E+07 2.1880E-02 2.1880E-02 2.1810E-02 2.1880E-02 2.1920E-02 2.1920E-02 2.1990E-02 2.2070E-02 2.2100E-02 2.2090E-02
2.0300E+07 2.1390E-02 2.1390E-02 2.1350E-02 2.1390E-02 2.1550E-02 2.1580E-02 2.1650E-02 2.1740E-02 2.1710E-02 2.1760E-02
2.3010E+07 2.0950E-02 2.0950E-02 2.0990E-02 2.1060E-02 2.1160E-02 2.1190E-02 2.1240E-02 2.1290E-02 2.1380E-02 2.1360E-02
2.6080E+07 2.0610E-02 2.0610E-02 2.0680E-02 2.0670E-02 2.0710E-02 2.0790E-02 2.0840E-02 2.0910E-02 2.0930E-02 2.0910E-02
2.9570E+07 2.0250E-02 2.0250E-02 2.0210E-02 2.0290E-02 2.0290E-02 2.0350E-02 2.0420E-02 2.0450E-02 2.0460E-02 2.0530E-02
3.3520E+07 1.9500E-02 1.9500E-02 1.9610E-02 1.9710E-02 1.9830E-02 1.9830E-02 1.9890E-02 1.9980E-02 2.0000E-02 2.0030E-02
3.8000E+07 1.9290E-02 1.9290E-02 1.9230E-02 1.9270E-02 1.9320E-02 1.9390E-02 1.9420E-02 1.9480E-02 1.9510E-02 1.9540E-02
1.0000E+06 2.3260E-02 2.3260E-02 2.3700E-02 2.3440E-02 2.3360E-02 2.3310E-02 2.3220E-02 2.3110E-02 2.2910E-02 2.2840E-02
1.1340E+06 2.3540E-02 2.3540E-02 2.3520E-02 2.3450E-02 2.3450E-02 2.3220E-02 2.3180E-02 2.3030E-02 2.2870E-02 2.2750E-02
1.2850E+06 2.3180E-02 2.3180E-02 2.3490E-02 2.3350E-02 2.3210E-02 2.3210E-02 2.3120E-02 2.2940E-02 2.2840E-02 2.2690E-02
1.4570E+06 2.2910E-02 2.2910E-02 2.3180E-02 2.3190E-02 2.3180E-02 2.3170E-02 2.3050E-02 2.2940E-02 2.2700E-02 2.2640E-02
1.6520E+06 2.3260E-02 2.3260E-02 2.3240E-02 2.3160E-02 2.3150E-02 2.3040E-02 2.3040E-02 2.2790E-02 2.2670E-02 2.2530E-02
1.8720E+06 2.3010E-02 2.3010E-02 2.3170E-02 2.3090E-02 2.3080E-02 2.3130E-02 2.2920E-02 2.2750E-02 2.2590E-02 2.2540E-02
2.1230E+06 2.3000E-02 2.3000E-02 2.3260E-02 2.3180E-02 2.3080E-02 2.3090E-02 2.2930E-02 2.2760E-02 2.2630E-02 2.2520E-02
2.4060E+06 2.3230E-02 2.3230E-02 2.3110E-02 2.3080E-02 2.3080E-02 2.3100E-02 2.2970E-02 2.2860E-02 2.2670E-02 2.2540E-02
2.7280E+06 2.3300E-02 2.3300E-02 2.3340E-02 2.3270E-02 2.3140E-02 2.3170E-02 2.3070E-02 2.2920E-02 2.2710E-02 2.2580E-02
3.0920E+06 2.3470E-02 2.3470E-02 2.3490E-02 2.3360E-02 2.3230E-02 2.3200E-02 2.3160E-02 2.3050E-02 2.2830E-02 2.2730E-02
3.5060E+06 2.3300E-02 2.3300E-02 2.3360E-02 2.3350E-02 2.3300E-02 2.3330E-02 2.3270E-02 2.3160E-02 2.2960E-02 2.2910E-02
3.9740E+06 2.3120E-02 2.3120E-02 2.3430E-02 2.3400E-02 2.3390E-02 2.3410E-02 2.3410E-02 2.3320E-02 2.3150E-02 2.3090E-02
4.5050E+06 2.3280E-02 2.3280E-02 2.3350E-02 2.3440E-02 2.3430E-02 2.3490E-02 2.3450E-02 2.3360E-02 2.3260E-02 2.3230E-02
5.1070E+06 2.3300E-02 2.3300E-02 2.3560E-02 2.3500E-02 2.3450E-02 2.3450E-02 2.3470E-02 2.3460E-02 2.3360E-02 2.3380E-02
5.7900E+06 2.3630E-02 2.3630E-02 2.3440E-02 2.3400E-02 2.3440E-02 2.3470E-02 2.3510E-02 2.3540E-02 2.3460E-02 2.3410E-02
6.5630E+06 2.3060E-02 2.3060E-02 2.3280E-02 2.3410E-02 2.3440E-02 2.3480E-02 2.3500E-02 2.3470E-02 2.3470E-02 2.3420E-02
7.4410E+06 2.3390E-02 2.3390E-02 2.3350E-02 2.3410E-02 2.3330E-02 2.3390E-02 2.3390E-02 2.3430E-02 2.3390E-02 2.3420E-02
8.4350E+06 2.3190E-02 2.3190E-02 2.3270E-02 2.3220E-02 2.3320E-02 2.3270E-02 2.3380E-02 2.3340E-02 2.3360E-02 2.3390E-02
9.5620E+06 2.3130E-02 2.3130E-02 2.3030E-02 2.3200E-02 2.3090E-02 2.3110E-02 2.3170E-02 2.3210E-02 2.3250E-02 2.3250E-02
1.0840E+07 2.2780E-02 2.2780E-02 2.2800E-02 2.2880E-02 2.2930E-02 2.3090E-02 2.3000E-02 2.3110E-02 2.3110E-02 2.3100E-02
1.2290E+07 2.2610E-02 2.2610E-02 2.2590E-02 2.2820E-02 2.2750E-02 2.2760E-02 2.2820E-02 2.2900E-02 2.2890E-02 2.2870E-02
1.3930E+07 2.2120E-02 2.2120E-02 2.2410E-02 2.2510E-02 2.2560E-02 2.2540E-02 2.2590E-02 2.2630E-02 2.2660E-02 2.2690E-02
1.5790E+07 2.2090E-02 2.2090E-02 2.2130E-02 2.2100E-02 2.2290E-02 2.2230E-02 2.2330E-02 2.2380E-02 2.2430E-02 2.2430E-02
1.7900E+07 2.1880E-02 2.1880E-02 2.1810E-02 2.1880E-02 2.1920E-02 2.1920E-02 2.1990E-02 2.2070E-02 2.2100E-02 2.2090E-02
2.0300E+07 2.1390E-02 2.1390E-02 2.1350E-02 2.1390E-02 2.1550E-02 2.1580E-02 2.1650E-02 2.1740E-02 2.1710E-02 2.1760E-02
2.3010E+07 2.0950E-02 2.0950E-02 2.0990E-02 2.1060E-02 2.1160E-02 2.1190E-02 2.1240E-02 2.1290E-02 2.1380E-02 2.1360E-02
2.6080E+07 2.0610E-02 2.0610E-02 2.0680E-02 2.0670E-02 2.0710E-02 2.0790E-02 2.0840E-02 2.0910E-02 2.0930E-02 2.0910E-02
2.9570E+07 2.0250E-02 2.0250E-02 2.0210E-02 2.0290E-02 2.0290E-02 2.0350E-02 2.0420E-02 2.0450E-02 2.0460E-02 2.0530E-02
3.3520E+07 1.9500E-02 1.9500E-02 1.9610E-02 1.9710E-02 1.9830E-02 1.9830E-02 1.9890E-02 1.9980E-02 2.0000E-02 2.0030E-02
3.8000E+07 1.9290E-02 1.9290E-02 1.9230E-02 1.9270E-02 1.9320E-02 1.9390E-02 1.9420E-02 1.9480E-02 1.9510E-02 1.9540E-02
-----------------------

E[V/m]_muExB[m2/Vs]
N2
NUM_COLUMNS:  10
COL_VALUES:  0.0 10.0 20.0 30.0 40.0 50.0 60.0 70.0 80.0 90.0
COMMENT: generated by particle_swarm
-----------------------
5.0000E+05 2.9020E-02 2.9020E-02 2.9020E-02 2.8910E-02 2.9690E-02 3.0230E-02 3.1250E-02 3.2150E-02 3.2900E-02 3.3580E-02
6.0000E+05 2.6670E-02 2.6670E-02 2.7440E-02 2.7840E-02 2.8480E-02 2.9180E-02 3.0070E-02 3.1040E-02 3.1950E-02 3.2310E-02
7.0000E+05 2.5550E-02 2.5550E-02 2.6900E-02 2.6780E-02 2.7490E-02 2.8550E-02 2.9250E-02 3.0070E-02 3.1000E-02 3.1420E-02
8.0000E+05 2.4910E-02 2.4910E-02 2.6070E-02 2.6700E-02 2.6770E-02 2.7550E-02 2.8570E-02 2.9440E-02 3.0180E-02 3.0710E-02
9.0000E+05 2.5160E-02 2.5160E-02 2.5090E-02 2.5850E-02 2.6110E-02 2.6730E-02 2.7810E-02 2.8870E-02 2.9690E-02 3.0160E-02
1.0000E+06 2.4140E-02 2.4140E-02 2.4470E-02 2.5010E-02 2.5560E-02 2.6290E-02 2.7230E-02 2.8310E-02 2.9240E-02 2.9620E-02
1.1340E+06 2.3390E-02 2.3390E-02 2.3770E-02 2.4090E-02 2.4770E-02 2.5650E-02 2.6590E-02 2.7670E-02 2.8630E-02 2.9060E-02
1.2850E+06 2.2470E-02 2.2470E-02 2.2810E-02 2.3490E-02 2.4010E-02 2.4940E-02 2.5910E-02 2.7130E-02 2.8050E-02 2.8490E-02
1.4570E+06 2.2010E-02 2.2010E-02 2.2370E-02 2.2740E-02 2.3420E-02 2.4230E-02 2.5310E-02 2.6400E-02 2.7460E-02 2.7870E-02
1.6520E+06 2.1330E-02 2.1330E-02 2.1630E-02 2.2090E-02 2.2730E-02 2.3530E-02 2.4600E-02 2.5790E-02 2.6770E-02 2.7310E-02
1.8720E+06 2.0520E-02 2.0520E-02 2.1080E-02 2.1410E-02 2.2020E-02 2.2930E-02 2.3920E-02 2.5090E-02 2.6150E-02 2.6700E-02
2.1230E+06 2.0440E-02 2.0440E-02 2.0460E-02 2.0920E-02 2.1480E-02 2.2270E-02 2.3310E-02 2.4380E-02 2.5530E-02 2.6010E-02
2.4060E+06 1.9910E-02 1.9910E-02 2.0160E-02 2.0590E-02 2.0980E-02 2.1720E-02 2.2640E-02 2.3770E-02 2.4780E-02 2.5310E-02
2.7280E+06 1.9780E-02 1.9780E-02 1.9820E-02 2.0130E-02 2.0620E-02 2.1200E-02 2.2070E-02 2.3070E-02 2.4060E-02 2.4520E-02
3.0920E+06 1.9360E-02 1.9360E-02 1.9570E-02 1.9820E-02 2.0180E-02 2.0800E-02 2.1480E-02 2.2400E-02 2.3320E-02 2.3770E-02
3.5060E+06 1.9130E-02 1.9130E-02 1.9160E-02 1.9560E-02 1.9850E-02 2.0410E-02 2.1060E-02 2.1730E-02 2.2550E-02 2.2920E-02
3.9740E+06 1.8930E-02 1.8930E-02 1.8960E-02 1.9160E-02 1.9520E-02 1.9940E-02 2.0460E-02 2.1140E-02 2.1840E-02 2.2150E-02
4.5050E+06 1.8800E-02 1.8800E-02 1.8710E-02 1.8880E-02 1.9150E-02 1.9580E-02 1.9990E-02 2.0520E-02 2.1110E-02 2.1420E-02
5.1070E+06 1.8360E-02 1.8360E-02 1.8380E-02 1.8550E-02 1.8720E-02 1.9050E-02 1.9470E-02 1.9890E-02 2.0420E-02 2.0670E-02
5.7900E+06 1.7920E-02 1.7920E-02 1.8040E-02 1.8230E-02 1.8360E-02 1.8650E-02 1.8980E-02 1.9430E-02 1.9770E-02 1.9940E-02
6.5630E+06 1.7420E-02 1.7420E-02 1.7620E-02 1.7670E-02 1.7840E-02 1.8140E-02 1.8480E-02 1.8730E-02 1.9100E-02 1.9280E-02
7.4410E+06 1.7120E-02 1.7120E-02 1.7050E-02 1.7150E-02 1.7310E-02 1.7580E-02 1.7870E-02 1.8180E-02 1.8360E-02 1.8560E-02
8.4350E+06 1.6500E-02 1.6500E-02 1.6310E-02 1.6690E-02 1.6830E-02 1.6970E-02 1.7270E-02 1.7560E-02 1.7740E-02 1.7860E-02
9.5620E+06 1.5880E-02 1.5880E-02 1.5940E-02 1.6110E-02 1.6160E-02 1.6400E-02 1.6580E-02 1.6900E-02 1.7100E-02 1.7140E-02
1.0840E+07 1.5220E-02 1.5220E-02 1.5260E-02 1.5370E-02 1.5600E-02 1.5790E-02 1.6020E-02 1.6220E-02 1.6380E-02 1.6410E-02
1.2290E+07 1.4520E-02 1.4520E-02 1.4570E-02 1.4770E-02 1.4970E-02 1.5150E-02 1.5330E-02 1.5490E-02 1.5640E-02 1.5690E-02
1.3930E+07 1.4090E-02 1.4090E-02 1.4020E-02 1.3950E-02 1.4200E-02 1.4380E-02 1.4650E-02 1.4750E-02 1.4900E-02 1.4930E-02
1.5790E+07 1.3380E-02 1.3380E-02 1.3230E-02 1.3450E-02 1.3540E-02 1.3770E-02 1.3910E-02 1.4010E-02 1.4140E-02 1.4230E-02
1.7900E+07 1.2590E-02 1.2590E-02 1.2670E-02 1.2820E-02 1.2870E-02 1.3030E-02 1.3210E-02 1.3350E-02 1.3470E-02 1.3510E-02
2.0300E+07 1.1840E-02 1.1840E-02 1.1940E-02 1.2090E-02 1.2110E-02 1.2350E-02 1.2500E-02 1.2580E-02 1.2660E-02 1.2740E-02
2.3010E+07 1.1070E-02 1.1070E-02 1.1350E-02 1.1380E-02 1.1490E-02 1.1590E-02 1.1760E-02 1.1920E-02 1.2000E-02 1.2030E-02
2.6080E+07 1.0580E-02 1.0580E-02 1.0670E-02 1.0680E-02 1.0860E-02 1.0900E-02 1.1070E-02 1.1160E-02 1.1240E-02 1.1260E-02
2.9570E+07 9.8700E-03 9.8700E-03 9.9810E-03 1.0040E-02 1.0120E-02 1.0250E-02 1.0370E-02 1.0430E-02 1.0540E-02 1.0520E-02
3.3520E+07 9.4680E-03 9.4680E-03 9.3860E-03 9.3900E-03 9.5010E-03 9.6020E-03 9.6770E-03 9.7810E-03 9.8230E-03 9.8610E-03
3.8000E+07 8.9190E-03 8.9190E-03 8.7730E-03 8.8580E-03 8.8550E-03 8.9610E-03 9.0870E-03 9.0850E-03 9.1520E-03 9.1940E-03
1.0000E+06 2.4140E-02 2.4140E-02 2.4470E-02 2.5010E-02 2.5560E-02 2.6290E-02 2.7230E-02 2.8310E-02 2.9240E-02 2.9620E-02
1.1340E+06 2.3390E-02 2.3390E-02 2.3770E-02 2.4090E-02 2.4770E-02 2.5650E-02 2.6590E-02 2.7670E-02 2.8630E-02 2.9060E-02
1.2850E+06 2.2470E-02 2.2470E-02 2.2810E-02 2.3490E-02 2.4010E-02 2.4940E-02 2.5910E-02 2.7130E-02 2.8050E-02 2.8490E-02
1.4570E+06 2.2010E-02 2.2010E-02 2.2370E-02 2.2740E-02 2.3420E-02 2.4230E-02 2.5310E-02 2.6400E-02 2.7460E-02 2.7870E-02
1.6520E+06 2.1330E-02 2.1330E-02 2.1630E-02 2.2090E-02 2.2730E-02 2.3530E-02 2.4600E-02 2.5790E-02 2.6770E-02 2.7310E-02
1.8720E+06 2.0520E-02 2.0520E-02 2.1080E-02 2.1410E-02 2.2020E-02 2.2930E-02 2.3920E-02 2.5090E-02 2.6150E-02 2.6700E-02
2.1230E+06 2.0440E-02 2.0440E-02 2.0460E-02 2.0920E-02 2.1480E-02 2.2270E-02 2.3310E-02 2.4380E-02 2.5530E-02 2.6010E-02
2.4060E+06 1.9910E-02 1.9910E-02 2.0160E-02 2.0590E-02 2.0980E-02 2.1720E-02 2.2640E-02 2.3770E-02 2.4780E-02 2.5310E-02
2.7280E+06 1.9780E-02 1.9780E-02 1.9820E-02 2.0130E-02 2.0620E-02 2.1200E-02 2.2070E-02 2.3070E-02 2.4060E-02 2.4520E-02
3.0920E+06 1.9360E-02 1.9360E-02 1.9570E-02 1.9820E-02 2.0180E-02 2.0800E-02 2.1480E-02 2.2400E-02 2.3320E-02 2.3770E-02
3.5060E+06 1.9130E-02 1.9130E-02 1.9160E-02 1.9560E-02 1.9850E-02 2.0410E-02 2.1060E-02 2.1730E-02 2.2550E-02 2.2920E-02
3.9740E+06 1.8930E-02 1.8930E-02 1.8960E-02 1.9160E-02 1.9520E-02 1.9940E-02 2.0460E-02 2.1140E-02 2.1840E-02 2.2150E-02
4.5050E+06 1.8800E-02 1.8800E-02 1.8710E-02 1.8880E-02 1.9150E-02 1.9580E-02 1.9990E-02 2.0520E-02 2.1110E-02 2.1420E-02
5.1070E+06 1.8360E-02 1.8360E-02 1.8380E-02 1.8550E-02 1.8720E-02 1.9050E-02 1.9470E-02 1.9890E-02 2.0420E-02 2.0670E-02
5.7900E+06 1.7920E-02 1.7920E-02 1.8040E-02 1.8230E-02 1.8360E-02 1.8650E-02 1.8980E-02 1.9430E-02 1.9770E-02 1.9940E-02
6.5630E+06 1.7420E-02 1.7420E-02 1.7620E-02 1.7670E-02 1.7840E-02 1.8140E-02 1.8480E-02 1.8730E-02 1.9100E-02 1.9280E-02
7.4410E+06 1.7120E-02 1.7120E-02 1.7050E-02 1.7150E-02 1.7310E-02 1.7580E-02 1.7870E-02 1.8180E-02 1.8360E-02 1.8560E-02
8.4350E+06 1.6500E-02 1.6500E-02 1.6310E-02 1.6690E-02 1.6830E-02 1.6970E-02 1.7270E-02 1.7560E-02 1.7740E-02 1.7860E-02
9.5620E+06 1.5880E-02 1.5880E-02 1.5940E-02 1.6110E-02 1.6160E-02 1.6400E-02 1.6580E-02 1.6900E-02 1.7100E-02 1.7140E-02
1.0840E+07 1.5220E-02 1.5220E-02 1.5260E-02 1.5370E-02 1.5600E-02 1.5790E-02 1.6020E-02 1.6220E-02 1.6380E-02 1.6410E-02
1.2290E+07 1.4520E-02 1.4520E-02 1.4570E-02 1.4770E-02 1.4970E-02 1.5150E-02 1.5330E-02 1.5490E-02 1.5640E-02 1.5690E-02
1.3930E+07 1.4090E-02 1.4090E-02 1.4020E-02 1.3950E-02 1.4200E-02 1.4380E-02 1.4650E-02 1.4750E-02 1.4900E-02 1.4930E-02
1.5790E+07 1.3380E-02 1.3380E-02 1.3230E-02 1.3450E-02 1.3540E-02 1.3770E-02 1.3910E-02 1.4010E-02 1.4140E-02 1.4230E-02
1.7900E+07 1.2590E-02 1.2590E-02 1.2670E-02 1.2820E-02 1.2870E-02 1.3030E-02 1.3210E-02 1.3350E-02 1.3470E-02 1.3510E-02
2.0300E+07 1.1840E-02 1.1840E-02 1.1940E-02 1.2090E-02 1.2110E-02 1.2350E-02 1.2500E-02 1.2580E-02 1.2660E-02 1.2740E-02
2.3010E+07 1.1070E-02 1.1070E-02 1.1350E-02 1.1380E-02 1.1490E-02 1.1590E-02 1.1760E-02 1.1920E-02 1.2000E-02 1.2030E-02
2.6080E+07 1.0580E-02 1.0580E-02 1.0670E-02 1.0680E-02 1.0860E-02 1.0900E-02 1.1070E-02 1.1160E-02 1.1240E-02 1.1260E-02
2.9570E+07 9.8700E-03 9.8700E-03 9.9810E-03 1.0040E-02 1.0120E-02 1.0250E-02 1.0370E-02 1.0430E-02 1.0540E-02 1.0520E-02
3.3520E+07 9.4680E-03 9.4680E-03 9.3860E-03 9.3900E-03 9.5010E-03 9.6020E-03 9.6770E-03 9.7810E-03 9.8230E-03 9.8610E-03
3.8000E+07 8.9190E-03 8.9190E-03 8.7730E-03 8.8580E-03 8.8550E-03 8.9610E-03 9.0870E-03 9.0850E-03 9.1520E-03 9.1940E-03
-----------------------

E[V/m]_alpha[1/m]
N2
NUM_COLUMNS:  10
COL_VALUES:  0.0 10.0 20.0 30.0 40.0 50.0 60.0 70.0 80.0 90.0
COMMENT: generated by particle_swarm
-----------------------
5.0000E+05 0.0000E+00 0.0000E+00 0.0000E+00 0.0000E+00 0.0000E+00 0.0000E+00 0.0000E+00 0.0000E+00 0.0000E+00 0.0000E+00
6.0000E+05 0.0000E+00 0.0000E+00 0.0000E+00 0.0000E+00 0.0000E+00 0.0000E+00 0.0000E+00 0.0000E+00 0.0000E+00 0.0000E+00
7.0000E+05 0.0000E+00 0.0000E+00 0.0000E+00 0.0000E+00 0.0000E+00 0.0000E+00 0.0000E+00 0.0000E+00 0.0000E+00 0.0000E+00
8.0000E+05 0.0000E+00 0.0000E+00 0.0000E+00 0.0000E+00 0.0000E+00 0.0000E+00 0.0000E+00 0.0000E+00 0.0000E+00 0.0000E+00
9.0000E+05 0.0000E+00 0.0000E+00 0.0000E+00 0.0000E+00 0.0000E+00 0.0000E+00 0.0000E+00 0.0000E+00 0.0000E+00 0.0000E+00
1.0000E+06 0.0000E+00 0.0000E+00 0.0000E+00 0.0000E+00 0.0000E+00 0.0000E+00 0.0000E+00 0.0000E+00 0.0000E+00 0.0000E+00
1.1340E+06 0.0000E+00 5.1560E-03 0.0000E+00 2.8230E-02 0.0000E+00 0.0000E+00 0.0000E+00 0.0000E+00 0.0000E+00 0.0000E+00
1.2850E+06 1.0980E-01 8.0150E-03 2.6080E-01 1.1440E-01 3.8140E-02 1.8690E-02 0.0000E+00 0.0000E+00 2.5400E-02 0.0000E+00
1.4570E+06 1.3850E+00 2.9770E-01 5.7910E-01 5.1190E-01 4.3950E-02 3.1980E-03 2.5660E-02 1.4070E-02 6.3450E-03 1.2180E-02
1.6520E+06 4.6490E+00 3.4570E+00 4.1110E+00 1.6750E+00 1.3050E+00 9.8700E-01 6.0430E-01 2.6180E-01 1.2280E-01 1.0320E-01
1.8720E+06 1.4320E+01 1.4050E+01 1.2450E+01 7.2520E+00 6.2920E+00 3.5630E+00 1.6870E+00 1.4560E+00 7.7060E-01 7.7180E-01
2.1230E+06 5.4280E+01 4.5700E+01 3.8880E+01 3.0170E+01 2.3680E+01 1.5350E+01 7.0370E+00 4.4000E+00 3.9120E+00 3.3350E+00
2.4060E+06 1.5550E+02 1.5080E+02 1.2990E+02 9.6400E+01 7.0220E+01 4.6380E+01 3.0110E+01 1.9250E+01 1.4990E+01 1.3710E+01
2.7280E+06 3.9780E+02 3.9190E+02 3.5290E+02 2.7820E+02 2.0410E+02 1.4420E+02 9.4490E+01 7.4900E+01 5.4720E+01 4.9490E+01
3.0920E+06 9.2970E+02 8.8770E+02 7.7160E+02 6.7510E+02 5.1670E+02 3.7640E+02 2.8190E+02 2.0820E+02 1.6540E+02 1.5890E+02
3.5060E+06 1.8830E+03 1.8350E+03 1.6630E+03 1.4290E+03 1.1490E+03 9.0000E+02 6.6820E+02 5.2650E+02 4.4140E+02 4.0420E+02
3.9740E+06 3.5640E+03 3.4600E+03 3.1860E+03 2.7990E+03 2.3120E+03 1.8560E+03 1.4820E+03 1.1800E+03 1.0080E+03 9.4410E+02
4.5050E+06 6.3490E+03 6.1860E+03 5.7280E+03 5.0650E+03 4.3390E+03 3.5780E+03 2.9300E+03 2.4010E+03 2.0980E+03 1.9970E+03
5.1070E+06 1.0530E+04 1.0290E+04 9.7390E+03 8.6610E+03 7.5980E+03 6.3910E+03 5.3990E+03 4.5380E+03 4.0590E+03 3.8860E+03
5.7900E+06 1.6630E+04 1.6480E+04 1.5580E+04 1.4040E+04 1.2370E+04 1.0760E+04 9.1890E+03 8.0380E+03 7.2150E+03 6.9190E+03
6.5630E+06 2.5240E+04 2.4940E+04 2.3520E+04 2.1730E+04 1.9600E+04 1.7230E+04 1.4860E+04 1.3190E+04 1.2090E+04 1.1710E+04
7.4410E+06 3.6880E+04 3.6250E+04 3.4670E+04 3.2300E+04 2.9350E+04 2.6150E+04 2.3040E+04 2.0850E+04 1.9240E+04 1.8720E+04
8.4350E+06 5.2330E+04 5.1440E+04 4.9570E+04 4.6530E+04 4.2630E+04 3.8460E+04 3.4540E+04 3.1520E+04 2.9350E+04 2.8720E+04
9.5620E+06 7.2240E+04 7.1290E+04 6.8720E+04 6.4710E+04 6.0130E+04 5.4660E+04 4.9950E+04 4.5860E+04 4.3380E+04 4.2660E+04
1.0840E+07 9.6540E+04 9.5360E+04 9.2410E+04 8.7690E+04 8.1780E+04 7.5810E+04 6.9310E+04 6.4720E+04 6.1440E+04 6.0610E+04
1.2290E+07 1.2600E+05 1.2500E+05 1.2120E+05 1.1570E+05 1.0930E+05 1.0200E+05 9.4700E+04 8.8690E+04 8.5180E+04 8.3630E+04
1.3930E+07 1.6180E+05 1.6090E+05 1.5600E+05 1.5010E+05 1.4250E+05 1.3380E+05 1.2540E+05 1.1880E+05 1.1450E+05 1.1320E+05
1.5790E+07 2.0240E+05 2.0090E+05 1.9680E+05 1.9030E+05 1.8130E+05 1.7210E+05 1.6350E+05 1.5540E+05 1.5050E+05 1.4820E+05
1.7900E+07 2.4900E+05 2.4910E+05 2.4440E+05 2.3620E+05 2.2700E+05 2.1610E+05 2.0620E+05 1.9900E+05 1.9260E+05 1.9050E+05
2.0300E+07 3.0280E+05 3.0130E+05 2.9570E+05 2.8900E+05 2.7940E+05 2.6760E+05 2.5800E+05 2.4760E+05 2.4230E+05 2.3930E+05
2.3010E+07 3.6010E+05 3.5980E+05 3.5420E+05 3.4760E+05 3.3610E+05 3.2530E+05 3.1440E+05 3.0460E+05 2.9850E+05 2.9650E+05
2.6080E+07 4.2340E+05 4.2330E+05 4.1870E+05 4.0980E+05 3.9960E+05 3.8820E+05 3.7710E+05 3.6650E+05 3.6030E+05 3.5920E+05
2.9570E+07 4.9240E+05 4.9000E+05 4.8520E+05 4.7780E+05 4.6820E+05 4.5560E+05 4.4570E+05 4.3350E+05 4.2840E+05 4.2740E+05
3.3520E+07 5.6280E+05 5.6080E+05 5.5580E+05 5.4880E+05 5.3900E+05 5.2870E+05 5.1670E+05 5.0750E+05 5.0270E+05 4.9780E+05
3.8000E+07 6.3310E+05 6.3260E+05 6.2900E+05 6.2190E+05 6.1340E+05 6.0260E+05 5.9160E+05 5.8420E+05 5.7760E+05 5.7580E+05
1.0000E+06 0.0000E+00 0.0000E+00 0.0000E+00 0.0000E+00 0.0000E+00 0.0000E+00 0.0000E+00 0.0000E+00 0.0000E+00 0.0000E+00
1.1340E+06 0.0000E+00 5.1560E-03 0.0000E+00 2.8230E-02 0.0000E+00 0.0000E+00 0.0000E+00 0.0000E+00 0.0000E+00 0.0000E+00
1.2850E+06 1.0980E-01 8.0150E-03 2.6080E-01 1.1440E-01 3.8140E-02 1.8690E-02 0.0000E+00 0.0000E+00 2.5400E-02 0.0000E+00
1.4570E+06 1.3850E+00 2.9770E-01 5.7910E-01 5.1190E-01 4.3950E-02 3.1980E-03 2.5660E-02 1.4070E-02 6.3450E-03 1.2180E-02
1.6520E+06 4.6490E+00 3.4570E+00 4.1110E+00 1.6750E+00 1.3050E+00 9.8700E-01 6.0430E-01 2.6180E-01 1.2280E-01 1.0320E-01
1.8720E+06 1.4320E+01 1.4050E+01 1.2450E+01 7.2520E+00 6.2920E+00 3.5630E+00 1.6870E+00 1.4560E+00 7.7060E-01 7.7180E-01
2.1230E+06 5.4280E+01 4.5700E+01 3.8880E+01 3.0170E+01 2.3680E+01 1.5350E+01 7.0370E+00 4.4000E+00 3.9120E+00 3.3350E+00
2.4060E+06 1.5550E+02 1.5080E+02 1.2990E+02 9.6400E+01 7.0220E+01 4.6380E+01 3.0110E+01 1.9250E+01 1.4990E+01 1.3710E+01
2.7280E+06 3.9780E+02 3.9190E+02 3.5290E+02 2.7820E+02 2.0410E+02 1.4420E+02 9.4490E+01 7.4900E+01 5.4720E+01 4.9490E+01
3.0920E+06 9.2970E+02 8.8770E+02 7.7160E+02 6.7510E+02 5.1670E+02 3.7640E+02 2.8190E+02 2.0820E+02 1.6540E+02 1.5890E+02
3.5060E+06 1.8830E+03 1.8350E+03 1.6630E+03 1.4290E+03 1.1490E+03 9.0000E+02 6.6820E+02 5.2650E+02 4.4140E+02 4.0420E+02
3.9740E+06 3.5640E+03 3.4600E+03 3.1860E+03 2.7990E+03 2.3120E+03 1.8560E+03 1.4820E+03 1.1800E+03 1.0080E+03 9.4410E+02
4.5050E+06 6.3490E+03 6.1860E+03 5.7280E+03 5.0650E+03 4.3390E+03 3.5780E+03 2.9300E+03 2.4010E+03 2.0980E+03 1.9970E+03
5.1070E+06 1.0530E+04 1.0290E+04 9.7390E+03 8.6610E+03 7.5980E+03 6.3910E+03 5.3990E+03 4.5380E+03 4.0590E+03 3.8860E+03
5.7900E+06 1.6630E+04 1.6480E+04 1.5580E+04 1.4040E+04 1.2370E+04 1.0760E+04 9.1890E+03 8.0380E+03 7.2150E+03 6.9190E+03
6.5630E+06 2.5240E+04 2.4940E+04 2.3520E+04 2.1730E+04 1.9600E+04 1.7230E+04 1.4860E+04 1.3190E+04 1.2090E+04 1.1710E+04
7.4410E+06 3.6880E+04 3.6250E+04 3.4670E+04 3.2300E+04 2.9350E+04 2.6150E+04 2.3040E+04 2.0850E+04 1.9240E+04 1.8720E+04
8.4350E+06 5.2330E+04 5.1440E+04 4.9570E+04 4.6530E+04 4.2630E+04 3.8460E+04 3.4540E+04 3.1520E+04 2.9350E+04 2.8720E+04
9.5620E+06 7.2240E+04 7.1290E+04 6.8720E+04 6.4710E+04 6.0130E+04 5.4660E+04 4.9950E+04 4.5860E+04 4.3380E+04 4.2660E+04
1.0840E+07 9.6540E+04 9.5360E+04 9.2410E+04 8.7690E+04 8.1780E+04 7.5810E+04 6.9310E+04 6.4720E+04 6.1440E+04 6.0610E+04
1.2290E+07 1.2600E+05 1.2500E+05 1.2120E+05 1.1570E+05 1.0930E+05 1.0200E+05 9.4700E+04 8.8690E+04 8.5180E+04 8.3630E+04
1.3930E+07 1.6180E+05 1.6090E+05 1.5600E+05 1.5010E+05 1.4250E+05 1.3380E+05 1.2540E+05 1.1880E+05 1.1450E+05 1.1320E+05
1.5790E+07 2.0240E+05 2.0090E+05 1.9680E+05 1.9030E+05 1.8130E+05 1.7210E+05 1.6350E+05 1.5540E+05 1.5050E+05 1.4820E+05
1.7900E+07 2.4900E+05 2.4910E+05 2.4440E+05 2.3620E+05 2.2700E+05 2.1610E+05 2.0620E+05 1.9900E+05 1.9260E+05 1.9050E+05
2.0300E+07 3.0280E+05 3.0130E+05 2.9570E+05 2.8900E+05 2.7940E+05 2.6760E+05 2.5800E+05 2.4760E+05 2.4230E+05 2.3930E+05
2.3010E+07 3.6010E+05 3.5980E+05 3.5420E+05 3.4760E+05 3.3610E+05 3.2530E+05 3.1440E+05 3.0460E+05 2.9850E+05 2.9650E+05
2.6080E+07 4.2340E+05 4.2330E+05 4.1870E+05 4.0980E+05 3.9960E+05 3.8820E+05 3.7710E+05 3.6650E+05 3.6030E+05 3.5920E+05
2.9570E+07 4.9240E+05 4.9000E+05 4.8520E+05 4.7780E+05 4.6820E+05 4.5560E+05 4.4570E+05 4.3350E+05 4.2840E+05 4.2740E+05
3.3520E+07 5.6280E+05 5.6080E+05 5.5580E+05 5.4880E+05 5.3900E+05 5.2870E+05 5.1670E+05 5.0750E+05 5.0270E+05 4.9780E+05
3.8000E+07 6.3310E+05 6.3260E+05 6.2900E+05 6.2190E+05 6.1340E+05 6.0260E+05 5.9160E+05 5.8420E+05 5.7760E+05 5.7580E+05
-----------------------

E[V/m]_eta[1/m]
N2
NUM_COLUMNS:  10
COL_VALUES:  0.0 10.0 20.0 30.0 40.0 50.0 60.0 70.0 80.0 90.0
COMMENT: generated by particle_swarm
-----------------------
5.0000E+05 0.0000E+00 0.0000E+00 0.0000E+00 0.0000E+00 0.0000E+00 0.0000E+00 0.0000E+00 0.0000E+00 0.0000E+00 0.0000E+00
6.0000E+05 0.0000E+00 0.0000E+00 0.0000E+00 0.0000E+00 0.0000E+00 0.0000E+00 0.0000E+00 0.0000E+00 0.0000E+00 0.0000E+00
7.0000E+05 0.0000E+00 0.0000E+00 0.0000E+00 0.0000E+00 0.0000E+00 0.0000E+00 0.0000E+00 0.0000E+00 0.0000E+00 0.0000E+00
8.0000E+05 0.0000E+00 0.0000E+00 0.0000E+00 0.0000E+00 0.0000E+00 0.0000E+00 0.0000E+00 0.0000E+00 0.0000E+00 0.0000E+00
9.0000E+05 0.0000E+00 0.0000E+00 0.0000E+00 0.0000E+00 0.0000E+00 0.0000E+00 0.0000E+00 0.0000E+00 0.0000E+00 0.0000E+00
1.0000E+06 0.0000E+00 0.0000E+00 0.0000E+00 0.0000E+00 0.0000E+00 0.0000E+00 0.0000E+00 0.0000E+00 0.0000E+00 0.0000E+00
1.1340E+06 0.0000E+00 0.0000E+00 0.0000E+00 0.0000E+00 0.0000E+00 0.0000E+00 0.0000E+00 0.0000E+00 0.0000E+00 0.0000E+00
1.2850E+06 0.0000E+00 0.0000E+00 0.0000E+00 0.0000E+00 0.0000E+00 0.0000E+00 0.0000E+00 0.0000E+00 0.0000E+00 0.0000E+00
1.4570E+06 0.0000E+00 0.0000E+00 0.0000E+00 0.0000E+00 0.0000E+00 0.0000E+00 0.0000E+00 0.0000E+00 0.0000E+00 0.0000E+00
1.6520E+06 0.0000E+00 0.0000E+00 0.0000E+00 0.0000E+00 0.0000E+00 0.0000E+00 0.0000E+00 0.0000E+00 0.0000E+00 0.0000E+00
1.8720E+06 0.0000E+00 0.0000E+00 0.0000E+00 0.0000E+00 0.0000E+00 0.0000E+00 0.0000E+00 0.0000E+00 0.0000E+00 0.0000E+00
2.1230E+06 0.0000E+00 0.0000E+00 0.0000E+00 0.0000E+00 0.0000E+00 0.0000E+00 0.0000E+00 0.0000E+00 0.0000E+00 0.0000E+00
2.4060E+06 0.0000E+00 0.0000E+00 0.0000E+00 0.0000E+00 0.0000E+00 0.0000E+00 0.0000E+00 0.0000E+00 0.0000E+00 0.0000E+00
2.7280E+06 0.0000E+00 0.0000E+00 0.0000E+00 0.0000E+00 0.0000E+00 0.0000E+00 0.0000E+00 0.0000E+00 0.0000E+00 0.0000E+00
3.0920E+06 0.0000E+00 0.0000E+00 0.0000E+00 0.0000E+00 0.0000E+00 0.0000E+00 0.0000E+00 0.0000E+00 0.0000E+00 0.0000E+00
3.5060E+06 0.0000E+00 0.0000E+00 0.0000E+00 0.0000E+00 0.0000E+00 0.0000E+00 0.0000E+00 0.0000E+00 0.0000E+00 0.0000E+00
3.9740E+06 0.0000E+00 0.0000E+00 0.0000E+00 0.0000E+00 0.0000E+00 0.0000E+00 0.0000E+00 0.0000E+00 0.0000E+00 0.0000E+00
4.5050E+06 0.0000E+00 0.0000E+00 0.0000E+00 0.0000E+00 0.0000E+00 0.0000E+00 0.0000E+00 0.0000E+00 0.0000E+00 0.0000E+00
5.1070E+06 0.0000E+00 0.0000E+00 0.0000E+00 0.0000E+00 0.0000E+00 0.0000E+00 0.0000E+00 0.0000E+00 0.0000E+00 0.0000E+00
5.7900E+06 0.0000E+00 0.0000E+00 0.0000E+00 0.0000E+00 0.0000E+00 0.0000E+00 0.0000E+00 0.0000E+00 0.0000E+00 0.0000E+00
6.5630E+06 0.0000E+00 0.0000E+00 0.0000E+00 0.0000E+00 0.0000E+00 0.0000E+00 0.0000E+00 0.0000E+00 0.0000E+00 0.0000E+00
7.4410E+06 0.0000E+00 0.0000E+00 0.0000E+00 0.0000E+00 0.0000E+00 0.0000E+00 0.0000E+00 0.0000E+00 0.0000E+00 0.0000E+00
8.4350E+06 0.0000E+00 0.0000E+00 0.0000E+00 0.0000E+00 0.0000E+00 0.0000E+00 0.0000E+00 0.0000E+00 0.0000E+00 0.0000E+00
9.5620E+06 0.0000E+00 0.0000E+00 0.0000E+00 0.0000E+00 0.0000E+00 0.0000E+00 0.0000E+00 0.0000E+00 0.0000E+00 0.0000E+00
1.0840E+07 0.0000E+00 0.0000E+00 0.0000E+00 0.0000E+00 0.0000E+00 0.0000E+00 0.0000E+00 0.0000E+00 0.0000E+00 0.0000E+00
1.2290E+07 0.0000E+00 0.0000E+00 0.0000E+00 0.0000E+00 0.0000E+00 0.0000E+00 0.0000E+00 0.0000E+00 0.0000E+00 0.0000E+00
1.3930E+07 0.0000E+00 0.0000E+00 0.0000E+00 0.0000E+00 0.0000E+00 0.0000E+00 0.0000E+00 0.0000E+00 0.0000E+00 0.0000E+00
1.5790E+07 0.0000E+00 0.0000E+00 0.0000E+00 0.0000E+00 0.0000E+00 0.0000E+00 0.0000E+00 0.0000E+00 0.0000E+00 0.0000E+00
1.7900E+07 0.0000E+00 0.0000E+00 0.0000E+00 0.0000E+00 0.0000E+00 0.0000E+00 0.0000E+00 0.0000E+00 0.0000E+00 0.0000E+00
2.0300E+07 0.0000E+00 0.0000E+00 0.0000E+00 0.0000E+00 0.0000E+00 0.0000E+00 0.0000E+00 0.0000E+00 0.0000E+00 0.0000E+00
2.3010E+07 0.0000E+00 0.0000E+00 0.0000E+00 0.0000E+00 0.0000E+00 0.0000E+00 0.0000E+00 0.0000E+00 0.0000E+00 0.0000E+00
2.6080E+07 0.0000E+00 0.0000E+00 0.0000E+00 0.0000E+00 0.0000E+00 0.0000E+00 0.0000E+00 0.0000E+00 0.0000E+00 0.0000E+00
2.9570E+07 0.0000E+00 0.0000E+00 0.0000E+00 0.0000E+00 0.0000E+00 0.0000E+00 0.0000E+00 0.0000E+00 0.0000E+00 0.0000E+00
3.3520E+07 0.0000E+00 0.0000E+00 0.0000E+00 0.0000E+00 0.0000E+00 0.0000E+00 0.0000E+00 0.0000E+00 0.0000E+00 0.0000E+00
3.8000E+07 0.0000E+00 0.0000E+00 0.0000E+00 0.0000E+00 0.0000E+00 0.0000E+00 0.0000E+00 0.0000E+00 0.0000E+00 0.0000E+00
1.0000E+06 0.0000E+00 0.0000E+00 0.0000E+00 0.0000E+00 0.0000E+00 0.0000E+00 0.0000E+00 0.0000E+00 0.0000E+00 0.0000E+00
1.1340E+06 0.0000E+00 0.0000E+00 0.0000E+00 0.0000E+00 0.0000E+00 0.0000E+00 0.0000E+00 0.0000E+00 0.0000E+00 0.0000E+00
1.2850E+06 0.0000E+00 0.0000E+00 0.0000E+00 0.0000E+00 0.0000E+00 0.0000E+00 0.0000E+00 0.0000E+00 0.0000E+00 0.0000E+00
1.4570E+06 0.0000E+00 0.0000E+00 0.0000E+00 0.0000E+00 0.0000E+00 0.0000E+00 0.0000E+00 0.0000E+00 0.0000E+00 0.0000E+00
1.6520E+06 0.0000E+00 0.0000E+00 0.0000E+00 0.0000E+00 0.0000E+00 0.0000E+00 0.0000E+00 0.0000E+00 0.0000E+00 0.0000E+00
1.8720E+06 0.0000E+00 0.0000E+00 0.0000E+00 0.0000E+00 0.0000E+00 0.0000E+00 0.0000E+00 0.0000E+00 0.0000E+00 0.0000E+00
2.1230E+06 0.0000E+00 0.0000E+00 0.0000E+00 0.0000E+00 0.0000E+00 0.0000E+00 0.0000E+00 0.0000E+00 0.0000E+00 0.0000E+00
2.4060E+06 0.0000E+00 0.0000E+00 0.0000E+00 0.0000E+00 0.0000E+00 0.0000E+00 0.0000E+00 0.0000E+00 0.0000E+00 0.0000E+00
2.7280E+06 0.0000E+00 0.0000E+00 0.0000E+00 0.0000E+00 0.0000E+00 0.0000E+00 0.0000E+00 0.0000E+00 0.0000E+00 0.0000E+00
3.0920E+06 0.0000E+00 0.0000E+00 0.0000E+00 0.0000E+00 0.0000E+00 0.0000E+00 0.0000E+00 0.0000E+00 0.0000E+00 0.0000E+00
3.5060E+06 0.0000E+00 0.0000E+00 0.0000E+00 0.0000E+00 0.0000E+00 0.0000E+00 0.0000E+00 0.0000E+00 0.0000E+00 0.0000E+00
3.9740E+06 0.0000E+00 0.0000E+00 0.0000E+00 0.0000E+00 0.0000E+00 0.0000E+00 0.0000E+00 0.0000E+00 0.0000E+00 0.0000E+00
4.5050E+06 0.0000E+00 0.0000E+00 0.0000E+00 0.0000E+00 0.0000E+00 0.0000E+00 0.0000E+00 0.0000E+00 0.0000E+00 0.0000E+00
5.1070E+06 0.0000E+00 0.0000E+00 0.0000E+00 0.0000E+00 0.0000E+00 0.0000E+00 0.0000E+00 0.0000E+00 0.0000E+00 0.0000E+00
5.7900E+06 0.0000E+00 0.0000E+00 0.0000E+00 0.0000E+00 0.0000E+00 0.0000E+00 0.0000E+00 0.0000E+00 0.0000E+00 0.0000E+00
6.5630E+06 0.0000E+00 0.0000E+00 0.0000E+00 0.0000E+00 0.0000E+00 0.0000E+00 0.0000E+00 0.0000E+00 0.0000E+00 0.0000E+00
7.4410E+06 0.0000E+00 0.0000E+00 0.0000E+00 0.0000E+00 0.0000E+00 0.0000E+00 0.0000E+00 0.0000E+00 0.0000E+00 0.0000E+00
8.4350E+06 0.0000E+00 0.0000E+00 0.0000E+00 0.0000E+00 0.0000E+00 0.0000E+00 0.0000E+00 0.0000E+00 0.0000E+00 0.0000E+00
9.5620E+06 0.0000E+00 0.0000E+00 0.0000E+00 0.0000E+00 0.0000E+00 0.0000E+00 0.0000E+00 0.0000E+00 0.0000E+00 0.0000E+00
1.0840E+07 0.0000E+00 0.0000E+00 0.0000E+00 0.0000E+00 0.0000E+00 0.0000E+00 0.0000E+00 0.0000E+00 0.0000E+00 0.0000E+00
1.2290E+07 0.0000E+00 0.0000E+00 0.0000E+00 0.0000E+00 0.0000E+00 0.0000E+00 0.0000E+00 0.0000E+00 0.0000E+00 0.0000E+00
1.3930E+07 0.0000E+00 0.0000E+00 0.0000E+00 0.0000E+00 0.0000E+00 0.0000E+00 0.0000E+00 0.0000E+00 0.0000E+00 0.0000E+00
1.5790E+07 0.0000E+00 0.0000E+00 0.0000E+00 0.0000E+00 0.0000E+00 0.0000E+00 0.0000E+00 0.0000E+00 0.0000E+00 0.0000E+00
1.7900E+07 0.0000E+00 0.0000E+00 0.0000E+00 0.0000E+00 0.0000E+00 0.0000E+00 0.0000E+00 0.0000E+00 0.0000E+00 0.0000E+00
2.0300E+07 0.0000E+00 0.0000E+00 0.0000E+00 0.0000E+00 0.0000E+00 0.0000E+00 0.0000E+00 0.0000E+00 0.0000E+00 0.0000E+00
2.3010E+07 0.0000E+00 0.0000E+00 0.0000E+00 0.0000E+00 0.0000E+00 0.0000E+00 0.0000E+00 0.0000E+00 0.0000E+00 0.0000E+00
2.6080E+07 0.0000E+00 0.0000E+00 0.0000E+00 0.0000E+00 0.0000E+00 0.0000E+00 0.0000E+00 0.0000E+00 0.0000E+00 0.0000E+00
2.9570E+07 0.0000E+00 0.0000E+00 0.0000E+00 0.0000E+00 0.0000E+00 0.0000E+00 0.0000E+00 0.0000E+00 0.0000E+00 0.0000E+00
3.3520E+07 0.0000E+00 0.0000E+00 0.0000E+00 0.0000E+00 0.0000E+00 0.0000E+00 0.0000E+00 0.0000E+00 0.0000E+00 0.0000E+00
3.8000E+07 0.0000E+00 0.0000E+00 0.0000E+00 0.0000E+00 0.0000E+00 0.0000E+00 0.0000E+00 0.0000E+00 0.0000E+00 0.0000E+00
-----------------------

E[V/m]_diff_xB[m2/s]
N2
NUM_COLUMNS:  10
COL_VALUES:  0.0 10.0 20.0 30.0 40.0 50.0 60.0 70.0 80.0 90.0
COMMENT: generated by particle_swarm
-----------------------
5.0000E+05 1.3940E-02 1.3810E-02 1.3810E-02 1.3820E-02 1.3990E-02 1.4000E-02 1.3980E-02 1.4010E-02 1.4440E-02 1.4630E-02
6.0000E+05 1.4330E-02 1.4280E-02 1.4400E-02 1.4260E-02 1.4360E-02 1.4410E-02 1.4620E-02 1.4840E-02 1.5260E-02 1.5640E-02
7.0000E+05 1.4580E-02 1.4620E-02 1.4370E-02 1.4630E-02 1.4710E-02 1.4760E-02 1.4990E-02 1.5420E-02 1.6060E-02 1.6350E-02
8.0000E+05 1.4820E-02 1.4940E-02 1.4890E-02 1.4960E-02 1.4960E-02 1.5270E-02 1.5470E-02 1.5860E-02 1.6580E-02 1.7080E-02
9.0000E+05 1.5230E-02 1.5150E-02 1.5210E-02 1.5360E-02 1.5410E-02 1.5450E-02 1.5930E-02 1.6310E-02 1.7100E-02 1.7510E-02
1.0000E+06 1.5580E-02 1.5580E-02 1.5590E-02 1.5630E-02 1.5610E-02 1.5840E-02 1.6150E-02 1.6720E-02 1.7440E-02 1.8030E-02
1.1340E+06 1.6270E-02 1.6310E-02 1.6200E-02 1.6110E-02 1.6080E-02 1.6340E-02 1.6680E-02 1.7210E-02 1.8050E-02 1.8550E-02
1.2850E+06 1.7180E-02 1.7280E-02 1.7140E-02 1.7090E-02 1.7020E-02 1.7030E-02 1.7230E-02 1.7860E-02 1.8680E-02 1.9320E-02
1.4570E+06 1.9010E-02 1.8820E-02 1.8690E-02 1.8360E-02 1.8140E-02 1.7990E-02 1.8180E-02 1.8760E-02 1.9590E-02 2.0160E-02
1.6520E+06 2.1490E-02 2.1350E-02 2.1090E-02 2.0580E-02 2.0020E-02 1.9520E-02 1.9540E-02 1.9890E-02 2.0750E-02 2.1260E-02
1.8720E+06 2.5430E-02 2.5160E-02 2.4570E-02 2.3800E-02 2.2900E-02 2.2090E-02 2.1650E-02 2.1630E-02 2.2390E-02 2.2940E-02
2.1230E+06 3.0500E-02 3.0300E-02 2.9460E-02 2.8280E-02 2.6900E-02 2.5920E-02 2.4790E-02 2.4550E-02 2.4980E-02 2.5630E-02
2.4060E+06 3.6700E-02 3.6830E-02 3.5540E-02 3.4260E-02 3.2700E-02 3.0810E-02 2.9450E-02 2.8440E-02 2.8530E-02 2.9060E-02
2.7280E+06 4.3970E-02 4.3780E-02 4.2720E-02 4.0980E-02 3.9440E-02 3.7150E-02 3.5000E-02 3.3770E-02 3.3640E-02 3.3920E-02
3.0920E+06 5.1770E-02 5.1380E-02 5.0410E-02 4.8870E-02 4.6730E-02 4.4360E-02 4.2130E-02 4.0170E-02 3.9780E-02 4.0220E-02
3.5060E+06 5.9650E-02 5.9430E-02 5.8550E-02 5.6790E-02 5.4690E-02 5.2140E-02 4.9640E-02 4.7950E-02 4.6990E-02 4.7440E-02
3.9740E+06 6.7330E-02 6.6880E-02 6.6120E-02 6.4820E-02 6.2770E-02 6.0660E-02 5.8170E-02 5.5760E-02 5.5170E-02 5.5240E-02
4.5050E+06 7.4660E-02 7.4600E-02 7.3760E-02 7.2660E-02 7.0850E-02 6.8980E-02 6.6530E-02 6.4310E-02 6.3360E-02 6.3570E-02
5.1070E+06 8.1950E-02 8.1540E-02 8.0880E-02 8.0150E-02 7.8470E-02 7.6630E-02 7.4380E-02 7.2650E-02 7.1780E-02 7.1620E-02
5.7900E+06 8.8840E-02 8.8920E-02 8.8540E-02 8.7130E-02 8.5910E-02 8.4370E-02 8.3030E-02 8.0800E-02 8.0150E-02 8.0480E-02
6.5630E+06 9.6270E-02 9.5800E-02 9.5510E-02 9.4460E-02 9.3160E-02 9.2250E-02 9.0540E-02 8.9390E-02 8.8410E-02 8.8600E-02
7.4410E+06 1.0330E-01 1.0320E-01 1.0280E-01 1.0190E-01 1.0070E-01 9.9560E-02 9.8280E-02 9.7730E-02 9.7230E-02 9.7020E-02
8.4350E+06 1.1050E-01 1.1040E-01 1.0990E-01 1.0920E-01 1.0840E-01 1.0700E-01 1.0660E-01 1.0610E-01 1.0520E-01 1.0550E-01
9.5620E+06 1.1720E-01 1.1750E-01 1.1740E-01 1.1630E-01 1.1660E-01 1.1600E-01 1.1470E-01 1.1430E-01 1.1460E-01 1.1490E-01
1.0840E+07 1.2610E-01 1.2540E-01 1.2520E-01 1.2480E-01 1.2510E-01 1.2390E-01 1.2380E-01 1.2400E-01 1.2340E-01 1.2420E-01
1.2290E+07 1.3400E-01 1.3410E-01 1.3420E-01 1.3390E-01 1.3370E-01 1.3380E-01 1.3390E-01 1.3370E-01 1.3330E-01 1.3360E-01
1.3930E+07 1.4330E-01 1.4280E-01 1.4320E-01 1.4280E-01 1.4290E-01 1.4360E-01 1.4370E-01 1.4390E-01 1.4500E-01 1.4460E-01
1.5790E+07 1.5280E-01 1.5310E-01 1.5340E-01 1.5350E-01 1.5490E-01 1.5360E-01 1.5510E-01 1.5490E-01 1.5580E-01 1.5670E-01
1.7900E+07 1.6350E-01 1.6310E-01 1.6350E-01 1.6450E-01 1.6410E-01 1.6590E-01 1.6680E-01 1.6870E-01 1.6900E-01 1.7000E-01
2.0300E+07 1.7580E-01 1.7550E-01 1.7530E-01 1.7540E-01 1.7750E-01 1.7800E-01 1.8080E-01 1.8150E-01 1.8230E-01 1.8240E-01
2.3010E+07 1.8690E-01 1.8820E-01 1.8780E-01 1.8850E-01 1.9020E-01 1.9120E-01 1.9430E-01 1.9620E-01 1.9710E-01 1.9740E-01
2.6080E+07 2.0100E-01 2.0110E-01 2.0210E-01 2.0330E-01 2.0550E-01 2.0630E-01 2.0820E-01 2.1070E-01 2.1240E-01 2.1300E-01
2.9570E+07 2.1760E-01 2.1590E-01 2.1620E-01 2.1690E-01 2.2060E-01 2.2330E-01 2.2510E-01 2.2860E-01 2.2960E-01 2.3210E-01
3.3520E+07 2.3220E-01 2.3280E-01 2.3280E-01 2.3570E-01 2.3820E-01 2.4130E-01 2.4390E-01 2.4730E-01 2.4920E-01 2.4810E-01
3.8000E+07 2.4910E-01 2.5290E-01 2.5160E-01 2.5230E-01 2.5650E-01 2.6090E-01 2.6420E-01 2.6640E-01 2.7030E-01 2.7070E-01
1.0000E+06 1.5580E-02 1.5580E-02 1.5590E-02 1.5630E-02 1.5610E-02 1.5840E-02 1.6150E-02 1.6720E-02 1.7440E-02 1.8030E-02
1.1340E+06 1.6270E-02 1.6310E-02 1.6200E-02 1.6110E-02 1.6080E-02 1.6340E-02 1.6680E-02 1.7210E-02 1.8050E-02 1.8550E-02
1.2850E+06 1.7180E-02 1.7280E-02 1.7140E-02 1.7090E-02 1.7020E-02 1.7030E-02 1.7230E-02 1.7860E-02 1.8680E-02 1.9320E-02
1.4570E+06 1.9010E-02 1.8820E-02 1.8690E-02 1.8360E-02 1.8140E-02 1.7990E-02 1.8180E-02 1.8760E-02 1.9590E-02 2.0160E-02
1.6520E+06 2.1490E-02 2.1350E-02 2.1090E-02 2.0580E-02 2.0020E-02 1.9520E-02 1.9540E-02 1.9890E-02 2.0750E-02 2.1260E-02
1.8720E+06 2.5430E-02 2.5160E-02 2.4570E-02 2.3800E-02 2.2900E-02 2.2090E-02 2.1650E-02 2.1630E-02 2.2390E-02 2.2940E-02
2.1230E+06 3.0500E-02 3.0300E-02 2.9460E-02 2.8280E-02 2.6900E-02 2.5920E-02 2.4790E-02 2.4550E-02 2.4980E-02 2.5630E-02
2.4060E+06 3.6700E-02 3.6830E-02 3.5540E-02 3.4260E-02 3.2700E-02 3.0810E-02 2.9450E-02 2.8440E-02 2.8530E-02 2.9060E-02
2.7280E+06 4.3970E-02 4.3780E-02 4.2720E-02 4.0980E-02 3.9440E-02 3.7150E-02 3.5000E-02 3.3770E-02 3.3640E-02 3.3920E-02
3.0920E+06 5.1770E-02 5.1380E-02 5.0410E-02 4.8870E-02 4.6730E-02 4.4360E-02 4.2130E-02 4.0170E-02 3.9780E-02 4.0220E-02
3.5060E+06 5.9650E-02 5.9430E-02 5.8550E-02 5.6790E-02 5.4690E-02 5.2140E-02 4.9640E-02 4.7950E-02 4.6990E-02 4.7440E-02
3.9740E+06 6.7330E-02 6.6880E-02 6.6120E-02 6.4820E-02 6.2770E-02 6.0660E-02 5.8170E-02 5.5760E-02 5.5170E-02 5.5240E-02
4.5050E+06 7.4660E-02 7.4600E-02 7.3760E-02 7.2660E-02 7.0850E-02 6.8980E-02 6.6530E-02 6.4310E-02 6.3360E-02 6.3570E-02
5.1070E+06 8.1950E-02 8.1540E-02 8.0880E-02 8.0150E-02 7.8470E-02 7.6630E-02 7.4380E-02 7.2650E-02 7.1780E-02 7.1620E-02
5.7900E+06 8.8840E-02 8.8920E-02 8.8540E-02 8.7130E-02 8.5910E-02 8.4370E-02 8.3030E-02 8.0800E-02 8.0150E-02 8.0480E-02
6.5630E+06 9.6270E-02 9.5800E-02 9.5510E-02 9.4460E-02 9.3160E-02 9.2250E-02 9.0540E-02 8.9390E-02 8.8410E-02 8.8600E-02
7.4410E+06 1.0330E-01 1.0320E-01 1.0280E-01 1.0190E-01 1.0070E-01 9.9560E-02 9.8280E-02 9.7730E-02 9.7230E-02 9.7020E-02
8.4350E+06 1.1050E-01 1.1040E-01 1.0990E-01 1.0920E-01 1.0840E-01 1.0700E-01 1.0660E-01 1.0610E-01 1.0520E-01 1.0550E-01
9.5620E+06 1.1720E-01 1.1750E-01 1.1740E-01 1.1630E-01 1.1660E-01 1.1600E-01 1.1470E-01 1.1430E-01 1.1460E-01 1.1490E-01
1.0840E+07 1.2610E-01 1.2540E-01 1.2520E-01 1.2480E-01 1.2510E-01 1.2390E-01 1.2380E-01 1.2400E-01 1.2340E-01 1.2420E-01
1.2290E+07 1.3400E-01 1.3410E-01 1.3420E-01 1.3390E-01 1.3370E-01 1.3380E-01 1.3390E-01 1.3370E-01 1.3330E-01 1.3360E-01
1.3930E+07 1.4330E-01 1.4280E-01 1.4320E-01 1.4280E-01 1.4290E-01 1.4360E-01 1.4370E-01 1.4390E-01 1.4500E-01 1.4460E-01
1.5790E+07 1.5280E-01 1.5310E-01 1.5340E-01 1.5350E-01 1.5490E-01 1.5360E-01 1.5510E-01 1.5490E-01 1.5580E-01 1.5670E-01
1.7900E+07 1.6350E-01 1.6310E-01 1.6350E-01 1.6450E-01 1.6410E-01 1.6590E-01 1.6680E-01 1.6870E-01 1.6900E-01 1.7000E-01
2.0300E+07 1.7580E-01 1.7550E-01 1.7530E-01 1.7540E-01 1.7750E-01 1.7800E-01 1.8080E-01 1.8150E-01 1.8230E-01 1.8240E-01
2.3010E+07 1.8690E-01 1.8820E-01 1.8780E-01 1.8850E-01 1.9020E-01 1.9120E-01 1.9430E-01 1.9620E-01 1.9710E-01 1.9740E-01
2.6080E+07 2.0100E-01 2.0110E-01 2.0210E-01 2.0330E-01 2.0550E-01 2.0630E-01 2.0820E-01 2.1070E-01 2.1240E-01 2.1300E-01
2.9570E+07 2.1760E-01 2.1590E-01 2.1620E-01 2.1690E-01 2.2060E-01 2.2330E-01 2.2510E-01 2.2860E-01 2.2960E-01 2.3210E-01
3.3520E+07 2.3220E-01 2.3280E-01 2.3280E-01 2.3570E-01 2.3820E-01 2.4130E-01 2.4390E-01 2.4730E-01 2.4920E-01 2.4810E-01
3.8000E+07 2.4910E-01 2.5290E-01 2.5160E-01 2.5230E-01 2.5650E-01 2.6090E-01 2.6420E-01 2.6640E-01 2.7030E-01 2.7070E-01
-----------------------

E[V/m]_diff_B[m2/s]
N2
NUM_COLUMNS:  10
COL_VALUES:  0.0 10.0 20.0 30.0 40.0 50.0 60.0 70.0 80.0 90.0
COMMENT: generated by particle_swarm
-----------------------
5.0000E+05 2.6920E-02 2.7130E-02 2.7340E-02 2.9140E-02 3.1580E-02 3.5520E-02 4.1420E-02 4.9910E-02 6.2540E-02 7.1380E-02
6.0000E+05 2.6140E-02 2.6060E-02 2.7050E-02 2.8350E-02 3.1180E-02 3.4670E-02 4.0950E-02 5.0070E-02 6.3150E-02 7.2110E-02
7.0000E+05 2.5120E-02 2.5730E-02 2.6410E-02 2.8200E-02 3.0680E-02 3.4610E-02 4.0960E-02 5.0020E-02 6.3100E-02 7.2270E-02
8.0000E+05 2.4940E-02 2.5150E-02 2.6380E-02 2.7950E-02 3.0430E-02 3.4060E-02 4.0570E-02 4.9620E-02 6.2840E-02 7.1500E-02
9.0000E+05 2.4880E-02 2.5010E-02 2.5980E-02 2.7540E-02 3.0030E-02 3.4180E-02 4.0060E-02 4.9610E-02 6.2350E-02 7.2040E-02
1.0000E+06 2.4780E-02 2.5080E-02 2.5970E-02 2.7520E-02 2.9960E-02 3.3630E-02 3.9840E-02 4.9200E-02 6.2170E-02 7.1380E-02
1.1340E+06 2.5240E-02 2.5370E-02 2.5990E-02 2.7700E-02 2.9920E-02 3.3650E-02 3.9480E-02 4.9010E-02 6.1870E-02 7.0920E-02
1.2850E+06 2.6230E-02 2.6470E-02 2.7080E-02 2.8320E-02 3.0430E-02 3.3890E-02 3.9650E-02 4.8550E-02 6.1680E-02 7.0910E-02
1.4570E+06 2.8450E-02 2.8590E-02 2.8750E-02 2.9700E-02 3.1600E-02 3.4520E-02 3.9960E-02 4.8530E-02 6.0940E-02 7.0190E-02
1.6520E+06 3.2190E-02 3.2410E-02 3.2280E-02 3.2820E-02 3.3840E-02 3.6130E-02 4.0770E-02 4.9020E-02 6.1500E-02 7.0140E-02
1.8720E+06 3.8100E-02 3.7910E-02 3.7710E-02 3.7620E-02 3.7920E-02 3.9330E-02 4.3040E-02 5.0340E-02 6.1870E-02 7.0670E-02
2.1230E+06 4.6090E-02 4.5890E-02 4.5410E-02 4.4110E-02 4.4160E-02 4.4520E-02 4.7170E-02 5.3080E-02 6.3610E-02 7.1940E-02
2.4060E+06 5.5680E-02 5.5930E-02 5.4750E-02 5.3550E-02 5.2290E-02 5.1640E-02 5.3040E-02 5.7270E-02 6.6330E-02 7.4400E-02
2.7280E+06 6.6780E-02 6.5930E-02 6.5050E-02 6.3950E-02 6.2150E-02 6.0780E-02 6.0710E-02 6.3720E-02 7.1270E-02 7.7880E-02
3.0920E+06 7.7450E-02 7.7180E-02 7.6590E-02 7.5240E-02 7.3610E-02 7.1450E-02 7.1050E-02 7.2600E-02 7.8270E-02 8.4000E-02
3.5060E+06 8.7920E-02 8.8080E-02 8.7050E-02 8.6170E-02 8.4550E-02 8.3230E-02 8.1660E-02 8.2160E-02 8.6850E-02 9.1580E-02
3.9740E+06 9.7770E-02 9.7790E-02 9.7630E-02 9.6520E-02 9.5480E-02 9.4040E-02 9.3070E-02 9.3190E-02 9.6750E-02 1.0020E-01
4.5050E+06 1.0720E-01 1.0690E-01 1.0710E-01 1.0630E-01 1.0530E-01 1.0510E-01 1.0420E-01 1.0420E-01 1.0670E-01 1.0980E-01
5.1070E+06 1.1530E-01 1.1490E-01 1.1530E-01 1.1500E-01 1.1490E-01 1.1500E-01 1.1470E-01 1.1500E-01 1.1670E-01 1.1900E-01
5.7900E+06 1.2210E-01 1.2210E-01 1.2270E-01 1.2260E-01 1.2310E-01 1.2380E-01 1.2460E-01 1.2540E-01 1.2750E-01 1.2830E-01
6.5630E+06 1.2920E-01 1.2940E-01 1.2950E-01 1.3040E-01 1.3220E-01 1.3280E-01 1.3390E-01 1.3480E-01 1.3640E-01 1.3780E-01
7.4410E+06 1.3520E-01 1.3480E-01 1.3580E-01 1.3690E-01 1.3840E-01 1.3920E-01 1.4190E-01 1.4360E-01 1.4540E-01 1.4680E-01
8.4350E+06 1.4170E-01 1.4190E-01 1.4200E-01 1.4390E-01 1.4510E-01 1.4800E-01 1.5000E-01 1.5320E-01 1.5480E-01 1.5510E-01
9.5620E+06 1.4800E-01 1.4810E-01 1.4930E-01 1.5000E-01 1.5270E-01 1.5470E-01 1.5850E-01 1.6100E-01 1.6270E-01 1.6380E-01
1.0840E+07 1.5390E-01 1.5460E-01 1.5460E-01 1.5700E-01 1.5960E-01 1.6210E-01 1.6620E-01 1.6940E-01 1.7150E-01 1.7200E-01
1.2290E+07 1.5960E-01 1.5890E-01 1.6170E-01 1.6470E-01 1.6750E-01 1.7020E-01 1.7420E-01 1.7700E-01 1.8130E-01 1.8040E-01
1.3930E+07 1.6680E-01 1.6740E-01 1.6820E-01 1.7220E-01 1.7330E-01 1.7790E-01 1.8210E-01 1.8580E-01 1.8910E-01 1.8980E-01
1.5790E+07 1.7430E-01 1.7490E-01 1.7650E-01 1.7920E-01 1.8220E-01 1.8660E-01 1.9000E-01 1.9450E-01 1.9780E-01 2.0000E-01
1.7900E+07 1.8060E-01 1.8160E-01 1.8370E-01 1.8620E-01 1.9030E-01 1.9370E-01 2.0000E-01 2.0440E-01 2.0740E-01 2.0890E-01
2.0300E+07 1.9090E-01 1.9040E-01 1.9320E-01 1.9690E-01 1.9980E-01 2.0520E-01 2.0950E-01 2.1390E-01 2.1740E-01 2.1890E-01
2.3010E+07 2.0100E-01 2.0070E-01 2.0220E-01 2.0600E-01 2.1020E-01 2.1760E-01 2.2080E-01 2.2540E-01 2.2840E-01 2.3100E-01
2.6080E+07 2.1190E-01 2.1310E-01 2.1510E-01 2.1710E-01 2.2170E-01 2.2830E-01 2.3340E-01 2.3680E-01 2.4210E-01 2.4380E-01
2.9570E+07 2.2550E-01 2.2600E-01 2.2760E-01 2.3290E-01 2.3690E-01 2.4010E-01 2.4610E-01 2.4920E-01 2.5350E-01 2.5410E-01
3.3520E+07 2.4010E-01 2.4050E-01 2.4440E-01 2.4700E-01 2.5170E-01 2.5650E-01 2.6120E-01 2.6660E-01 2.6830E-01 2.7000E-01
3.8000E+07 2.6060E-01 2.6050E-01 2.6310E-01 2.6590E-01 2.7170E-01 2.7540E-01 2.8030E-01 2.8200E-01 2.8580E-01 2.8590E-01
1.0000E+06 2.4780E-02 2.5080E-02 2.5970E-02 2.7520E-02 2.9960E-02 3.3630E-02 3.9840E-02 4.9200E-02 6.2170E-02 7.1380E-02
1.1340E+06 2.5240E-02 2.5370E-02 2.5990E-02 2.7700E-02 2.9920E-02 3.3650E-02 3.9480E-02 4.9010E-02 6.1870E-02 7.0920E-02
1.2850E+06 2.6230E-02 2.6470E-02 2.7080E-02 2.8320E-02 3.0430E-02 3.3890E-02 3.9650E-02 4.8550E-02 6.1680E-02 7.0910E-02
1.4570E+06 2.8450E-02 2.8590E-02 2.8750E-02 2.9700E-02 3.1600E-02 3.4520E-02 3.9960E-02 4.8530E-02 6.0940E-02 7.0190E-02
1.6520E+06 3.2190E-02 3.2410E-02 3.2280E-02 3.2820E-02 3.3840E-02 3.6130E-02 4.0770E-02 4.9020E-02 6.1500E-02 7.0140E-02
1.8720E+06 3.8100E-02 3.7910E-02 3.7710E-02 3.7620E-02 3.7920E-02 3.9330E-02 4.3040E-02 5.0340E-02 6.1870E-02 7.0670E-02
2.1230E+06 4.6090E-02 4.5890E-02 4.5410E-02 4.4110E-02 4.4160E-02 4.4520E-02 4.7170E-02 5.3080E-02 6.3610E-02 7.1940E-02
2.4060E+06 5.5680E-02 5.5930E-02 5.4750E-02 5.3550E-02 5.2290E-02 5.1640E-02 5.3040E-02 5.7270E-02 6.6330E-02 7.4400E-02
2.7280E+06 6.6780E-02 6.5930E-02 6.5050E-02 6.3950E-02 6.2150E-02 6.0780E-02 6.0710E-02 6.3720E-02 7.1270E-02 7.7880E-02
3.0920E+06 7.7450E-02 7.7180E-02 7.6590E-02 7.5240E-02 7.3610E-02 7.1450E-02 7.1050E-02 7.2600E-02 7.8270E-02 8.4000E-02
3.5060E+06 8.7920E-02 8.8080E-02 8.7050E-02 8.6170E-02 8.4550E-02 8.3230E-02 8.1660E-02 8.2160E-02 8.6850E-02 9.1580E-02
3.9740E+06 9.7770E-02 9.7790E-02 9.7630E-02 9.6520E-02 9.5480E-02 9.4040E-02 9.3070E-02 9.3190E-02 9.6750E-02 1.0020E-01
4.5050E+06 1.0720E-01 1.0690E-01 1.0710E-01 1.0630E-01 1.0530E-01 1.0510E-01 1.0420E-01 1.0420E-01 1.0670E-01 1.0980E-01
5.1070E+06 1.1530E-01 1.1490E-01 1.1530E-01 1.1500E-01 1.1490E-01 1.1500E-01 1.1470E-01 1.1500E-01 1.1670E-01 1.1900E-01
5.7900E+06 1.2210E-01 1.2210E-01 1.2270E-01 1.2260E-01 1.2310E-01 1.2380E-01 1.2460E-01 1.2540E-01 1.2750E-01 1.2830E-01
6.5630E+06 1.2920E-01 1.2940E-01 1.2950E-01 1.3040E-01 1.3220E-01 1.3280E-01 1.3390E-01 1.3480E-01 1.3640E-01 1.3780E-01
7.4410E+06 1.3520E-01 1.3480E-01 1.3580E-01 1.3690E-01 1.3840E-01 1.3920E-01 1.4190E-01 1.4360E-01 1.4540E-01 1.4680E-01
8.4350E+06 1.4170E-01 1.4190E-01 1.4200E-01 1.4390E-01 1.4510E-01 1.4800E-01 1.5000E-01 1.5320E-01 1.5480E-01 1.5510E-01
9.5620E+06 1.4800E-01 1.4810E-01 1.4930E-01 1.5000E-01 1.5270E-01 1.5470E-01 1.5850E-01 1.6100E-01 1.6270E-01 1.6380E-01
1.0840E+07 1.5390E-01 1.5460E-01 1.5460E-01 1.5700E-01 1.5960E-01 1.6210E-01 1.6620E-01 1.6940E-01 1.7150E-01 1.7200E-01
1.2290E+07 1.5960E-01 1.5890E-01 1.6170E-01 1.6470E-01 1.6750E-01 1.7020E-01 1.7420E-01 1.7700E-01 1.8130E-01 1.8040E-01
1.3930E+07 1.6680E-01 1.6740E-01 1.6820E-01 1.7220E-01 1.7330E-01 1.7790E-01 1.8210E-01 1.8580E-01 1.8910E-01 1.8980E-01
1.5790E+07 1.7430E-01 1.7490E-01 1.7650E-01 1.7920E-01 1.8220E-01 1.8660E-01 1.9000E-01 1.9450E-01 1.9780E-01 2.0000E-01
1.7900E+07 1.8060E-01 1.8160E-01 1.8370E-01 1.8620E-01 1.9030E-01 1.9370E-01 2.0000E-01 2.0440E-01 2.0740E-01 2.0890E-01
2.0300E+07 1.9090E-01 1.9040E-01 1.9320E-01 1.9690E-01 1.9980E-01 2.0520E-01 2.0950E-01 2.1390E-01 2.1740E-01 2.1890E-01
2.3010E+07 2.0100E-01 2.0070E-01 2.0220E-01 2.0600E-01 2.1020E-01 2.1760E-01 2.2080E-01 2.2540E-01 2.2840E-01 2.3100E-01
2.6080E+07 2.1190E-01 2.1310E-01 2.1510E-01 2.1710E-01 2.2170E-01 2.2830E-01 2.3340E-01 2.3680E-01 2.4210E-01 2.4380E-01
2.9570E+07 2.2550E-01 2.2600E-01 2.2760E-01 2.3290E-01 2.3690E-01 2.4010E-01 2.4610E-01 2.4920E-01 2.5350E-01 2.5410E-01
3.3520E+07 2.4010E-01 2.4050E-01 2.4440E-01 2.4700E-01 2.5170E-01 2.5650E-01 2.6120E-01 2.6660E-01 2.6830E-01 2.7000E-01
3.8000E+07 2.6060E-01 2.6050E-01 2.6310E-01 2.6590E-01 2.7170E-01 2.7540E-01 2.8030E-01 2.8200E-01 2.8580E-01 2.8590E-01
-----------------------

E[V/m]_energy[eV]
N2
NUM_COLUMNS:  10
COL_VALUES:  0.0 10.0 20.0 30.0 40.0 50.0 60.0 70.0 80.0 90.0
COMMENT: generated by particle_swarm
-----------------------
5.0000E+05 1.0440E+00 1.0420E+00 1.0380E+00 1.0320E+00 1.0220E+00 1.0080E+00 9.9160E-01 9.6850E-01 9.4470E-01 9.2990E-01
6.0000E+05 1.0620E+00 1.0600E+00 1.0570E+00 1.0490E+00 1.0400E+00 1.0260E+00 1.0100E+00 9.8890E-01 9.6880E-01 9.5620E-01
7.0000E+05 1.0780E+00 1.0750E+00 1.0710E+00 1.0640E+00 1.0540E+00 1.0400E+00 1.0220E+00 1.0040E+00 9.8470E-01 9.7390E-01
8.0000E+05 1.0920E+00 1.0910E+00 1.0850E+00 1.0770E+00 1.0650E+00 1.0520E+00 1.0350E+00 1.0170E+00 9.9800E-01 9.8800E-01
9.0000E+05 1.1080E+00 1.1060E+00 1.1000E+00 1.0910E+00 1.0780E+00 1.0630E+00 1.0450E+00 1.0250E+00 1.0060E+00 9.9630E-01
1.0000E+06 1.1280E+00 1.1250E+00 1.1190E+00 1.1070E+00 1.0930E+00 1.0750E+00 1.0560E+00 1.0340E+00 1.0150E+00 1.0050E+00
1.1340E+06 1.1630E+00 1.1590E+00 1.1490E+00 1.1350E+00 1.1160E+00 1.0940E+00 1.0710E+00 1.0480E+00 1.0270E+00 1.0170E+00
1.2850E+06 1.2220E+00 1.2160E+00 1.2010E+00 1.1790E+00 1.1530E+00 1.1240E+00 1.0950E+00 1.0660E+00 1.0430E+00 1.0320E+00
1.4570E+06 1.3200E+00 1.3130E+00 1.2890E+00 1.2550E+00 1.2150E+00 1.1730E+00 1.1330E+00 1.0990E+00 1.0690E+00 1.0560E+00
1.6520E+06 1.4690E+00 1.4600E+00 1.4280E+00 1.3810E+00 1.3200E+00 1.2600E+00 1.2010E+00 1.1520E+00 1.1130E+00 1.0970E+00
1.8720E+06 1.6950E+00 1.6820E+00 1.6390E+00 1.5690E+00 1.4870E+00 1.3990E+00 1.3120E+00 1.2440E+00 1.1900E+00 1.1700E+00
2.1230E+06 2.0060E+00 1.9850E+00 1.9300E+00 1.8410E+00 1.7310E+00 1.6120E+00 1.4920E+00 1.3920E+00 1.3170E+00 1.2900E+00
2.4060E+06 2.3850E+00 2.3640E+00 2.3020E+00 2.1940E+00 2.0600E+00 1.9060E+00 1.7480E+00 1.6150E+00 1.5150E+00 1.4760E+00
2.7280E+06 2.8310E+00 2.8050E+00 2.7340E+00 2.6140E+00 2.4650E+00 2.2820E+00 2.0890E+00 1.9220E+00 1.7930E+00 1.7420E+00
3.0920E+06 3.3070E+00 3.2850E+00 3.2110E+00 3.0910E+00 2.9280E+00 2.7290E+00 2.5180E+00 2.3120E+00 2.1560E+00 2.0970E+00
3.5060E+06 3.7990E+00 3.7770E+00 3.7050E+00 3.5860E+00 3.4210E+00 3.2160E+00 2.9890E+00 2.7680E+00 2.5950E+00 2.5290E+00
3.9740E+06 4.2990E+00 4.2720E+00 4.2040E+00 4.0870E+00 3.9250E+00 3.7230E+00 3.4980E+00 3.2680E+00 3.0860E+00 3.0120E+00
4.5050E+06 4.7910E+00 4.7680E+00 4.7010E+00 4.5900E+00 4.4310E+00 4.2390E+00 4.0140E+00 3.7890E+00 3.6070E+00 3.5350E+00
5.1070E+06 5.2810E+00 5.2570E+00 5.1920E+00 5.0820E+00 4.9310E+00 4.7470E+00 4.5320E+00 4.3190E+00 4.1410E+00 4.0700E+00
5.7900E+06 5.7720E+00 5.7540E+00 5.6970E+00 5.5760E+00 5.4320E+00 5.2530E+00 5.0520E+00 4.8460E+00 4.6820E+00 4.6120E+00
6.5630E+06 6.2890E+00 6.2700E+00 6.1960E+00 6.0880E+00 5.9440E+00 5.7750E+00 5.5660E+00 5.3770E+00 5.2260E+00 5.1580E+00
7.4410E+06 6.8270E+00 6.7990E+00 6.7320E+00 6.6280E+00 6.4770E+00 6.3000E+00 6.1080E+00 5.9230E+00 5.7700E+00 5.7150E+00
8.4350E+06 7.4040E+00 7.3760E+00 7.3050E+00 7.1950E+00 7.0460E+00 6.8680E+00 6.6750E+00 6.4940E+00 6.3450E+00 6.2940E+00
9.5620E+06 8.0330E+00 8.0020E+00 7.9300E+00 7.8100E+00 7.6600E+00 7.4750E+00 7.2800E+00 7.0990E+00 6.9600E+00 6.9160E+00
1.0840E+07 8.7250E+00 8.6920E+00 8.6170E+00 8.4870E+00 8.3250E+00 8.1450E+00 7.9380E+00 7.7610E+00 7.6240E+00 7.5730E+00
1.2290E+07 9.4870E+00 9.4660E+00 9.3760E+00 9.2450E+00 9.0790E+00 8.8800E+00 8.6800E+00 8.4890E+00 8.3580E+00 8.3020E+00
1.3930E+07 1.0350E+01 1.0330E+01 1.0230E+01 1.0100E+01 9.9210E+00 9.7090E+00 9.4940E+00 9.2990E+00 9.1720E+00 9.1200E+00
1.5790E+07 1.1330E+01 1.1300E+01 1.1210E+01 1.1060E+01 1.0860E+01 1.0650E+01 1.0430E+01 1.0230E+01 1.0090E+01 1.0040E+01
1.7900E+07 1.2420E+01 1.2420E+01 1.2310E+01 1.2150E+01 1.1930E+01 1.1700E+01 1.1480E+01 1.1280E+01 1.1130E+01 1.1070E+01
2.0300E+07 1.3700E+01 1.3670E+01 1.3550E+01 1.3380E+01 1.3170E+01 1.2920E+01 1.2690E+01 1.2450E+01 1.2310E+01 1.2250E+01
2.3010E+07 1.5130E+01 1.5100E+01 1.4960E+01 1.4810E+01 1.4560E+01 1.4300E+01 1.4050E+01 1.3810E+01 1.3670E+01 1.3610E+01
2.6080E+07 1.6770E+01 1.6750E+01 1.6640E+01 1.6410E+01 1.6170E+01 1.5880E+01 1.5610E+01 1.5360E+01 1.5200E+01 1.5160E+01
2.9570E+07 1.8690E+01 1.8650E+01 1.8500E+01 1.8290E+01 1.8010E+01 1.7710E+01 1.7430E+01 1.7130E+01 1.6970E+01 1.6950E+01
3.3520E+07 2.0900E+01 2.0830E+01 2.0680E+01 2.0430E+01 2.0160E+01 1.9820E+01 1.9480E+01 1.9220E+01 1.9060E+01 1.8950E+01
3.8000E+07 2.3410E+01 2.3370E+01 2.3220E+01 2.2930E+01 2.2630E+01 2.2250E+01 2.1900E+01 2.1620E+01 2.1410E+01 2.1370E+01
1.0000E+06 1.1280E+00 1.1250E+00 1.1190E+00 1.1070E+00 1.0930E+00 1.0750E+00 1.0560E+00 1.0340E+00 1.0150E+00 1.0050E+00
1.1340E+06 1.1630E+00 1.1590E+00 1.1490E+00 1.1350E+00 1.1160E+00 1.0940E+00 1.0710E+00 1.0480E+00 1.0270E+00 1.0170E+00
1.2850E+06 1.2220E+00 1.2160E+00 1.2010E+00 1.1790E+00 1.1530E+00 1.1240E+00 1.0950E+00 1.0660E+00 1.0430E+00 1.0320E+00
1.4570E+06 1.3200E+00 1.3130E+00 1.2890E+00 1.2550E+00 1.2150E+00 1.1730E+00 1.1330E+00 1.0990E+00 1.0690E+00 1.0560E+00
1.6520E+06 1.4690E+00 1.4600E+00 1.4280E+00 1.3810E+00 1.3200E+00 1.2600E+00 1.2010E+00 1.1520E+00 1.1130E+00 1.0970E+00
1.8720E+06 1.6950E+00 1.6820E+00 1.6390E+00 1.5690E+00 1.4870E+00 1.3990E+00 1.3120E+00 1.2440E+00 1.1900E+00 1.1700E+00
2.1230E+06 2.0060E+00 1.9850E+00 1.9300E+00 1.8410E+00 1.7310E+00 1.6120E+00 1.4920E+00 1.3920E+00 1.3170E+00 1.2900E+00
2.4060E+06 2.3850E+00 2.3640E+00 2.3020E+00 2.1940E+00 2.0600E+00 1.9060E+00 1.7480E+00 1.6150E+00 1.5150E+00 1.4760E+00
2.7280E+06 2.8310E+00 2.8050E+00 2.7340E+00 2.6140E+00 2.4650E+00 2.2820E+00 2.0890E+00 1.9220E+00 1.7930E+00 1.7420E+00
3.0920E+06 3.3070E+00 3.2850E+00 3.2110E+00 3.0910E+00 2.9280E+00 2.7290E+00 2.5180E+00 2.3120E+00 2.1560E+00 2.0970E+00
3.5060E+06 3.7990E+00 3.7770E+00 3.7050E+00 3.5860E+00 3.4210E+00 3.2160E+00 2.9890E+00 2.7680E+00 2.5950E+00 2.5290E+00
3.9740E+06 4.2990E+00 4.2720E+00 4.2040E+00 4.0870E+00 3.9250E+00 3.7230E+00 3.4980E+00 3.2680E+00 3.0860E+00 3.0120E+00
4.5050E+06 4.7910E+00 4.7680E+00 4.7010E+00 4.5900E+00 4.4310E+00 4.2390E+00 4.0140E+00 3.7890E+00 3.6070E+00 3.5350E+00
5.1070E+06 5.2810E+00 5.2570E+00 5.1920E+00 5.0820E+00 4.9310E+00 4.7470E+00 4.5320E+00 4.3190E+00 4.1410E+00 4.0700E+00
5.7900E+06 5.7720E+00 5.7540E+00 5.6970E+00 5.5760E+00 5.4320E+00 5.2530E+00 5.0520E+00 4.8460E+00 4.6820E+00 4.6120E+00
6.5630E+06 6.2890E+00 6.2700E+00 6.1960E+00 6.0880E+00 5.9440E+00 5.7750E+00 5.5660E+00 5.3770E+00 5.2260E+00 5.1580E+00
7.4410E+06 6.8270E+00 6.7990E+00 6.7320E+00 6.6280E+00 6.4770E+00 6.3000E+00 6.1080E+00 5.9230E+00 5.7700E+00 5.7150E+00
8.4350E+06 7.4040E+00 7.3760E+00 7.3050E+00 7.1950E+00 7.0460E+00 6.8680E+00 6.6750E+00 6.4940E+00 6.3450E+00 6.2940E+00
9.5620E+06 8.0330E+00 8.0020E+00 7.9300E+00 7.8100E+00 7.6600E+00 7.4750E+00 7.2800E+00 7.0990E+00 6.9600E+00 6.9160E+00
1.0840E+07 8.7250E+00 8.6920E+00 8.6170E+00 8.4870E+00 8.3250E+00 8.1450E+00 7.9380E+00 7.7610E+00 7.6240E+00 7.5730E+00
1.2290E+07 9.4870E+00 9.4660E+00 9.3760E+00 9.2450E+00 9.0790E+00 8.8800E+00 8.6800E+00 8.4890E+00 8.3580E+00 8.3020E+00
1.3930E+07 1.0350E+01 1.0330E+01 1.0230E+01 1.0100E+01 9.9210E+00 9.7090E+00 9.4940E+00 9.2990E+00 9.1720E+00 9.1200E+00
1.5790E+07 1.1330E+01 1.1300E+01 1.1210E+01 1.1060E+01 1.0860E+01 1.0650E+01 1.0430E+01 1.0230E+01 1.0090E+01 1.0040E+01
1.7900E+07 1.2420E+01 1.2420E+01 1.2310E+01 1.2150E+01 1.1930E+01 1.1700E+01 1.1480E+01 1.1280E+01 1.1130E+01 1.1070E+01
2.0300E+07 1.3700E+01 1.3670E+01 1.3550E+01 1.3380E+01 1.3170E+01 1.2920E+01 1.2690E+01 1.2450E+01 1.2310E+01 1.2250E+01
2.3010E+07 1.5130E+01 1.5100E+01 1.4960E+01 1.4810E+01 1.4560E+01 1.4300E+01 1.4050E+01 1.3810E+01 1.3670E+01 1.3610E+01
2.6080E+07 1.6770E+01 1.6750E+01 1.6640E+01 1.6410E+01 1.6170E+01 1.5880E+01 1.5610E+01 1.5360E+01 1.5200E+01 1.5160E+01
2.9570E+07 1.8690E+01 1.8650E+01 1.8500E+01 1.8290E+01 1.8010E+01 1.7710E+01 1.7430E+01 1.7130E+01 1.6970E+01 1.6950E+01
3.3520E+07 2.0900E+01 2.0830E+01 2.0680E+01 2.0430E+01 2.0160E+01 1.9820E+01 1.9480E+01 1.9220E+01 1.9060E+01 1.8950E+01
3.8000E+07 2.3410E+01 2.3370E+01 2.3220E+01 2.2930E+01 2.2630E+01 2.2250E+01 2.1900E+01 2.1620E+01 2.1410E+01 2.1370E+01
-----------------------

