E[V/m]_muB[m2/Vs]
N2
NUM_COLUMNS:  10
COL_VALUES:  0.0 10.0 20.0 30.0 40.0 50.0 60.0 70.0 80.0 90.0
COMMENT: generated by particle_swarm
-----------------------
5.0000E+05 6.1200E-02 6.1270E-02 6.1720E-02 6.2780E-02 6.3720E-02 6.5160E-02 6.7670E-02 6.9900E-02 7.1940E-02 7.3980E-02
6.0000E+05 5.8540E-02 5.9240E-02 5.9520E-02 6.0220E-02 6.1420E-02 6.2890E-02 6.4880E-02 6.6280E-02 6.8720E-02 7.1160E-02
7.0000E+05 5.6860E-02 5.7130E-02 5.7540E-02 5.8520E-02 5.9200E-02 6.1120E-02 6.2620E-02 6.4340E-02 6.5980E-02 6.7620E-02
8.0000E+05 5.5290E-02 5.5180E-02 5.5910E-02 5.6550E-02 5.7780E-02 5.9210E-02 6.1210E-02 6.3130E-02 6.4730E-02 6.6330E-02
9.0000E+05 5.3900E-02 5.4130E-02 5.4700E-02 5.5390E-02 5.6560E-02 5.8060E-02 5.9600E-02 6.1630E-02 6.3740E-02 6.5850E-02
1.0000E+06 5.2740E-02 5.2790E-02 5.3320E-02 5.4170E-02 5.5440E-02 5.6860E-02 5.8640E-02 6.0200E-02 6.2290E-02 6.4380E-02
1.1340E+06 5.1270E-02 5.1400E-02 5.1940E-02 5.2800E-02 5.3920E-02 5.5530E-02 5.7230E-02 5.9220E-02 6.0740E-02 6.2260E-02
1.2850E+06 4.9850E-02 5.0040E-02 5.0510E-02 5.1250E-02 5.2570E-02 5.4190E-02 5.5870E-02 5.7980E-02 5.9450E-02 6.0920E-02
1.4570E+06 4.8400E-02 4.8620E-02 4.9010E-02 4.9920E-02 5.1120E-02 5.2720E-02 5.4480E-02 5.6870E-02 5.7670E-02 5.8470E-02
1.6520E+06 4.7120E-02 4.7270E-02 4.7680E-02 4.8680E-02 4.9650E-02 5.1210E-02 5.3070E-02 5.5160E-02 5.6630E-02 5.8100E-02
1.8720E+06 4.5810E-02 4.5990E-02 4.6450E-02 4.7240E-02 4.8350E-02 4.9870E-02 5.1610E-02 5.3290E-02 5.5430E-02 5.7570E-02
2.1230E+06 4.4590E-02 4.4730E-02 4.5230E-02 4.5910E-02 4.6830E-02 4.8270E-02 4.9820E-02 5.1920E-02 5.3710E-02 5.5500E-02
2.4060E+06 4.3550E-02 4.3630E-02 4.4050E-02 4.4700E-02 4.5420E-02 4.6880E-02 4.8360E-02 5.0090E-02 5.1550E-02 5.3010E-02
2.7280E+06 4.2580E-02 4.2670E-02 4.2950E-02 4.3530E-02 4.4320E-02 4.5380E-02 4.6670E-02 4.8170E-02 4.9720E-02 5.1270E-02
3.0920E+06 4.1700E-02 4.1750E-02 4.2080E-02 4.2580E-02 4.3220E-02 4.4170E-02 4.5230E-02 4.6680E-02 4.7890E-02 4.9100E-02
3.5060E+06 4.0820E-02 4.0900E-02 4.1100E-02 4.1560E-02 4.2090E-02 4.2890E-02 4.3850E-02 4.4760E-02 4.6030E-02 4.7300E-02
3.9740E+06 4.0010E-02 4.0000E-02 4.0260E-02 4.0580E-02 4.1100E-02 4.1730E-02 4.2510E-02 4.3470E-02 4.4200E-02 4.4930E-02
4.5050E+06 3.9170E-02 3.9270E-02 3.9400E-02 3.9650E-02 4.0040E-02 4.0670E-02 4.1270E-02 4.2130E-02 4.2820E-02 4.3510E-02
5.1070E+06 3.8330E-02 3.8400E-02 3.8470E-02 3.8720E-02 3.9070E-02 3.9610E-02 4.0210E-02 4.0590E-02 4.1380E-02 4.2170E-02
5.7900E+06 3.7500E-02 3.7540E-02 3.7720E-02 3.7960E-02 3.8190E-02 3.8590E-02 3.8970E-02 3.9550E-02 3.9770E-02 3.9990E-02
6.5630E+06 3.6630E-02 3.6670E-02 3.6800E-02 3.6990E-02 3.7240E-02 3.7530E-02 3.8010E-02 3.8280E-02 3.8870E-02 3.9460E-02
7.4410E+06 3.5800E-02 3.5790E-02 3.5930E-02 3.6090E-02 3.6280E-02 3.6540E-02 3.6900E-02 3.7110E-02 3.7560E-02 3.8010E-02
8.4350E+06 3.4830E-02 3.4910E-02 3.4980E-02 3.5080E-02 3.5360E-02 3.5670E-02 3.5850E-02 3.6150E-02 3.6430E-02 3.6710E-02
9.5620E+06 3.3890E-02 3.3940E-02 3.4050E-02 3.4200E-02 3.4340E-02 3.4640E-02 3.4810E-02 3.4850E-02 3.5290E-02 3.5730E-02
1.0840E+07 3.2940E-02 3.2960E-02 3.3070E-02 3.3140E-02 3.3330E-02 3.3520E-02 3.3800E-02 3.4030E-02 3.4240E-02 3.4450E-02
1.2290E+07 3.1960E-02 3.1970E-02 3.2090E-02 3.2240E-02 3.2410E-02 3.2490E-02 3.2820E-02 3.2880E-02 3.3120E-02 3.3360E-02
1.3930E+07 3.0980E-02 3.1000E-02 3.1020E-02 3.1160E-02 3.1210E-02 3.1470E-02 3.1650E-02 3.1870E-02 3.1710E-02 3.1550E-02
1.5790E+07 2.9960E-02 2.9960E-02 3.0030E-02 3.0190E-02 3.0230E-02 3.0440E-02 3.0550E-02 3.0530E-02 3.0820E-02 3.1110E-02
1.7900E+07 2.8930E-02 2.8940E-02 2.9010E-02 2.9070E-02 2.9210E-02 2.9420E-02 2.9530E-02 2.9610E-02 2.9680E-02 2.9750E-02
2.0300E+07 2.7890E-02 2.7840E-02 2.7930E-02 2.8020E-02 2.8120E-02 2.8280E-02 2.8500E-02 2.8540E-02 2.8720E-02 2.8900E-02
2.3010E+07 2.6860E-02 2.6880E-02 2.6930E-02 2.6980E-02 2.7150E-02 2.7230E-02 2.7330E-02 2.7480E-02 2.7700E-02 2.7920E-02
2.6080E+07 2.5870E-02 2.5890E-02 2.5940E-02 2.5970E-02 2.6050E-02 2.6230E-02 2.6300E-02 2.6190E-02 2.6390E-02 2.6590E-02
2.9570E+07 2.4860E-02 2.4980E-02 2.4990E-02 2.5010E-02 2.5050E-02 2.5180E-02 2.5320E-02 2.5460E-02 2.5430E-02 2.5400E-02
3.3520E+07 2.3910E-02 2.4010E-02 2.3990E-02 2.4070E-02 2.4120E-02 2.4220E-02 2.4280E-02 2.4350E-02 2.4450E-02 2.4550E-02
3.8000E+07 2.3050E-02 2.3060E-02 2.3080E-02 2.3100E-02 2.3200E-02 2.3290E-02 2.3310E-02 2.3340E-02 2.3230E-02 2.3120E-02
-----------------------

E[V/m]_muxB[m2/Vs]
N2
NUM_COLUMNS:  10
COL_VALUES:  0.0 10.0 20.0 30.0 40.0 50.0 60.0 70.0 80.0 90.0
COMMENT: generated by particle_swarm
-----------------------
5.0000E+05 3.2610E-02 3.2610E-02 3.1140E-02 3.1750E-02 3.1610E-02 3.1640E-02 3.1740E-02 3.1700E-02 3.1690E-02 3.1540E-02
6.0000E+05 3.0090E-02 3.0090E-02 3.1240E-02 3.0880E-02 3.1090E-02 3.1370E-02 3.1620E-02 3.1440E-02 3.1550E-02 3.1540E-02
7.0000E+05 3.0280E-02 3.0280E-02 3.0730E-02 3.0820E-02 3.1140E-02 3.1280E-02 3.1190E-02 3.1240E-02 3.1270E-02 3.1400E-02
8.0000E+05 3.0590E-02 3.0590E-02 3.0880E-02 3.0790E-02 3.0670E-02 3.0810E-02 3.0890E-02 3.1090E-02 3.1100E-02 3.1050E-02
9.0000E+05 2.9400E-02 2.9400E-02 3.0730E-02 3.0170E-02 3.0330E-02 3.0490E-02 3.0600E-02 3.0810E-02 3.0800E-02 3.0840E-02
1.0000E+06 2.9640E-02 2.9640E-02 3.0140E-02 3.0050E-02 3.0090E-02 3.0310E-02 3.0500E-02 3.0660E-02 3.0610E-02 3.0570E-02
1.1340E+06 2.9460E-02 2.9460E-02 2.9450E-02 2.9700E-02 2.9960E-02 3.0010E-02 3.0150E-02 3.0290E-02 3.0370E-02 3.0390E-02
1.2850E+06 2.9210E-02 2.9210E-02 2.9210E-02 2.9400E-02 2.9460E-02 2.9710E-02 2.9850E-02 2.9930E-02 3.0100E-02 3.0080E-02
1.4570E+06 2.8790E-02 2.8790E-02 2.8940E-02 2.8970E-02 2.9280E-02 2.9470E-02 2.9560E-02 2.9650E-02 2.9700E-02 2.9780E-02
1.6520E+06 2.8670E-02 2.8670E-02 2.8630E-02 2.8810E-02 2.8930E-02 2.9100E-02 2.9310E-02 2.9380E-02 2.9430E-02 2.9440E-02
1.8720E+06 2.8700E-02 2.8700E-02 2.8440E-02 2.8560E-02 2.8680E-02 2.8830E-02 2.8990E-02 2.9170E-02 2.9240E-02 2.9230E-02
2.1230E+06 2.7860E-02 2.7860E-02 2.8310E-02 2.8260E-02 2.8550E-02 2.8700E-02 2.8880E-02 2.8870E-02 2.9030E-02 2.9000E-02
2.4060E+06 2.8050E-02 2.8050E-02 2.8310E-02 2.8340E-02 2.8430E-02 2.8570E-02 2.8730E-02 2.8780E-02 2.8830E-02 2.8870E-02
2.7280E+06 2.8190E-02 2.8190E-02 2.8150E-02 2.8220E-02 2.8450E-02 2.8580E-02 2.8640E-02 2.8760E-02 2.8800E-02 2.8760E-02
3.0920E+06 2.8280E-02 2.8280E-02 2.8210E-02 2.8300E-02 2.8420E-02 2.8470E-02 2.8670E-02 2.8640E-02 2.8660E-02 2.8710E-02
3.5060E+06 2.8130E-02 2.8130E-02 2.8320E-02 2.8340E-02 2.8330E-02 2.8450E-02 2.8560E-02 2.8650E-02 2.8710E-02 2.8660E-02
3.9740E+06 2.8220E-02 2.8220E-02 2.8190E-02 2.8350E-02 2.8330E-02 2.8410E-02 2.8510E-02 2.8580E-02 2.8610E-02 2.8650E-02
4.5050E+06 2.8260E-02 2.8260E-02 2.8230E-02 2.8320E-02 2.8240E-02 2.8370E-02 2.8430E-02 2.8480E-02 2.8560E-02 2.8550E-02
5.1070E+06 2.7960E-02 2.7960E-02 2.8040E-02 2.7960E-02 2.8180E-02 2.8330E-02 2.8370E-02 2.8380E-02 2.8410E-02 2.8420E-02
5.7900E+06 2.7830E-02 2.7830E-02 2.7830E-02 2.7990E-02 2.8030E-02 2.8140E-02 2.8230E-02 2.8240E-02 2.8270E-02 2.8300E-02
6.5630E+06 2.7580E-02 2.7580E-02 2.7760E-02 2.7860E-02 2.7820E-02 2.7900E-02 2.7950E-02 2.8070E-02 2.8090E-02 2.8040E-02
7.4410E+06 2.7730E-02 2.7730E-02 2.7490E-02 2.7580E-02 2.7560E-02 2.7700E-02 2.7740E-02 2.7800E-02 2.7840E-02 2.7850E-02
8.4350E+06 2.6980E-02 2.6980E-02 2.7200E-02 2.7280E-02 2.7220E-02 2.7350E-02 2.7410E-02 2.7500E-02 2.7520E-02 2.7570E-02
9.5620E+06 2.6940E-02 2.6940E-02 2.6870E-02 2.7030E-02 2.6940E-02 2.7010E-02 2.7060E-02 2.7090E-02 2.7160E-02 2.7180E-02
1.0840E+07 2.6390E-02 2.6390E-02 2.6580E-02 2.6430E-02 2.6520E-02 2.6540E-02 2.6690E-02 2.6730E-02 2.6800E-02 2.6800E-02
1.2290E+07 2.5980E-02 2.5980E-02 2.5890E-02 2.6020E-02 2.6160E-02 2.6120E-02 2.6240E-02 2.6330E-02 2.6340E-02 2.6370E-02
1.3930E+07 2.5360E-02 2.5360E-02 2.5700E-02 2.5530E-02 2.5630E-02 2.5730E-02 2.5750E-02 2.5820E-02 2.5850E-02 2.5830E-02
1.5790E+07 2.5110E-02 2.5110E-02 2.5040E-02 2.5110E-02 2.5080E-02 2.5170E-02 2.5290E-02 2.5310E-02 2.5330E-02 2.5340E-02
1.7900E+07 2.4380E-02 2.4380E-02 2.4520E-02 2.4420E-02 2.4580E-02 2.4640E-02 2.4700E-02 2.4720E-02 2.4820E-02 2.4830E-02
2.0300E+07 2.3660E-02 2.3660E-02 2.3960E-02 2.3930E-02 2.3950E-02 2.4060E-02 2.4120E-02 2.4160E-02 2.4180E-02 2.4190E-02
2.3010E+07 2.3370E-02 2.3370E-02 2.3250E-02 2.3260E-02 2.3370E-02 2.3410E-02 2.3460E-02 2.3540E-02 2.3560E-02 2.3620E-02
2.6080E+07 2.2550E-02 2.2550E-02 2.2610E-02 2.2660E-02 2.2760E-02 2.2830E-02 2.2790E-02 2.2880E-02 2.3000E-02 2.2990E-02
2.9570E+07 2.1820E-02 2.1820E-02 2.2010E-02 2.2030E-02 2.2050E-02 2.2180E-02 2.2200E-02 2.2300E-02 2.2290E-02 2.2310E-02
3.3520E+07 2.1410E-02 2.1410E-02 2.1370E-02 2.1420E-02 2.1440E-02 2.1470E-02 2.1560E-02 2.1640E-02 2.1640E-02 2.1700E-02
3.8000E+07 2.0810E-02 2.0810E-02 2.0660E-02 2.0760E-02 2.0810E-02 2.0900E-02 2.0890E-02 2.0930E-02 2.0970E-02 2.0970E-02
-----------------------

E[V/m]_muExB[m2/Vs]
N2
NUM_COLUMNS:  10
COL_VALUES:  0.0 10.0 20.0 30.0 40.0 50.0 60.0 70.0 80.0 90.0
COMMENT: generated by particle_swarm
-----------------------
5.0000E+05 2.9810E-02 2.9810E-02 2.9520E-02 2.9930E-02 3.0360E-02 3.1320E-02 3.1890E-02 3.3100E-02 3.3840E-02 3.4060E-02
6.0000E+05 2.7790E-02 2.7790E-02 2.7740E-02 2.8310E-02 2.9270E-02 2.9830E-02 3.0850E-02 3.1450E-02 3.2200E-02 3.2700E-02
7.0000E+05 2.7180E-02 2.7180E-02 2.6770E-02 2.7020E-02 2.7730E-02 2.8710E-02 2.9520E-02 3.0530E-02 3.1260E-02 3.1610E-02
8.0000E+05 2.4650E-02 2.4650E-02 2.6240E-02 2.6410E-02 2.6820E-02 2.7930E-02 2.8710E-02 2.9610E-02 3.0330E-02 3.0760E-02
9.0000E+05 2.4780E-02 2.4780E-02 2.4500E-02 2.5420E-02 2.6110E-02 2.7010E-02 2.7850E-02 2.8770E-02 2.9810E-02 2.9920E-02
1.0000E+06 2.3760E-02 2.3760E-02 2.4390E-02 2.4630E-02 2.5510E-02 2.6360E-02 2.7230E-02 2.8200E-02 2.8990E-02 2.9370E-02
1.1340E+06 2.3180E-02 2.3180E-02 2.3200E-02 2.3780E-02 2.4610E-02 2.5450E-02 2.6400E-02 2.7410E-02 2.8280E-02 2.8600E-02
1.2850E+06 2.2090E-02 2.2090E-02 2.2420E-02 2.2970E-02 2.3790E-02 2.4700E-02 2.5680E-02 2.6670E-02 2.7520E-02 2.7920E-02
1.4570E+06 2.1190E-02 2.1190E-02 2.1720E-02 2.2160E-02 2.3080E-02 2.3860E-02 2.4800E-02 2.5930E-02 2.6780E-02 2.7080E-02
1.6520E+06 2.0440E-02 2.0440E-02 2.1200E-02 2.1420E-02 2.2070E-02 2.3050E-02 2.4010E-02 2.5110E-02 2.6010E-02 2.6290E-02
1.8720E+06 2.0330E-02 2.0330E-02 2.0370E-02 2.0740E-02 2.1380E-02 2.2140E-02 2.3140E-02 2.4260E-02 2.5100E-02 2.5500E-02
2.1230E+06 1.9530E-02 1.9530E-02 1.9850E-02 2.0100E-02 2.0860E-02 2.1460E-02 2.2440E-02 2.3350E-02 2.4270E-02 2.4640E-02
2.4060E+06 1.9010E-02 1.9010E-02 1.9120E-02 1.9540E-02 2.0070E-02 2.0750E-02 2.1580E-02 2.2590E-02 2.3370E-02 2.3720E-02
2.7280E+06 1.8580E-02 1.8580E-02 1.8590E-02 1.8990E-02 1.9530E-02 2.0190E-02 2.0890E-02 2.1720E-02 2.2350E-02 2.2800E-02
3.0920E+06 1.8340E-02 1.8340E-02 1.8580E-02 1.8530E-02 1.8910E-02 1.9430E-02 2.0130E-02 2.0890E-02 2.1570E-02 2.1790E-02
3.5060E+06 1.7910E-02 1.7910E-02 1.7990E-02 1.8220E-02 1.8500E-02 1.8990E-02 1.9460E-02 2.0110E-02 2.0630E-02 2.0860E-02
3.9740E+06 1.7510E-02 1.7510E-02 1.7570E-02 1.7690E-02 1.8050E-02 1.8400E-02 1.8810E-02 1.9370E-02 1.9800E-02 1.9940E-02
4.5050E+06 1.6860E-02 1.6860E-02 1.7250E-02 1.7290E-02 1.7530E-02 1.7800E-02 1.8220E-02 1.8610E-02 1.8990E-02 1.9150E-02
5.1070E+06 1.6510E-02 1.6510E-02 1.6780E-02 1.6990E-02 1.7100E-02 1.7230E-02 1.7540E-02 1.7960E-02 1.8180E-02 1.8340E-02
5.7900E+06 1.6130E-02 1.6130E-02 1.6470E-02 1.6390E-02 1.6540E-02 1.6670E-02 1.6940E-02 1.7190E-02 1.7460E-02 1.7620E-02
6.5630E+06 1.5840E-02 1.5840E-02 1.5920E-02 1.5790E-02 1.5940E-02 1.6100E-02 1.6270E-02 1.6550E-02 1.6740E-02 1.6820E-02
7.4410E+06 1.4860E-02 1.4860E-02 1.5040E-02 1.5190E-02 1.5290E-02 1.5460E-02 1.5640E-02 1.5880E-02 1.6000E-02 1.6070E-02
8.4350E+06 1.4810E-02 1.4810E-02 1.4420E-02 1.4550E-02 1.4780E-02 1.4910E-02 1.4960E-02 1.5150E-02 1.5290E-02 1.5310E-02
9.5620E+06 1.3600E-02 1.3600E-02 1.3750E-02 1.3920E-02 1.4040E-02 1.4190E-02 1.4370E-02 1.4450E-02 1.4630E-02 1.4640E-02
1.0840E+07 1.2910E-02 1.2910E-02 1.3130E-02 1.3290E-02 1.3360E-02 1.3590E-02 1.3690E-02 1.3750E-02 1.3850E-02 1.3940E-02
1.2290E+07 1.2610E-02 1.2610E-02 1.2630E-02 1.2740E-02 1.2740E-02 1.2880E-02 1.3030E-02 1.3070E-02 1.3180E-02 1.3200E-02
1.3930E+07 1.1880E-02 1.1880E-02 1.1930E-02 1.1950E-02 1.2080E-02 1.2190E-02 1.2290E-02 1.2410E-02 1.2400E-02 1.2440E-02
1.5790E+07 1.1230E-02 1.1230E-02 1.1220E-02 1.1180E-02 1.1410E-02 1.1470E-02 1.1600E-02 1.1740E-02 1.1760E-02 1.1740E-02
1.7900E+07 1.0720E-02 1.0720E-02 1.0640E-02 1.0640E-02 1.0780E-02 1.0800E-02 1.0950E-02 1.1030E-02 1.1060E-02 1.1080E-02
2.0300E+07 9.9100E-03 9.9100E-03 9.9020E-03 1.0000E-02 9.9950E-03 1.0170E-02 1.0240E-02 1.0350E-02 1.0370E-02 1.0380E-02
2.3010E+07 9.1540E-03 9.1540E-03 9.3010E-03 9.3010E-03 9.4650E-03 9.5230E-03 9.5770E-03 9.6450E-03 9.7000E-03 9.6600E-03
2.6080E+07 8.9170E-03 8.9170E-03 8.7980E-03 8.7030E-03 8.8980E-03 8.8660E-03 8.9650E-03 9.0160E-03 9.0470E-03 9.0610E-03
2.9570E+07 8.0810E-03 8.0810E-03 8.1470E-03 8.1570E-03 8.2520E-03 8.2460E-03 8.3430E-03 8.4080E-03 8.3860E-03 8.4110E-03
3.3520E+07 7.6210E-03 7.6210E-03 7.5730E-03 7.5670E-03 7.6630E-03 7.6440E-03 7.7900E-03 7.8200E-03 7.8480E-03 7.8400E-03
3.8000E+07 6.9880E-03 6.9880E-03 6.9710E-03 7.0680E-03 7.1620E-03 7.1310E-03 7.1910E-03 7.2530E-03 7.2420E-03 7.2350E-03
-----------------------

E[V/m]_alpha[1/m]
N2
NUM_COLUMNS:  10
COL_VALUES:  0.0 10.0 20.0 30.0 40.0 50.0 60.0 70.0 80.0 90.0
COMMENT: generated by particle_swarm
-----------------------
5.0000E+05 0.0000E+00 0.0000E+00 0.0000E+00 0.0000E+00 0.0000E+00 0.0000E+00 0.0000E+00 0.0000E+00 0.0000E+00 0.0000E+00
6.0000E+05 0.0000E+00 0.0000E+00 0.0000E+00 0.0000E+00 0.0000E+00 0.0000E+00 0.0000E+00 0.0000E+00 0.0000E+00 0.0000E+00
7.0000E+05 0.0000E+00 0.0000E+00 0.0000E+00 0.0000E+00 0.0000E+00 0.0000E+00 0.0000E+00 0.0000E+00 0.0000E+00 0.0000E+00
8.0000E+05 0.0000E+00 0.0000E+00 0.0000E+00 0.0000E+00 0.0000E+00 0.0000E+00 0.0000E+00 0.0000E+00 0.0000E+00 0.0000E+00
9.0000E+05 0.0000E+00 0.0000E+00 0.0000E+00 0.0000E+00 0.0000E+00 0.0000E+00 0.0000E+00 0.0000E+00 0.0000E+00 0.0000E+00
1.0000E+06 0.0000E+00 1.3950E-04 0.0000E+00 0.0000E+00 0.0000E+00 0.0000E+00 0.0000E+00 0.0000E+00 0.0000E+00 0.0000E+00
1.1340E+06 5.5390E-02 0.0000E+00 2.9400E-03 0.0000E+00 0.0000E+00 0.0000E+00 0.0000E+00 0.0000E+00 0.0000E+00 0.0000E+00
1.2850E+06 2.4390E-01 7.9080E-02 5.8600E-02 1.3300E-01 8.2830E-02 3.5710E-03 1.2170E-02 5.6350E-03 8.0200E-03 0.0000E+00
1.4570E+06 8.4510E-01 1.1020E+00 4.4280E-01 1.2790E-01 1.6250E-01 2.1540E-01 1.9990E-01 6.4510E-02 1.2070E-01 1.1800E-01
1.6520E+06 3.6720E+00 3.5510E+00 3.6070E+00 2.4860E+00 1.8450E+00 1.2510E+00 7.7710E-01 4.1980E-01 2.4430E-01 5.1350E-01
1.8720E+06 1.5220E+01 1.1870E+01 1.2390E+01 9.7880E+00 8.1150E+00 4.6250E+00 2.8030E+00 4.1980E+00 2.2290E+00 1.6680E+00
2.1230E+06 5.3790E+01 5.5100E+01 4.8650E+01 4.0660E+01 2.7030E+01 1.9910E+01 1.7450E+01 1.1300E+01 1.1390E+01 1.0110E+01
2.4060E+06 1.7680E+02 1.4870E+02 1.3640E+02 1.1930E+02 8.8220E+01 7.6320E+01 6.0470E+01 4.5720E+01 4.1480E+01 3.5560E+01
2.7280E+06 4.1020E+02 4.0260E+02 3.6950E+02 3.1090E+02 2.5120E+02 2.0230E+02 1.6210E+02 1.3600E+02 1.1860E+02 1.1810E+02
3.0920E+06 9.1500E+02 9.1050E+02 8.3020E+02 7.4780E+02 6.3030E+02 5.2580E+02 4.4430E+02 3.5380E+02 3.2160E+02 3.1450E+02
3.5060E+06 1.8900E+03 1.8630E+03 1.7460E+03 1.5600E+03 1.3590E+03 1.1680E+03 1.0030E+03 8.7150E+02 7.8250E+02 7.5750E+02
3.9740E+06 3.5830E+03 3.4760E+03 3.3110E+03 3.0550E+03 2.6960E+03 2.3600E+03 2.0410E+03 1.8180E+03 1.6690E+03 1.6110E+03
4.5050E+06 6.2960E+03 6.2180E+03 5.9340E+03 5.4870E+03 4.9250E+03 4.3820E+03 3.9200E+03 3.4970E+03 3.2780E+03 3.1800E+03
5.1070E+06 1.0500E+04 1.0370E+04 9.9730E+03 9.3010E+03 8.4310E+03 7.6380E+03 6.8820E+03 6.2620E+03 5.9000E+03 5.7810E+03
5.7900E+06 1.6620E+04 1.6440E+04 1.5930E+04 1.4850E+04 1.3850E+04 1.2640E+04 1.1460E+04 1.0680E+04 9.9530E+03 9.7710E+03
6.5630E+06 2.5220E+04 2.5180E+04 2.4150E+04 2.3010E+04 2.1310E+04 1.9730E+04 1.8140E+04 1.6980E+04 1.6190E+04 1.5900E+04
7.4410E+06 3.6860E+04 3.6380E+04 3.5470E+04 3.3980E+04 3.2010E+04 2.9840E+04 2.7600E+04 2.6060E+04 2.5020E+04 2.4600E+04
8.4350E+06 5.2220E+04 5.1930E+04 5.0460E+04 4.8540E+04 4.5940E+04 4.2830E+04 4.0710E+04 3.8370E+04 3.7020E+04 3.6700E+04
9.5620E+06 7.1710E+04 7.1380E+04 6.9830E+04 6.7350E+04 6.4090E+04 6.0590E+04 5.7570E+04 5.4910E+04 5.3030E+04 5.2610E+04
1.0840E+07 9.6370E+04 9.5850E+04 9.3790E+04 9.1140E+04 8.7140E+04 8.2790E+04 7.8880E+04 7.5980E+04 7.4240E+04 7.3110E+04
1.2290E+07 1.2590E+05 1.2550E+05 1.2330E+05 1.1990E+05 1.1530E+05 1.1070E+05 1.0590E+05 1.0220E+05 9.9920E+04 9.8630E+04
1.3930E+07 1.6180E+05 1.6040E+05 1.5780E+05 1.5420E+05 1.4970E+05 1.4430E+05 1.3930E+05 1.3450E+05 1.3200E+05 1.3120E+05
1.5790E+07 2.0280E+05 2.0190E+05 1.9920E+05 1.9530E+05 1.8950E+05 1.8350E+05 1.7830E+05 1.7330E+05 1.7070E+05 1.6920E+05
1.7900E+07 2.4970E+05 2.4890E+05 2.4600E+05 2.4140E+05 2.3670E+05 2.3030E+05 2.2300E+05 2.1830E+05 2.1550E+05 2.1360E+05
2.0300E+07 3.0290E+05 3.0200E+05 2.9890E+05 2.9460E+05 2.8830E+05 2.8100E+05 2.7540E+05 2.6960E+05 2.6610E+05 2.6560E+05
2.3010E+07 3.6070E+05 3.6100E+05 3.5640E+05 3.5280E+05 3.4730E+05 3.3940E+05 3.3320E+05 3.2700E+05 3.2330E+05 3.2300E+05
2.6080E+07 4.2540E+05 4.2390E+05 4.2060E+05 4.1560E+05 4.0850E+05 4.0280E+05 3.9640E+05 3.9070E+05 3.8700E+05 3.8580E+05
2.9570E+07 4.9190E+05 4.9080E+05 4.8800E+05 4.8350E+05 4.7770E+05 4.7120E+05 4.6540E+05 4.5910E+05 4.5500E+05 4.5460E+05
3.3520E+07 5.6370E+05 5.6080E+05 5.5950E+05 5.5480E+05 5.4950E+05 5.4210E+05 5.3580E+05 5.3080E+05 5.2730E+05 5.2650E+05
3.8000E+07 6.3460E+05 6.3450E+05 6.3090E+05 6.2750E+05 6.2190E+05 6.1650E+05 6.1040E+05 6.0470E+05 6.0190E+05 6.0230E+05
-----------------------

E[V/m]_eta[1/m]
N2
NUM_COLUMNS:  10
COL_VALUES:  0.0 10.0 20.0 30.0 40.0 50.0 60.0 70.0 80.0 90.0
COMMENT: generated by particle_swarm
-----------------------
5.0000E+05 0.0000E+00 0.0000E+00 0.0000E+00 0.0000E+00 0.0000E+00 0.0000E+00 0.0000E+00 0.0000E+00 0.0000E+00 0.0000E+00
6.0000E+05 0.0000E+00 0.0000E+00 0.0000E+00 0.0000E+00 0.0000E+00 0.0000E+00 0.0000E+00 0.0000E+00 0.0000E+00 0.0000E+00
7.0000E+05 0.0000E+00 0.0000E+00 0.0000E+00 0.0000E+00 0.0000E+00 0.0000E+00 0.0000E+00 0.0000E+00 0.0000E+00 0.0000E+00
8.0000E+05 0.0000E+00 0.0000E+00 0.0000E+00 0.0000E+00 0.0000E+00 0.0000E+00 0.0000E+00 0.0000E+00 0.0000E+00 0.0000E+00
9.0000E+05 0.0000E+00 0.0000E+00 0.0000E+00 0.0000E+00 0.0000E+00 0.0000E+00 0.0000E+00 0.0000E+00 0.0000E+00 0.0000E+00
1.0000E+06 0.0000E+00 0.0000E+00 0.0000E+00 0.0000E+00 0.0000E+00 0.0000E+00 0.0000E+00 0.0000E+00 0.0000E+00 0.0000E+00
1.1340E+06 0.0000E+00 0.0000E+00 0.0000E+00 0.0000E+00 0.0000E+00 0.0000E+00 0.0000E+00 0.0000E+00 0.0000E+00 0.0000E+00
1.2850E+06 0.0000E+00 0.0000E+00 0.0000E+00 0.0000E+00 0.0000E+00 0.0000E+00 0.0000E+00 0.0000E+00 0.0000E+00 0.0000E+00
1.4570E+06 0.0000E+00 0.0000E+00 0.0000E+00 0.0000E+00 0.0000E+00 0.0000E+00 0.0000E+00 0.0000E+00 0.0000E+00 0.0000E+00
1.6520E+06 0.0000E+00 0.0000E+00 0.0000E+00 0.0000E+00 0.0000E+00 0.0000E+00 0.0000E+00 0.0000E+00 0.0000E+00 0.0000E+00
1.8720E+06 0.0000E+00 0.0000E+00 0.0000E+00 0.0000E+00 0.0000E+00 0.0000E+00 0.0000E+00 0.0000E+00 0.0000E+00 0.0000E+00
2.1230E+06 0.0000E+00 0.0000E+00 0.0000E+00 0.0000E+00 0.0000E+00 0.0000E+00 0.0000E+00 0.0000E+00 0.0000E+00 0.0000E+00
2.4060E+06 0.0000E+00 0.0000E+00 0.0000E+00 0.0000E+00 0.0000E+00 0.0000E+00 0.0000E+00 0.0000E+00 0.0000E+00 0.0000E+00
2.7280E+06 0.0000E+00 0.0000E+00 0.0000E+00 0.0000E+00 0.0000E+00 0.0000E+00 0.0000E+00 0.0000E+00 0.0000E+00 0.0000E+00
3.0920E+06 0.0000E+00 0.0000E+00 0.0000E+00 0.0000E+00 0.0000E+00 0.0000E+00 0.0000E+00 0.0000E+00 0.0000E+00 0.0000E+00
3.5060E+06 0.0000E+00 0.0000E+00 0.0000E+00 0.0000E+00 0.0000E+00 0.0000E+00 0.0000E+00 0.0000E+00 0.0000E+00 0.0000E+00
3.9740E+06 0.0000E+00 0.0000E+00 0.0000E+00 0.0000E+00 0.0000E+00 0.0000E+00 0.0000E+00 0.0000E+00 0.0000E+00 0.0000E+00
4.5050E+06 0.0000E+00 0.0000E+00 0.0000E+00 0.0000E+00 0.0000E+00 0.0000E+00 0.0000E+00 0.0000E+00 0.0000E+00 0.0000E+00
5.1070E+06 0.0000E+00 0.0000E+00 0.0000E+00 0.0000E+00 0.0000E+00 0.0000E+00 0.0000E+00 0.0000E+00 0.0000E+00 0.0000E+00
5.7900E+06 0.0000E+00 0.0000E+00 0.0000E+00 0.0000E+00 0.0000E+00 0.0000E+00 0.0000E+00 0.0000E+00 0.0000E+00 0.0000E+00
6.5630E+06 0.0000E+00 0.0000E+00 0.0000E+00 0.0000E+00 0.0000E+00 0.0000E+00 0.0000E+00 0.0000E+00 0.0000E+00 0.0000E+00
7.4410E+06 0.0000E+00 0.0000E+00 0.0000E+00 0.0000E+00 0.0000E+00 0.0000E+00 0.0000E+00 0.0000E+00 0.0000E+00 0.0000E+00
8.4350E+06 0.0000E+00 0.0000E+00 0.0000E+00 0.0000E+00 0.0000E+00 0.0000E+00 0.0000E+00 0.0000E+00 0.0000E+00 0.0000E+00
9.5620E+06 0.0000E+00 0.0000E+00 0.0000E+00 0.0000E+00 0.0000E+00 0.0000E+00 0.0000E+00 0.0000E+00 0.0000E+00 0.0000E+00
1.0840E+07 0.0000E+00 0.0000E+00 0.0000E+00 0.0000E+00 0.0000E+00 0.0000E+00 0.0000E+00 0.0000E+00 0.0000E+00 0.0000E+00
1.2290E+07 0.0000E+00 0.0000E+00 0.0000E+00 0.0000E+00 0.0000E+00 0.0000E+00 0.0000E+00 0.0000E+00 0.0000E+00 0.0000E+00
1.3930E+07 0.0000E+00 0.0000E+00 0.0000E+00 0.0000E+00 0.0000E+00 0.0000E+00 0.0000E+00 0.0000E+00 0.0000E+00 0.0000E+00
1.5790E+07 0.0000E+00 0.0000E+00 0.0000E+00 0.0000E+00 0.0000E+00 0.0000E+00 0.0000E+00 0.0000E+00 0.0000E+00 0.0000E+00
1.7900E+07 0.0000E+00 0.0000E+00 0.0000E+00 0.0000E+00 0.0000E+00 0.0000E+00 0.0000E+00 0.0000E+00 0.0000E+00 0.0000E+00
2.0300E+07 0.0000E+00 0.0000E+00 0.0000E+00 0.0000E+00 0.0000E+00 0.0000E+00 0.0000E+00 0.0000E+00 0.0000E+00 0.0000E+00
2.3010E+07 0.0000E+00 0.0000E+00 0.0000E+00 0.0000E+00 0.0000E+00 0.0000E+00 0.0000E+00 0.0000E+00 0.0000E+00 0.0000E+00
2.6080E+07 0.0000E+00 0.0000E+00 0.0000E+00 0.0000E+00 0.0000E+00 0.0000E+00 0.0000E+00 0.0000E+00 0.0000E+00 0.0000E+00
2.9570E+07 0.0000E+00 0.0000E+00 0.0000E+00 0.0000E+00 0.0000E+00 0.0000E+00 0.0000E+00 0.0000E+00 0.0000E+00 0.0000E+00
3.3520E+07 0.0000E+00 0.0000E+00 0.0000E+00 0.0000E+00 0.0000E+00 0.0000E+00 0.0000E+00 0.0000E+00 0.0000E+00 0.0000E+00
3.8000E+07 0.0000E+00 0.0000E+00 0.0000E+00 0.0000E+00 0.0000E+00 0.0000E+00 0.0000E+00 0.0000E+00 0.0000E+00 0.0000E+00
-----------------------

E[V/m]_diff_xB[m2/s]
N2
NUM_COLUMNS:  10
COL_VALUES:  0.0 10.0 20.0 30.0 40.0 50.0 60.0 70.0 80.0 90.0
COMMENT: generated by particle_swarm
-----------------------
5.0000E+05 2.0610E-02 2.0980E-02 2.0880E-02 2.1150E-02 2.1200E-02 2.1600E-02 2.2260E-02 2.3110E-02 2.4110E-02 2.4630E-02
6.0000E+05 2.1060E-02 2.1360E-02 2.1380E-02 2.1460E-02 2.1900E-02 2.2330E-02 2.2990E-02 2.4080E-02 2.5180E-02 2.5990E-02
7.0000E+05 2.1620E-02 2.1430E-02 2.1700E-02 2.1930E-02 2.2220E-02 2.2320E-02 2.3560E-02 2.4720E-02 2.6180E-02 2.6820E-02
8.0000E+05 2.1970E-02 2.1870E-02 2.2090E-02 2.2280E-02 2.2690E-02 2.3120E-02 2.4130E-02 2.5520E-02 2.6740E-02 2.7580E-02
9.0000E+05 2.2010E-02 2.2270E-02 2.2400E-02 2.2710E-02 2.2860E-02 2.3700E-02 2.4620E-02 2.5830E-02 2.7360E-02 2.8250E-02
1.0000E+06 2.2740E-02 2.2710E-02 2.2900E-02 2.3110E-02 2.3540E-02 2.4120E-02 2.4990E-02 2.6480E-02 2.8030E-02 2.8830E-02
1.1340E+06 2.3440E-02 2.3360E-02 2.3520E-02 2.3830E-02 2.4090E-02 2.4680E-02 2.5680E-02 2.7100E-02 2.8700E-02 2.9540E-02
1.2850E+06 2.4590E-02 2.4640E-02 2.4560E-02 2.4920E-02 2.4960E-02 2.5670E-02 2.6460E-02 2.7960E-02 2.9550E-02 3.0480E-02
1.4570E+06 2.6410E-02 2.6680E-02 2.6500E-02 2.6460E-02 2.6540E-02 2.6960E-02 2.7920E-02 2.9310E-02 3.0890E-02 3.1770E-02
1.6520E+06 2.9680E-02 2.9580E-02 2.9390E-02 2.9190E-02 2.9020E-02 2.9170E-02 2.9770E-02 3.0940E-02 3.2760E-02 3.3670E-02
1.8720E+06 3.4140E-02 3.4000E-02 3.3860E-02 3.2990E-02 3.2850E-02 3.2720E-02 3.2840E-02 3.3960E-02 3.5330E-02 3.6190E-02
2.1230E+06 4.0420E-02 4.0030E-02 3.9630E-02 3.8870E-02 3.8300E-02 3.7500E-02 3.7240E-02 3.7720E-02 3.9350E-02 4.0120E-02
2.4060E+06 4.7500E-02 4.7250E-02 4.6760E-02 4.6150E-02 4.4880E-02 4.3580E-02 4.3310E-02 4.3620E-02 4.4530E-02 4.5250E-02
2.7280E+06 5.5900E-02 5.5730E-02 5.5180E-02 5.4220E-02 5.2800E-02 5.1660E-02 5.0790E-02 5.0710E-02 5.1430E-02 5.2180E-02
3.0920E+06 6.5080E-02 6.5110E-02 6.4340E-02 6.3350E-02 6.1660E-02 6.0510E-02 5.9260E-02 5.8700E-02 5.9410E-02 6.0150E-02
3.5060E+06 7.4300E-02 7.4190E-02 7.3460E-02 7.2530E-02 7.1250E-02 6.9870E-02 6.8530E-02 6.8280E-02 6.8510E-02 6.8810E-02
3.9740E+06 8.3460E-02 8.2970E-02 8.2590E-02 8.1540E-02 8.0820E-02 7.9250E-02 7.8040E-02 7.7380E-02 7.7800E-02 7.8000E-02
4.5050E+06 9.1820E-02 9.1440E-02 9.1090E-02 9.0120E-02 8.9160E-02 8.8560E-02 8.7420E-02 8.6830E-02 8.6840E-02 8.7080E-02
5.1070E+06 1.0020E-01 1.0000E-01 9.9560E-02 9.8960E-02 9.8130E-02 9.7700E-02 9.6520E-02 9.5770E-02 9.5680E-02 9.6240E-02
5.7900E+06 1.0800E-01 1.0780E-01 1.0720E-01 1.0700E-01 1.0620E-01 1.0540E-01 1.0500E-01 1.0480E-01 1.0540E-01 1.0540E-01
6.5630E+06 1.1510E-01 1.1510E-01 1.1490E-01 1.1480E-01 1.1420E-01 1.1420E-01 1.1370E-01 1.1390E-01 1.1350E-01 1.1410E-01
7.4410E+06 1.2280E-01 1.2300E-01 1.2260E-01 1.2240E-01 1.2230E-01 1.2210E-01 1.2230E-01 1.2170E-01 1.2190E-01 1.2310E-01
8.4350E+06 1.3080E-01 1.3040E-01 1.3000E-01 1.3100E-01 1.3080E-01 1.3040E-01 1.3110E-01 1.3080E-01 1.3150E-01 1.3070E-01
9.5620E+06 1.3810E-01 1.3780E-01 1.3840E-01 1.3790E-01 1.3950E-01 1.3880E-01 1.3990E-01 1.3990E-01 1.3970E-01 1.3970E-01
1.0840E+07 1.4680E-01 1.4680E-01 1.4690E-01 1.4760E-01 1.4710E-01 1.4730E-01 1.4930E-01 1.4910E-01 1.4900E-01 1.4970E-01
1.2290E+07 1.5440E-01 1.5420E-01 1.5490E-01 1.5590E-01 1.5630E-01 1.5670E-01 1.5790E-01 1.5910E-01 1.5980E-01 1.5980E-01
1.3930E+07 1.6460E-01 1.6450E-01 1.6410E-01 1.6480E-01 1.6540E-01 1.6650E-01 1.6900E-01 1.6930E-01 1.7140E-01 1.7070E-01
1.5790E+07 1.7310E-01 1.7470E-01 1.7490E-01 1.7660E-01 1.7580E-01 1.7860E-01 1.7880E-01 1.8100E-01 1.8250E-01 1.8260E-01
1.7900E+07 1.8480E-01 1.8550E-01 1.8420E-01 1.8610E-01 1.8810E-01 1.8980E-01 1.9050E-01 1.9230E-01 1.9430E-01 1.9440E-01
2.0300E+07 1.9560E-01 1.9670E-01 1.9620E-01 1.9800E-01 1.9860E-01 2.0090E-01 2.0340E-01 2.0560E-01 2.0760E-01 2.0740E-01
2.3010E+07 2.0820E-01 2.0830E-01 2.0820E-01 2.1050E-01 2.1230E-01 2.1440E-01 2.1810E-01 2.1880E-01 2.1980E-01 2.2330E-01
2.6080E+07 2.2130E-01 2.2140E-01 2.2310E-01 2.2460E-01 2.2500E-01 2.2790E-01 2.3050E-01 2.3200E-01 2.3470E-01 2.3580E-01
2.9570E+07 2.3720E-01 2.3720E-01 2.3620E-01 2.4020E-01 2.4190E-01 2.4420E-01 2.4740E-01 2.5000E-01 2.5100E-01 2.5170E-01
3.3520E+07 2.5100E-01 2.5270E-01 2.5400E-01 2.5480E-01 2.6070E-01 2.6130E-01 2.6440E-01 2.6650E-01 2.6810E-01 2.6840E-01
3.8000E+07 2.7240E-01 2.7090E-01 2.7330E-01 2.7360E-01 2.7810E-01 2.8030E-01 2.8620E-01 2.8700E-01 2.8830E-01 2.8970E-01
-----------------------

E[V/m]_diff_B[m2/s]
N2
NUM_COLUMNS:  10
COL_VALUES:  0.0 10.0 20.0 30.0 40.0 50.0 60.0 70.0 80.0 90.0
COMMENT: generated by particle_swarm
-----------------------
5.0000E+05 2.6630E-02 2.6890E-02 2.8120E-02 3.0020E-02 3.3600E-02 3.8030E-02 4.5410E-02 5.4910E-02 6.5310E-02 7.1930E-02
6.0000E+05 2.6170E-02 2.6530E-02 2.7740E-02 2.9710E-02 3.2950E-02 3.7560E-02 4.4740E-02 5.4350E-02 6.5620E-02 7.2500E-02
7.0000E+05 2.5400E-02 2.5890E-02 2.6960E-02 2.9310E-02 3.2390E-02 3.7480E-02 4.4640E-02 5.4190E-02 6.5630E-02 7.1950E-02
8.0000E+05 2.4940E-02 2.5310E-02 2.6480E-02 2.8860E-02 3.2230E-02 3.7150E-02 4.4190E-02 5.3960E-02 6.5180E-02 7.1920E-02
9.0000E+05 2.4960E-02 2.5190E-02 2.6650E-02 2.8720E-02 3.2200E-02 3.7000E-02 4.4030E-02 5.3350E-02 6.4800E-02 7.1730E-02
1.0000E+06 2.4890E-02 2.5230E-02 2.6450E-02 2.8690E-02 3.1950E-02 3.6810E-02 4.3850E-02 5.3420E-02 6.4370E-02 7.0930E-02
1.1340E+06 2.5270E-02 2.5400E-02 2.6770E-02 2.8820E-02 3.2050E-02 3.6620E-02 4.3510E-02 5.2760E-02 6.3990E-02 7.0290E-02
1.2850E+06 2.6270E-02 2.6660E-02 2.7680E-02 2.9480E-02 3.2590E-02 3.6960E-02 4.3770E-02 5.2780E-02 6.3550E-02 7.0060E-02
1.4570E+06 2.8440E-02 2.8640E-02 2.9590E-02 3.1050E-02 3.3940E-02 3.7970E-02 4.4120E-02 5.3150E-02 6.3530E-02 6.9850E-02
1.6520E+06 3.2430E-02 3.2540E-02 3.2940E-02 3.4530E-02 3.6540E-02 4.0030E-02 4.5880E-02 5.3920E-02 6.3980E-02 7.0090E-02
1.8720E+06 3.8100E-02 3.8380E-02 3.8660E-02 3.9700E-02 4.1050E-02 4.4040E-02 4.8390E-02 5.6010E-02 6.5510E-02 7.0810E-02
2.1230E+06 4.6270E-02 4.6230E-02 4.6280E-02 4.6800E-02 4.7360E-02 4.9500E-02 5.3430E-02 5.9300E-02 6.7870E-02 7.3160E-02
2.4060E+06 5.5840E-02 5.5870E-02 5.5930E-02 5.6290E-02 5.6290E-02 5.7450E-02 6.0130E-02 6.5160E-02 7.2180E-02 7.6760E-02
2.7280E+06 6.6560E-02 6.6660E-02 6.6620E-02 6.6460E-02 6.6360E-02 6.7440E-02 6.8850E-02 7.2650E-02 7.8820E-02 8.2790E-02
3.0920E+06 7.7360E-02 7.7510E-02 7.7900E-02 7.7820E-02 7.7420E-02 7.7890E-02 7.9780E-02 8.1930E-02 8.6830E-02 9.0240E-02
3.5060E+06 8.8120E-02 8.8300E-02 8.8430E-02 8.8530E-02 8.8750E-02 8.9130E-02 9.0150E-02 9.2360E-02 9.6280E-02 9.8900E-02
3.9740E+06 9.8020E-02 9.8010E-02 9.8510E-02 9.8790E-02 9.9680E-02 1.0020E-01 1.0120E-01 1.0310E-01 1.0630E-01 1.0840E-01
4.5050E+06 1.0680E-01 1.0710E-01 1.0750E-01 1.0860E-01 1.0950E-01 1.1030E-01 1.1210E-01 1.1340E-01 1.1600E-01 1.1790E-01
5.1070E+06 1.1460E-01 1.1500E-01 1.1580E-01 1.1670E-01 1.1850E-01 1.2000E-01 1.2180E-01 1.2320E-01 1.2560E-01 1.2710E-01
5.7900E+06 1.2220E-01 1.2190E-01 1.2350E-01 1.2490E-01 1.2730E-01 1.2930E-01 1.3040E-01 1.3280E-01 1.3480E-01 1.3650E-01
6.5630E+06 1.2900E-01 1.2950E-01 1.2970E-01 1.3260E-01 1.3400E-01 1.3670E-01 1.3930E-01 1.4210E-01 1.4370E-01 1.4450E-01
7.4410E+06 1.3480E-01 1.3560E-01 1.3740E-01 1.3900E-01 1.4180E-01 1.4450E-01 1.4770E-01 1.5070E-01 1.5240E-01 1.5340E-01
8.4350E+06 1.4130E-01 1.4190E-01 1.4280E-01 1.4550E-01 1.4850E-01 1.5200E-01 1.5610E-01 1.5810E-01 1.6060E-01 1.6150E-01
9.5620E+06 1.4690E-01 1.4790E-01 1.4940E-01 1.5240E-01 1.5620E-01 1.5980E-01 1.6270E-01 1.6550E-01 1.6900E-01 1.6970E-01
1.0840E+07 1.5420E-01 1.5370E-01 1.5600E-01 1.5940E-01 1.6170E-01 1.6590E-01 1.7130E-01 1.7520E-01 1.7660E-01 1.7820E-01
1.2290E+07 1.5960E-01 1.6040E-01 1.6210E-01 1.6540E-01 1.6910E-01 1.7350E-01 1.7830E-01 1.8240E-01 1.8590E-01 1.8610E-01
1.3930E+07 1.6600E-01 1.6630E-01 1.6900E-01 1.7230E-01 1.7630E-01 1.8080E-01 1.8760E-01 1.9110E-01 1.9300E-01 1.9470E-01
1.5790E+07 1.7280E-01 1.7360E-01 1.7680E-01 1.7990E-01 1.8480E-01 1.8930E-01 1.9530E-01 1.9980E-01 2.0280E-01 2.0430E-01
1.7900E+07 1.8160E-01 1.8190E-01 1.8440E-01 1.8850E-01 1.9400E-01 1.9970E-01 2.0390E-01 2.0860E-01 2.1340E-01 2.1280E-01
2.0300E+07 1.9080E-01 1.9000E-01 1.9280E-01 1.9740E-01 2.0420E-01 2.0910E-01 2.1560E-01 2.1830E-01 2.2280E-01 2.2430E-01
2.3010E+07 2.0090E-01 2.0140E-01 2.0390E-01 2.0870E-01 2.1450E-01 2.1960E-01 2.2430E-01 2.2970E-01 2.3340E-01 2.3640E-01
2.6080E+07 2.1350E-01 2.1290E-01 2.1630E-01 2.1910E-01 2.2460E-01 2.3190E-01 2.3750E-01 2.4100E-01 2.4640E-01 2.4710E-01
2.9570E+07 2.2650E-01 2.2690E-01 2.3070E-01 2.3240E-01 2.3540E-01 2.4370E-01 2.5170E-01 2.5740E-01 2.5850E-01 2.6100E-01
3.3520E+07 2.4170E-01 2.4400E-01 2.4590E-01 2.4940E-01 2.5490E-01 2.5970E-01 2.6560E-01 2.7070E-01 2.7370E-01 2.7800E-01
3.8000E+07 2.6070E-01 2.6260E-01 2.6260E-01 2.6860E-01 2.7310E-01 2.7870E-01 2.8360E-01 2.8800E-01 2.9100E-01 2.9150E-01
-----------------------

E[V/m]_energy[eV]
N2
NUM_COLUMNS:  10
COL_VALUES:  0.0 10.0 20.0 30.0 40.0 50.0 60.0 70.0 80.0 90.0
COMMENT: generated by particle_swarm
-----------------------
5.0000E+05 1.0450E+00 1.0440E+00 1.0390E+00 1.0340E+00 1.0250E+00 1.0140E+00 1.0010E+00 9.8590E-01 9.7350E-01 9.6690E-01
6.0000E+05 1.0620E+00 1.0620E+00 1.0580E+00 1.0510E+00 1.0420E+00 1.0310E+00 1.0190E+00 1.0050E+00 9.9310E-01 9.8770E-01
7.0000E+05 1.0780E+00 1.0760E+00 1.0720E+00 1.0660E+00 1.0570E+00 1.0460E+00 1.0330E+00 1.0190E+00 1.0080E+00 1.0020E+00
8.0000E+05 1.0920E+00 1.0900E+00 1.0860E+00 1.0780E+00 1.0690E+00 1.0570E+00 1.0440E+00 1.0310E+00 1.0190E+00 1.0140E+00
9.0000E+05 1.1090E+00 1.1060E+00 1.1020E+00 1.0940E+00 1.0820E+00 1.0700E+00 1.0550E+00 1.0410E+00 1.0290E+00 1.0240E+00
1.0000E+06 1.1290E+00 1.1260E+00 1.1200E+00 1.1100E+00 1.0980E+00 1.0830E+00 1.0670E+00 1.0520E+00 1.0400E+00 1.0340E+00
1.1340E+06 1.1640E+00 1.1600E+00 1.1530E+00 1.1400E+00 1.1240E+00 1.1050E+00 1.0870E+00 1.0700E+00 1.0550E+00 1.0500E+00
1.2850E+06 1.2220E+00 1.2180E+00 1.2070E+00 1.1880E+00 1.1650E+00 1.1430E+00 1.1180E+00 1.0950E+00 1.0790E+00 1.0730E+00
1.4570E+06 1.3190E+00 1.3140E+00 1.2960E+00 1.2690E+00 1.2390E+00 1.2040E+00 1.1710E+00 1.1410E+00 1.1190E+00 1.1110E+00
1.6520E+06 1.4740E+00 1.4640E+00 1.4380E+00 1.4040E+00 1.3570E+00 1.3090E+00 1.2600E+00 1.2180E+00 1.1900E+00 1.1800E+00
1.8720E+06 1.6950E+00 1.6870E+00 1.6570E+00 1.6050E+00 1.5440E+00 1.4750E+00 1.4050E+00 1.3510E+00 1.3100E+00 1.2940E+00
2.1230E+06 2.0030E+00 1.9890E+00 1.9530E+00 1.8910E+00 1.8090E+00 1.7160E+00 1.6260E+00 1.5470E+00 1.4930E+00 1.4740E+00
2.4060E+06 2.3880E+00 2.3710E+00 2.3230E+00 2.2540E+00 2.1490E+00 2.0430E+00 1.9290E+00 1.8300E+00 1.7570E+00 1.7310E+00
2.7280E+06 2.8280E+00 2.8130E+00 2.7630E+00 2.6830E+00 2.5750E+00 2.4500E+00 2.3170E+00 2.1980E+00 2.1120E+00 2.0770E+00
3.0920E+06 3.3070E+00 3.2910E+00 3.2440E+00 3.1580E+00 3.0440E+00 2.9090E+00 2.7700E+00 2.6340E+00 2.5370E+00 2.5010E+00
3.5060E+06 3.8000E+00 3.7850E+00 3.7360E+00 3.6540E+00 3.5410E+00 3.4060E+00 3.2610E+00 3.1220E+00 3.0180E+00 2.9780E+00
3.9740E+06 4.2990E+00 4.2810E+00 4.2330E+00 4.1530E+00 4.0470E+00 3.9180E+00 3.7710E+00 3.6350E+00 3.5330E+00 3.4950E+00
4.5050E+06 4.7900E+00 4.7760E+00 4.7250E+00 4.6530E+00 4.5450E+00 4.4240E+00 4.2890E+00 4.1550E+00 4.0590E+00 4.0210E+00
5.1070E+06 5.2780E+00 5.2640E+00 5.2200E+00 5.1480E+00 5.0430E+00 4.9340E+00 4.8030E+00 4.6770E+00 4.5830E+00 4.5500E+00
5.7900E+06 5.7740E+00 5.7590E+00 5.7150E+00 5.6440E+00 5.5470E+00 5.4380E+00 5.3160E+00 5.2040E+00 5.1110E+00 5.0760E+00
6.5630E+06 6.2820E+00 6.2720E+00 6.2240E+00 6.1560E+00 6.0620E+00 5.9520E+00 5.8380E+00 5.7250E+00 5.6470E+00 5.6150E+00
7.4410E+06 6.8210E+00 6.8050E+00 6.7670E+00 6.6920E+00 6.6020E+00 6.4920E+00 6.3760E+00 6.2730E+00 6.1980E+00 6.1670E+00
8.4350E+06 7.4000E+00 7.3810E+00 7.3360E+00 7.2650E+00 7.1720E+00 7.0570E+00 6.9520E+00 6.8470E+00 6.7750E+00 6.7500E+00
9.5620E+06 8.0230E+00 8.0080E+00 7.9670E+00 7.8920E+00 7.7940E+00 7.6830E+00 7.5670E+00 7.4610E+00 7.3950E+00 7.3680E+00
1.0840E+07 8.7140E+00 8.7080E+00 8.6520E+00 8.5740E+00 8.4710E+00 8.3520E+00 8.2450E+00 8.1430E+00 8.0810E+00 8.0440E+00
1.2290E+07 9.4840E+00 9.4720E+00 9.4230E+00 9.3450E+00 9.2390E+00 9.1140E+00 8.9960E+00 8.8930E+00 8.8180E+00 8.7930E+00
1.3930E+07 1.0370E+01 1.0340E+01 1.0280E+01 1.0190E+01 1.0080E+01 9.9660E+00 9.8420E+00 9.7280E+00 9.6590E+00 9.6310E+00
1.5790E+07 1.1340E+01 1.1310E+01 1.1260E+01 1.1180E+01 1.1040E+01 1.0910E+01 1.0790E+01 1.0680E+01 1.0610E+01 1.0570E+01
1.7900E+07 1.2440E+01 1.2420E+01 1.2360E+01 1.2250E+01 1.2150E+01 1.2010E+01 1.1860E+01 1.1740E+01 1.1680E+01 1.1640E+01
2.0300E+07 1.3700E+01 1.3670E+01 1.3610E+01 1.3510E+01 1.3370E+01 1.3230E+01 1.3100E+01 1.2970E+01 1.2880E+01 1.2860E+01
2.3010E+07 1.5130E+01 1.5120E+01 1.5030E+01 1.4930E+01 1.4810E+01 1.4630E+01 1.4480E+01 1.4350E+01 1.4260E+01 1.4250E+01
2.6080E+07 1.6800E+01 1.6780E+01 1.6690E+01 1.6560E+01 1.6390E+01 1.6250E+01 1.6080E+01 1.5940E+01 1.5870E+01 1.5840E+01
2.9570E+07 1.8680E+01 1.8680E+01 1.8590E+01 1.8440E+01 1.8270E+01 1.8110E+01 1.7950E+01 1.7810E+01 1.7680E+01 1.7670E+01
3.3520E+07 2.0890E+01 2.0860E+01 2.0780E+01 2.0630E+01 2.0460E+01 2.0230E+01 2.0050E+01 1.9910E+01 1.9800E+01 1.9790E+01
3.8000E+07 2.3450E+01 2.3420E+01 2.3290E+01 2.3140E+01 2.2950E+01 2.2770E+01 2.2510E+01 2.2340E+01 2.2230E+01 2.2220E+01
-----------------------

