E[V/m]_muB[m2/Vs]
N2
NUM_COLUMNS:  10
COL_VALUES:  0.0 10.0 20.0 30.0 40.0 50.0 60.0 70.0 80.0 90.0
COMMENT: generated by particle_swarm
-----------------------
5.0000E+05 6.1280E-02 6.1240E-02 6.1510E-02 6.1480E-02 6.1780E-02 6.2190E-02 6.2730E-02 6.2610E-02 6.2360E-02 6.2110E-02
6.0000E+05 5.8840E-02 5.8640E-02 5.8990E-02 5.9200E-02 5.9770E-02 5.9810E-02 6.0510E-02 6.0370E-02 6.0270E-02 6.0170E-02
7.0000E+05 5.6740E-02 5.6830E-02 5.7200E-02 5.7200E-02 5.7440E-02 5.7740E-02 5.8220E-02 5.7780E-02 5.8820E-02 5.9860E-02
8.0000E+05 5.5330E-02 5.5150E-02 5.5430E-02 5.5610E-02 5.5910E-02 5.6200E-02 5.6730E-02 5.6890E-02 5.6710E-02 5.6530E-02
9.0000E+05 5.4030E-02 5.3800E-02 5.4000E-02 5.4310E-02 5.4640E-02 5.4990E-02 5.5380E-02 5.5580E-02 5.5510E-02 5.5440E-02
1.0000E+06 5.2720E-02 5.2730E-02 5.2840E-02 5.3070E-02 5.3460E-02 5.3780E-02 5.4240E-02 5.4310E-02 5.4780E-02 5.5250E-02
1.1340E+06 5.1210E-02 5.1330E-02 5.1420E-02 5.1710E-02 5.2020E-02 5.2500E-02 5.2810E-02 5.2800E-02 5.3550E-02 5.4300E-02
1.2850E+06 4.9800E-02 4.9880E-02 5.0080E-02 5.0240E-02 5.0710E-02 5.1040E-02 5.1510E-02 5.1640E-02 5.2150E-02 5.2660E-02
1.4570E+06 4.8410E-02 4.8560E-02 4.8620E-02 4.8970E-02 4.9260E-02 4.9630E-02 4.9750E-02 4.9840E-02 5.0690E-02 5.1540E-02
1.6520E+06 4.7140E-02 4.7140E-02 4.7260E-02 4.7540E-02 4.7870E-02 4.8130E-02 4.8530E-02 4.8860E-02 4.8580E-02 4.8300E-02
1.8720E+06 4.5750E-02 4.5850E-02 4.6060E-02 4.6300E-02 4.6430E-02 4.6910E-02 4.7180E-02 4.7410E-02 4.7480E-02 4.7550E-02
2.1230E+06 4.4650E-02 4.4670E-02 4.4780E-02 4.4920E-02 4.5300E-02 4.5390E-02 4.5740E-02 4.5940E-02 4.6260E-02 4.6580E-02
2.4060E+06 4.3580E-02 4.3530E-02 4.3640E-02 4.3800E-02 4.4050E-02 4.4390E-02 4.4400E-02 4.4960E-02 4.4880E-02 4.4800E-02
2.7280E+06 4.2530E-02 4.2550E-02 4.2630E-02 4.2740E-02 4.2900E-02 4.3040E-02 4.3120E-02 4.3280E-02 4.3610E-02 4.3940E-02
3.0920E+06 4.1620E-02 4.1640E-02 4.1800E-02 4.1760E-02 4.1910E-02 4.2170E-02 4.2200E-02 4.2330E-02 4.2200E-02 4.2070E-02
3.5060E+06 4.0810E-02 4.0790E-02 4.0870E-02 4.0900E-02 4.1020E-02 4.1160E-02 4.1230E-02 4.1320E-02 4.1470E-02 4.1620E-02
3.9740E+06 3.9990E-02 3.9990E-02 4.0020E-02 4.0050E-02 4.0120E-02 4.0340E-02 4.0330E-02 4.0280E-02 4.0550E-02 4.0820E-02
4.5050E+06 3.9200E-02 3.9190E-02 3.9200E-02 3.9190E-02 3.9260E-02 3.9360E-02 3.9530E-02 3.9330E-02 3.9730E-02 4.0130E-02
5.1070E+06 3.8400E-02 3.8340E-02 3.8340E-02 3.8410E-02 3.8520E-02 3.8570E-02 3.8450E-02 3.8570E-02 3.8870E-02 3.9170E-02
5.7900E+06 3.7490E-02 3.7580E-02 3.7630E-02 3.7540E-02 3.7590E-02 3.7660E-02 3.7690E-02 3.7820E-02 3.7670E-02 3.7520E-02
6.5630E+06 3.6660E-02 3.6660E-02 3.6750E-02 3.6680E-02 3.6700E-02 3.6820E-02 3.6810E-02 3.6720E-02 3.6830E-02 3.6940E-02
7.4410E+06 3.5750E-02 3.5790E-02 3.5790E-02 3.5830E-02 3.5850E-02 3.5860E-02 3.5960E-02 3.5830E-02 3.5930E-02 3.6030E-02
8.4350E+06 3.4840E-02 3.4820E-02 3.4900E-02 3.4910E-02 3.4890E-02 3.4980E-02 3.5070E-02 3.5000E-02 3.5330E-02 3.5660E-02
9.5620E+06 3.3880E-02 3.3900E-02 3.3950E-02 3.3920E-02 3.4020E-02 3.4060E-02 3.3980E-02 3.4020E-02 3.4520E-02 3.5020E-02
1.0840E+07 3.2910E-02 3.2930E-02 3.2950E-02 3.2970E-02 3.2970E-02 3.3030E-02 3.3040E-02 3.3050E-02 3.3350E-02 3.3650E-02
1.2290E+07 3.1980E-02 3.1960E-02 3.1960E-02 3.1960E-02 3.1990E-02 3.2050E-02 3.2020E-02 3.2060E-02 3.2140E-02 3.2220E-02
1.3930E+07 3.0950E-02 3.0920E-02 3.0980E-02 3.1000E-02 3.0990E-02 3.1020E-02 3.0990E-02 3.0970E-02 3.1100E-02 3.1230E-02
1.5790E+07 2.9850E-02 2.9960E-02 2.9930E-02 2.9950E-02 2.9970E-02 2.9970E-02 3.0020E-02 3.0070E-02 2.9920E-02 2.9770E-02
1.7900E+07 2.8870E-02 2.8910E-02 2.8880E-02 2.8960E-02 2.9010E-02 2.9030E-02 2.8950E-02 2.9010E-02 2.9250E-02 2.9490E-02
2.0300E+07 2.7880E-02 2.7880E-02 2.7910E-02 2.7890E-02 2.7930E-02 2.7880E-02 2.7980E-02 2.7900E-02 2.7810E-02 2.7720E-02
2.3010E+07 2.6870E-02 2.6870E-02 2.6910E-02 2.6890E-02 2.6940E-02 2.6880E-02 2.7080E-02 2.6830E-02 2.6730E-02 2.6630E-02
2.6080E+07 2.5900E-02 2.5880E-02 2.5930E-02 2.5870E-02 2.5920E-02 2.5920E-02 2.5910E-02 2.6000E-02 2.5870E-02 2.5740E-02
2.9570E+07 2.4910E-02 2.4940E-02 2.4940E-02 2.4910E-02 2.4890E-02 2.4910E-02 2.4900E-02 2.4930E-02 2.5000E-02 2.5070E-02
3.3520E+07 2.3950E-02 2.3950E-02 2.4010E-02 2.3940E-02 2.3930E-02 2.3980E-02 2.4020E-02 2.3990E-02 2.3950E-02 2.3910E-02
3.8000E+07 2.3050E-02 2.3040E-02 2.3010E-02 2.3060E-02 2.3050E-02 2.3120E-02 2.3130E-02 2.3060E-02 2.2900E-02 2.2740E-02
-----------------------

E[V/m]_muxB[m2/Vs]
N2
NUM_COLUMNS:  10
COL_VALUES:  0.0 10.0 20.0 30.0 40.0 50.0 60.0 70.0 80.0 90.0
COMMENT: generated by particle_swarm
-----------------------
5.0000E+05 5.4190E-02 5.4190E-02 5.3990E-02 5.4550E-02 5.4650E-02 5.5180E-02 5.5310E-02 5.5540E-02 5.5820E-02 5.5700E-02
6.0000E+05 5.2060E-02 5.2060E-02 5.2430E-02 5.2680E-02 5.2740E-02 5.2980E-02 5.3490E-02 5.3690E-02 5.3590E-02 5.3830E-02
7.0000E+05 5.0610E-02 5.0610E-02 5.0980E-02 5.1340E-02 5.1530E-02 5.1580E-02 5.1930E-02 5.2050E-02 5.2220E-02 5.2080E-02
8.0000E+05 4.9370E-02 4.9370E-02 4.9890E-02 4.9890E-02 5.0070E-02 5.0580E-02 5.0560E-02 5.0790E-02 5.0820E-02 5.1110E-02
9.0000E+05 4.7220E-02 4.7220E-02 4.8570E-02 4.8380E-02 4.8970E-02 4.9360E-02 4.9340E-02 4.9700E-02 4.9800E-02 4.9850E-02
1.0000E+06 4.7110E-02 4.7110E-02 4.7180E-02 4.7660E-02 4.7960E-02 4.8250E-02 4.8440E-02 4.8670E-02 4.8850E-02 4.8890E-02
1.1340E+06 4.6360E-02 4.6360E-02 4.6220E-02 4.6510E-02 4.6640E-02 4.6910E-02 4.7270E-02 4.7430E-02 4.7610E-02 4.7660E-02
1.2850E+06 4.5090E-02 4.5090E-02 4.5000E-02 4.5210E-02 4.5520E-02 4.5810E-02 4.6000E-02 4.6360E-02 4.6430E-02 4.6530E-02
1.4570E+06 4.3620E-02 4.3620E-02 4.3880E-02 4.4290E-02 4.4410E-02 4.4680E-02 4.5060E-02 4.5160E-02 4.5310E-02 4.5350E-02
1.6520E+06 4.2780E-02 4.2780E-02 4.2950E-02 4.3000E-02 4.3190E-02 4.3580E-02 4.3830E-02 4.4020E-02 4.4190E-02 4.4200E-02
1.8720E+06 4.1790E-02 4.1790E-02 4.2030E-02 4.2100E-02 4.2340E-02 4.2430E-02 4.2770E-02 4.2970E-02 4.3070E-02 4.3180E-02
2.1230E+06 4.1370E-02 4.1370E-02 4.1230E-02 4.1210E-02 4.1420E-02 4.1690E-02 4.1830E-02 4.1990E-02 4.2130E-02 4.2180E-02
2.4060E+06 4.0290E-02 4.0290E-02 4.0600E-02 4.0600E-02 4.0830E-02 4.0890E-02 4.1060E-02 4.1200E-02 4.1220E-02 4.1210E-02
2.7280E+06 3.9850E-02 3.9850E-02 3.9720E-02 3.9910E-02 3.9940E-02 4.0230E-02 4.0340E-02 4.0430E-02 4.0460E-02 4.0480E-02
3.0920E+06 3.8630E-02 3.8630E-02 3.9100E-02 3.9500E-02 3.9440E-02 3.9460E-02 3.9600E-02 3.9610E-02 3.9720E-02 3.9800E-02
3.5060E+06 3.8590E-02 3.8590E-02 3.8680E-02 3.8670E-02 3.8810E-02 3.8870E-02 3.8980E-02 3.9010E-02 3.9050E-02 3.9090E-02
3.9740E+06 3.8240E-02 3.8240E-02 3.8130E-02 3.8200E-02 3.8320E-02 3.8240E-02 3.8350E-02 3.8360E-02 3.8450E-02 3.8410E-02
4.5050E+06 3.7410E-02 3.7410E-02 3.7540E-02 3.7570E-02 3.7550E-02 3.7590E-02 3.7690E-02 3.7680E-02 3.7690E-02 3.7740E-02
5.1070E+06 3.6740E-02 3.6740E-02 3.6940E-02 3.6840E-02 3.7010E-02 3.6930E-02 3.6990E-02 3.6990E-02 3.7040E-02 3.7030E-02
5.7900E+06 3.5950E-02 3.5950E-02 3.6140E-02 3.6110E-02 3.6160E-02 3.6240E-02 3.6290E-02 3.6310E-02 3.6240E-02 3.6300E-02
6.5630E+06 3.5310E-02 3.5310E-02 3.5390E-02 3.5380E-02 3.5500E-02 3.5450E-02 3.5520E-02 3.5520E-02 3.5560E-02 3.5540E-02
7.4410E+06 3.4590E-02 3.4590E-02 3.4550E-02 3.4630E-02 3.4710E-02 3.4700E-02 3.4770E-02 3.4650E-02 3.4760E-02 3.4730E-02
8.4350E+06 3.3820E-02 3.3820E-02 3.3800E-02 3.3780E-02 3.3820E-02 3.3900E-02 3.3950E-02 3.3880E-02 3.3950E-02 3.3920E-02
9.5620E+06 3.3020E-02 3.3020E-02 3.3140E-02 3.2950E-02 3.3080E-02 3.3040E-02 3.2980E-02 3.3080E-02 3.3080E-02 3.3080E-02
1.0840E+07 3.2110E-02 3.2110E-02 3.2050E-02 3.1930E-02 3.2120E-02 3.2220E-02 3.2180E-02 3.2130E-02 3.2200E-02 3.2150E-02
1.2290E+07 3.1240E-02 3.1240E-02 3.1210E-02 3.1150E-02 3.1150E-02 3.1150E-02 3.1230E-02 3.1250E-02 3.1300E-02 3.1280E-02
1.3930E+07 3.0330E-02 3.0330E-02 3.0290E-02 3.0330E-02 3.0270E-02 3.0270E-02 3.0260E-02 3.0350E-02 3.0330E-02 3.0320E-02
1.5790E+07 2.9680E-02 2.9680E-02 2.9230E-02 2.9350E-02 2.9330E-02 2.9300E-02 2.9350E-02 2.9350E-02 2.9420E-02 2.9350E-02
1.7900E+07 2.8100E-02 2.8100E-02 2.8240E-02 2.8370E-02 2.8350E-02 2.8420E-02 2.8390E-02 2.8430E-02 2.8430E-02 2.8420E-02
2.0300E+07 2.7370E-02 2.7370E-02 2.7340E-02 2.7350E-02 2.7410E-02 2.7460E-02 2.7410E-02 2.7440E-02 2.7440E-02 2.7460E-02
2.3010E+07 2.6530E-02 2.6530E-02 2.6360E-02 2.6460E-02 2.6460E-02 2.6490E-02 2.6480E-02 2.6490E-02 2.6470E-02 2.6460E-02
2.6080E+07 2.5750E-02 2.5750E-02 2.5450E-02 2.5520E-02 2.5540E-02 2.5520E-02 2.5510E-02 2.5480E-02 2.5540E-02 2.5530E-02
2.9570E+07 2.4560E-02 2.4560E-02 2.4530E-02 2.4400E-02 2.4500E-02 2.4580E-02 2.4550E-02 2.4580E-02 2.4610E-02 2.4620E-02
3.3520E+07 2.3730E-02 2.3730E-02 2.3640E-02 2.3640E-02 2.3720E-02 2.3700E-02 2.3680E-02 2.3660E-02 2.3660E-02 2.3660E-02
3.8000E+07 2.2960E-02 2.2960E-02 2.2740E-02 2.2740E-02 2.2840E-02 2.2790E-02 2.2780E-02 2.2790E-02 2.2790E-02 2.2790E-02
-----------------------

E[V/m]_muExB[m2/Vs]
N2
NUM_COLUMNS:  10
COL_VALUES:  0.0 10.0 20.0 30.0 40.0 50.0 60.0 70.0 80.0 90.0
COMMENT: generated by particle_swarm
-----------------------
5.0000E+05 1.7840E-02 1.7840E-02 1.7940E-02 1.8650E-02 1.8320E-02 1.8990E-02 1.9040E-02 1.8950E-02 1.9300E-02 1.9030E-02
6.0000E+05 1.8000E-02 1.8000E-02 1.6930E-02 1.7030E-02 1.7330E-02 1.7600E-02 1.7830E-02 1.8000E-02 1.7970E-02 1.7930E-02
7.0000E+05 1.5600E-02 1.5600E-02 1.6100E-02 1.6320E-02 1.6610E-02 1.6870E-02 1.7040E-02 1.7080E-02 1.7100E-02 1.7280E-02
8.0000E+05 1.5290E-02 1.5290E-02 1.5890E-02 1.5280E-02 1.6150E-02 1.6260E-02 1.5920E-02 1.6240E-02 1.6320E-02 1.6340E-02
9.0000E+05 1.5450E-02 1.5450E-02 1.4700E-02 1.5250E-02 1.5100E-02 1.5350E-02 1.5490E-02 1.5970E-02 1.5910E-02 1.6070E-02
1.0000E+06 1.4640E-02 1.4640E-02 1.4220E-02 1.4430E-02 1.4700E-02 1.5050E-02 1.5190E-02 1.5340E-02 1.5490E-02 1.5420E-02
1.1340E+06 1.3670E-02 1.3670E-02 1.3880E-02 1.4080E-02 1.4140E-02 1.4310E-02 1.4550E-02 1.4720E-02 1.4830E-02 1.4880E-02
1.2850E+06 1.3230E-02 1.3230E-02 1.3240E-02 1.3500E-02 1.3470E-02 1.3880E-02 1.4060E-02 1.4210E-02 1.4330E-02 1.4300E-02
1.4570E+06 1.2800E-02 1.2800E-02 1.2670E-02 1.2710E-02 1.2960E-02 1.3150E-02 1.3280E-02 1.3530E-02 1.3650E-02 1.3700E-02
1.6520E+06 1.2110E-02 1.2110E-02 1.2120E-02 1.2290E-02 1.2320E-02 1.2630E-02 1.2700E-02 1.2860E-02 1.3080E-02 1.3080E-02
1.8720E+06 1.1010E-02 1.1010E-02 1.1240E-02 1.1780E-02 1.1680E-02 1.1890E-02 1.2020E-02 1.2320E-02 1.2280E-02 1.2330E-02
2.1230E+06 1.0850E-02 1.0850E-02 1.1170E-02 1.1070E-02 1.1030E-02 1.1200E-02 1.1460E-02 1.1480E-02 1.1670E-02 1.1670E-02
2.4060E+06 1.0340E-02 1.0340E-02 1.0270E-02 1.0430E-02 1.0500E-02 1.0560E-02 1.0720E-02 1.0840E-02 1.0820E-02 1.1010E-02
2.7280E+06 9.8150E-03 9.8150E-03 9.9520E-03 9.7530E-03 9.9190E-03 9.9340E-03 9.9550E-03 1.0140E-02 1.0260E-02 1.0180E-02
3.0920E+06 8.8130E-03 8.8130E-03 9.1540E-03 9.1690E-03 9.2340E-03 9.3420E-03 9.3920E-03 9.5490E-03 9.5760E-03 9.5610E-03
3.5060E+06 9.0270E-03 9.0270E-03 8.7170E-03 8.6860E-03 8.7700E-03 8.7730E-03 8.8550E-03 8.9430E-03 9.0050E-03 8.9840E-03
3.9740E+06 7.9750E-03 7.9750E-03 8.1820E-03 8.2840E-03 8.2710E-03 8.3430E-03 8.3330E-03 8.4010E-03 8.4620E-03 8.3900E-03
4.5050E+06 7.4060E-03 7.4060E-03 7.7140E-03 7.8300E-03 7.8140E-03 7.8780E-03 7.9620E-03 7.9200E-03 7.9260E-03 7.9820E-03
5.1070E+06 7.4110E-03 7.4110E-03 7.3670E-03 7.4150E-03 7.3390E-03 7.4570E-03 7.5170E-03 7.4720E-03 7.5230E-03 7.5060E-03
5.7900E+06 7.1120E-03 7.1120E-03 7.0360E-03 7.0080E-03 7.1460E-03 7.0510E-03 7.0950E-03 7.1070E-03 7.1180E-03 7.1820E-03
6.5630E+06 7.0880E-03 7.0880E-03 6.5790E-03 6.7020E-03 6.6660E-03 6.7910E-03 6.6980E-03 6.7430E-03 6.7110E-03 6.7050E-03
7.4410E+06 6.2700E-03 6.2700E-03 6.3220E-03 6.3140E-03 6.4180E-03 6.4470E-03 6.3530E-03 6.3180E-03 6.3520E-03 6.3880E-03
8.4350E+06 5.9860E-03 5.9860E-03 5.8360E-03 6.0040E-03 6.0050E-03 6.0290E-03 5.9850E-03 6.0660E-03 6.1120E-03 6.0340E-03
9.5620E+06 5.5430E-03 5.5430E-03 5.7530E-03 5.6500E-03 5.6040E-03 5.6650E-03 5.6810E-03 5.6490E-03 5.7250E-03 5.7010E-03
1.0840E+07 5.4300E-03 5.4300E-03 5.3190E-03 5.2420E-03 5.3030E-03 5.3430E-03 5.3470E-03 5.3880E-03 5.3240E-03 5.3410E-03
1.2290E+07 4.9120E-03 4.9120E-03 4.8080E-03 5.0280E-03 4.9900E-03 4.9990E-03 5.0220E-03 5.0130E-03 5.0590E-03 4.9870E-03
1.3930E+07 4.5030E-03 4.5030E-03 4.7220E-03 4.6790E-03 4.6720E-03 4.7320E-03 4.6220E-03 4.6630E-03 4.7160E-03 4.6880E-03
1.5790E+07 4.6390E-03 4.6390E-03 4.4190E-03 4.3310E-03 4.3600E-03 4.4190E-03 4.3440E-03 4.4130E-03 4.4150E-03 4.3450E-03
1.7900E+07 3.8920E-03 3.8920E-03 4.0150E-03 3.9680E-03 4.0740E-03 4.0750E-03 4.0410E-03 4.0390E-03 4.0910E-03 4.1220E-03
2.0300E+07 3.5910E-03 3.5910E-03 3.8650E-03 3.7260E-03 3.8420E-03 3.7880E-03 3.7470E-03 3.8010E-03 3.8110E-03 3.7190E-03
2.3010E+07 3.4950E-03 3.4950E-03 3.4350E-03 3.4840E-03 3.4420E-03 3.5450E-03 3.4920E-03 3.4830E-03 3.5190E-03 3.4760E-03
2.6080E+07 3.0900E-03 3.0900E-03 3.1050E-03 3.1950E-03 3.2380E-03 3.2420E-03 3.2750E-03 3.2460E-03 3.2480E-03 3.2870E-03
2.9570E+07 3.0050E-03 3.0050E-03 2.9700E-03 3.0230E-03 2.9580E-03 3.0250E-03 3.0270E-03 2.9660E-03 3.0410E-03 3.0250E-03
3.3520E+07 2.8720E-03 2.8720E-03 2.7620E-03 2.8070E-03 2.8020E-03 2.8050E-03 2.7590E-03 2.7670E-03 2.7990E-03 2.7870E-03
3.8000E+07 2.5580E-03 2.5580E-03 2.6260E-03 2.5720E-03 2.6130E-03 2.5990E-03 2.5710E-03 2.5810E-03 2.5910E-03 2.5690E-03
-----------------------

E[V/m]_alpha[1/m]
N2
NUM_COLUMNS:  10
COL_VALUES:  0.0 10.0 20.0 30.0 40.0 50.0 60.0 70.0 80.0 90.0
COMMENT: generated by particle_swarm
-----------------------
5.0000E+05 0.0000E+00 0.0000E+00 0.0000E+00 0.0000E+00 0.0000E+00 0.0000E+00 0.0000E+00 0.0000E+00 0.0000E+00 0.0000E+00
6.0000E+05 0.0000E+00 0.0000E+00 0.0000E+00 0.0000E+00 0.0000E+00 0.0000E+00 0.0000E+00 0.0000E+00 0.0000E+00 0.0000E+00
7.0000E+05 0.0000E+00 0.0000E+00 0.0000E+00 0.0000E+00 0.0000E+00 0.0000E+00 0.0000E+00 0.0000E+00 0.0000E+00 0.0000E+00
8.0000E+05 0.0000E+00 0.0000E+00 0.0000E+00 0.0000E+00 0.0000E+00 0.0000E+00 0.0000E+00 0.0000E+00 0.0000E+00 0.0000E+00
9.0000E+05 0.0000E+00 0.0000E+00 0.0000E+00 0.0000E+00 0.0000E+00 0.0000E+00 0.0000E+00 0.0000E+00 0.0000E+00 0.0000E+00
1.0000E+06 2.5220E-02 2.5510E-03 0.0000E+00 0.0000E+00 0.0000E+00 0.0000E+00 0.0000E+00 0.0000E+00 1.6980E-03 0.0000E+00
1.1340E+06 3.9510E-04 1.4680E-02 1.3210E-02 1.7510E-02 0.0000E+00 1.0630E-02 4.2650E-02 1.9350E-02 3.3300E-03 4.2370E-02
1.2850E+06 7.7150E-02 2.0360E-01 7.5290E-02 1.1590E-01 2.0340E-01 1.8970E-01 7.7890E-02 2.0210E-02 5.4930E-02 8.5270E-02
1.4570E+06 7.2880E-01 7.0560E-01 1.2630E+00 5.9510E-01 5.6760E-01 8.4270E-01 7.2490E-01 6.2600E-01 6.6860E-01 3.0470E-01
1.6520E+06 4.1860E+00 4.3630E+00 3.8370E+00 3.6270E+00 3.2820E+00 3.5120E+00 3.9140E+00 2.7060E+00 3.0390E+00 3.9950E+00
1.8720E+06 1.4980E+01 1.4850E+01 1.8520E+01 1.5070E+01 1.4520E+01 1.3140E+01 1.3220E+01 1.2170E+01 1.2860E+01 1.3180E+01
2.1230E+06 5.4670E+01 5.3290E+01 5.1780E+01 4.6670E+01 5.1220E+01 4.4450E+01 4.6990E+01 4.5230E+01 4.2640E+01 4.2270E+01
2.4060E+06 1.6310E+02 1.6650E+02 1.5220E+02 1.4750E+02 1.4980E+02 1.4480E+02 1.3880E+02 1.3480E+02 1.2880E+02 1.3040E+02
2.7280E+06 4.0800E+02 3.8620E+02 3.9720E+02 3.8480E+02 3.7780E+02 3.6720E+02 3.6290E+02 3.6030E+02 3.4540E+02 3.5230E+02
3.0920E+06 9.3220E+02 9.0510E+02 9.0710E+02 8.9390E+02 8.6600E+02 8.2750E+02 8.4560E+02 8.0180E+02 7.9920E+02 8.0150E+02
3.5060E+06 1.9010E+03 1.8840E+03 1.8600E+03 1.8340E+03 1.8080E+03 1.7760E+03 1.7530E+03 1.7220E+03 1.6690E+03 1.6850E+03
3.9740E+06 3.5890E+03 3.5820E+03 3.5440E+03 3.4910E+03 3.4480E+03 3.3840E+03 3.3480E+03 3.3030E+03 3.2590E+03 3.2480E+03
4.5050E+06 6.3470E+03 6.2510E+03 6.3400E+03 6.2530E+03 6.1250E+03 6.0330E+03 5.9420E+03 5.8900E+03 5.8020E+03 5.8440E+03
5.1070E+06 1.0590E+04 1.0540E+04 1.0410E+04 1.0310E+04 1.0230E+04 1.0070E+04 9.9380E+03 9.9090E+03 9.7960E+03 9.7200E+03
5.7900E+06 1.6580E+04 1.6560E+04 1.6630E+04 1.6440E+04 1.6370E+04 1.6090E+04 1.5960E+04 1.5850E+04 1.5600E+04 1.5670E+04
6.5630E+06 2.5390E+04 2.5340E+04 2.5100E+04 2.4930E+04 2.4610E+04 2.4450E+04 2.4310E+04 2.4090E+04 2.3970E+04 2.3930E+04
7.4410E+06 3.7100E+04 3.6840E+04 3.6570E+04 3.6630E+04 3.6210E+04 3.5870E+04 3.5580E+04 3.5500E+04 3.5260E+04 3.5300E+04
8.4350E+06 5.2110E+04 5.1950E+04 5.2360E+04 5.1840E+04 5.1600E+04 5.1270E+04 5.0610E+04 5.0280E+04 5.0460E+04 5.0210E+04
9.5620E+06 7.1990E+04 7.1880E+04 7.1690E+04 7.1340E+04 7.0870E+04 7.0540E+04 6.9900E+04 6.9500E+04 6.9520E+04 6.9080E+04
1.0840E+07 9.6460E+04 9.6090E+04 9.5820E+04 9.5840E+04 9.5210E+04 9.4430E+04 9.4180E+04 9.3700E+04 9.3250E+04 9.3640E+04
1.2290E+07 1.2630E+05 1.2590E+05 1.2600E+05 1.2490E+05 1.2460E+05 1.2400E+05 1.2390E+05 1.2270E+05 1.2260E+05 1.2290E+05
1.3930E+07 1.6180E+05 1.6160E+05 1.6130E+05 1.6100E+05 1.5980E+05 1.5890E+05 1.5840E+05 1.5830E+05 1.5780E+05 1.5740E+05
1.5790E+07 2.0230E+05 2.0230E+05 2.0300E+05 2.0160E+05 2.0090E+05 2.0020E+05 1.9960E+05 1.9900E+05 1.9890E+05 1.9870E+05
1.7900E+07 2.4950E+05 2.4910E+05 2.4910E+05 2.4820E+05 2.4890E+05 2.4770E+05 2.4650E+05 2.4580E+05 2.4600E+05 2.4570E+05
2.0300E+07 3.0380E+05 3.0210E+05 3.0290E+05 3.0210E+05 3.0130E+05 3.0070E+05 2.9950E+05 2.9900E+05 2.9820E+05 2.9780E+05
2.3010E+07 3.6130E+05 3.6120E+05 3.6100E+05 3.5990E+05 3.5950E+05 3.5880E+05 3.5740E+05 3.5690E+05 3.5710E+05 3.5710E+05
2.6080E+07 4.2340E+05 4.2550E+05 4.2480E+05 4.2280E+05 4.2300E+05 4.2310E+05 4.2130E+05 4.2130E+05 4.2030E+05 4.2030E+05
2.9570E+07 4.9240E+05 4.9150E+05 4.9260E+05 4.9290E+05 4.8980E+05 4.8880E+05 4.8900E+05 4.8990E+05 4.8860E+05 4.8750E+05
3.3520E+07 5.6300E+05 5.6190E+05 5.6360E+05 5.6180E+05 5.6120E+05 5.6020E+05 5.5960E+05 5.6060E+05 5.5940E+05 5.5820E+05
3.8000E+07 6.3360E+05 6.3440E+05 6.3460E+05 6.3410E+05 6.3350E+05 6.3220E+05 6.3120E+05 6.3140E+05 6.3170E+05 6.3170E+05
-----------------------

E[V/m]_eta[1/m]
N2
NUM_COLUMNS:  10
COL_VALUES:  0.0 10.0 20.0 30.0 40.0 50.0 60.0 70.0 80.0 90.0
COMMENT: generated by particle_swarm
-----------------------
5.0000E+05 0.0000E+00 0.0000E+00 0.0000E+00 0.0000E+00 0.0000E+00 0.0000E+00 0.0000E+00 0.0000E+00 0.0000E+00 0.0000E+00
6.0000E+05 0.0000E+00 0.0000E+00 0.0000E+00 0.0000E+00 0.0000E+00 0.0000E+00 0.0000E+00 0.0000E+00 0.0000E+00 0.0000E+00
7.0000E+05 0.0000E+00 0.0000E+00 0.0000E+00 0.0000E+00 0.0000E+00 0.0000E+00 0.0000E+00 0.0000E+00 0.0000E+00 0.0000E+00
8.0000E+05 0.0000E+00 0.0000E+00 0.0000E+00 0.0000E+00 0.0000E+00 0.0000E+00 0.0000E+00 0.0000E+00 0.0000E+00 0.0000E+00
9.0000E+05 0.0000E+00 0.0000E+00 0.0000E+00 0.0000E+00 0.0000E+00 0.0000E+00 0.0000E+00 0.0000E+00 0.0000E+00 0.0000E+00
1.0000E+06 0.0000E+00 0.0000E+00 0.0000E+00 0.0000E+00 0.0000E+00 0.0000E+00 0.0000E+00 0.0000E+00 0.0000E+00 0.0000E+00
1.1340E+06 0.0000E+00 0.0000E+00 0.0000E+00 0.0000E+00 0.0000E+00 0.0000E+00 0.0000E+00 0.0000E+00 0.0000E+00 0.0000E+00
1.2850E+06 0.0000E+00 0.0000E+00 0.0000E+00 0.0000E+00 0.0000E+00 0.0000E+00 0.0000E+00 0.0000E+00 0.0000E+00 0.0000E+00
1.4570E+06 0.0000E+00 0.0000E+00 0.0000E+00 0.0000E+00 0.0000E+00 0.0000E+00 0.0000E+00 0.0000E+00 0.0000E+00 0.0000E+00
1.6520E+06 0.0000E+00 0.0000E+00 0.0000E+00 0.0000E+00 0.0000E+00 0.0000E+00 0.0000E+00 0.0000E+00 0.0000E+00 0.0000E+00
1.8720E+06 0.0000E+00 0.0000E+00 0.0000E+00 0.0000E+00 0.0000E+00 0.0000E+00 0.0000E+00 0.0000E+00 0.0000E+00 0.0000E+00
2.1230E+06 0.0000E+00 0.0000E+00 0.0000E+00 0.0000E+00 0.0000E+00 0.0000E+00 0.0000E+00 0.0000E+00 0.0000E+00 0.0000E+00
2.4060E+06 0.0000E+00 0.0000E+00 0.0000E+00 0.0000E+00 0.0000E+00 0.0000E+00 0.0000E+00 0.0000E+00 0.0000E+00 0.0000E+00
2.7280E+06 0.0000E+00 0.0000E+00 0.0000E+00 0.0000E+00 0.0000E+00 0.0000E+00 0.0000E+00 0.0000E+00 0.0000E+00 0.0000E+00
3.0920E+06 0.0000E+00 0.0000E+00 0.0000E+00 0.0000E+00 0.0000E+00 0.0000E+00 0.0000E+00 0.0000E+00 0.0000E+00 0.0000E+00
3.5060E+06 0.0000E+00 0.0000E+00 0.0000E+00 0.0000E+00 0.0000E+00 0.0000E+00 0.0000E+00 0.0000E+00 0.0000E+00 0.0000E+00
3.9740E+06 0.0000E+00 0.0000E+00 0.0000E+00 0.0000E+00 0.0000E+00 0.0000E+00 0.0000E+00 0.0000E+00 0.0000E+00 0.0000E+00
4.5050E+06 0.0000E+00 0.0000E+00 0.0000E+00 0.0000E+00 0.0000E+00 0.0000E+00 0.0000E+00 0.0000E+00 0.0000E+00 0.0000E+00
5.1070E+06 0.0000E+00 0.0000E+00 0.0000E+00 0.0000E+00 0.0000E+00 0.0000E+00 0.0000E+00 0.0000E+00 0.0000E+00 0.0000E+00
5.7900E+06 0.0000E+00 0.0000E+00 0.0000E+00 0.0000E+00 0.0000E+00 0.0000E+00 0.0000E+00 0.0000E+00 0.0000E+00 0.0000E+00
6.5630E+06 0.0000E+00 0.0000E+00 0.0000E+00 0.0000E+00 0.0000E+00 0.0000E+00 0.0000E+00 0.0000E+00 0.0000E+00 0.0000E+00
7.4410E+06 0.0000E+00 0.0000E+00 0.0000E+00 0.0000E+00 0.0000E+00 0.0000E+00 0.0000E+00 0.0000E+00 0.0000E+00 0.0000E+00
8.4350E+06 0.0000E+00 0.0000E+00 0.0000E+00 0.0000E+00 0.0000E+00 0.0000E+00 0.0000E+00 0.0000E+00 0.0000E+00 0.0000E+00
9.5620E+06 0.0000E+00 0.0000E+00 0.0000E+00 0.0000E+00 0.0000E+00 0.0000E+00 0.0000E+00 0.0000E+00 0.0000E+00 0.0000E+00
1.0840E+07 0.0000E+00 0.0000E+00 0.0000E+00 0.0000E+00 0.0000E+00 0.0000E+00 0.0000E+00 0.0000E+00 0.0000E+00 0.0000E+00
1.2290E+07 0.0000E+00 0.0000E+00 0.0000E+00 0.0000E+00 0.0000E+00 0.0000E+00 0.0000E+00 0.0000E+00 0.0000E+00 0.0000E+00
1.3930E+07 0.0000E+00 0.0000E+00 0.0000E+00 0.0000E+00 0.0000E+00 0.0000E+00 0.0000E+00 0.0000E+00 0.0000E+00 0.0000E+00
1.5790E+07 0.0000E+00 0.0000E+00 0.0000E+00 0.0000E+00 0.0000E+00 0.0000E+00 0.0000E+00 0.0000E+00 0.0000E+00 0.0000E+00
1.7900E+07 0.0000E+00 0.0000E+00 0.0000E+00 0.0000E+00 0.0000E+00 0.0000E+00 0.0000E+00 0.0000E+00 0.0000E+00 0.0000E+00
2.0300E+07 0.0000E+00 0.0000E+00 0.0000E+00 0.0000E+00 0.0000E+00 0.0000E+00 0.0000E+00 0.0000E+00 0.0000E+00 0.0000E+00
2.3010E+07 0.0000E+00 0.0000E+00 0.0000E+00 0.0000E+00 0.0000E+00 0.0000E+00 0.0000E+00 0.0000E+00 0.0000E+00 0.0000E+00
2.6080E+07 0.0000E+00 0.0000E+00 0.0000E+00 0.0000E+00 0.0000E+00 0.0000E+00 0.0000E+00 0.0000E+00 0.0000E+00 0.0000E+00
2.9570E+07 0.0000E+00 0.0000E+00 0.0000E+00 0.0000E+00 0.0000E+00 0.0000E+00 0.0000E+00 0.0000E+00 0.0000E+00 0.0000E+00
3.3520E+07 0.0000E+00 0.0000E+00 0.0000E+00 0.0000E+00 0.0000E+00 0.0000E+00 0.0000E+00 0.0000E+00 0.0000E+00 0.0000E+00
3.8000E+07 0.0000E+00 0.0000E+00 0.0000E+00 0.0000E+00 0.0000E+00 0.0000E+00 0.0000E+00 0.0000E+00 0.0000E+00 0.0000E+00
-----------------------

E[V/m]_diff_xB[m2/s]
N2
NUM_COLUMNS:  10
COL_VALUES:  0.0 10.0 20.0 30.0 40.0 50.0 60.0 70.0 80.0 90.0
COMMENT: generated by particle_swarm
-----------------------
5.0000E+05 5.3480E-02 5.3620E-02 5.3580E-02 5.4320E-02 5.5890E-02 5.7430E-02 5.8900E-02 6.0420E-02 6.1490E-02 6.2010E-02
6.0000E+05 5.3600E-02 5.3740E-02 5.4290E-02 5.4820E-02 5.5650E-02 5.7050E-02 5.9030E-02 6.0750E-02 6.1570E-02 6.1980E-02
7.0000E+05 5.3800E-02 5.3640E-02 5.4200E-02 5.5030E-02 5.5920E-02 5.7350E-02 5.9340E-02 6.0700E-02 6.1600E-02 6.2360E-02
8.0000E+05 5.3950E-02 5.3860E-02 5.4530E-02 5.5000E-02 5.6340E-02 5.7540E-02 5.9210E-02 6.0650E-02 6.1830E-02 6.2200E-02
9.0000E+05 5.3930E-02 5.3990E-02 5.4240E-02 5.5130E-02 5.6400E-02 5.7550E-02 5.8970E-02 6.0580E-02 6.1800E-02 6.2320E-02
1.0000E+06 5.3880E-02 5.3910E-02 5.4320E-02 5.5190E-02 5.6290E-02 5.7490E-02 5.9050E-02 6.0420E-02 6.1590E-02 6.1920E-02
1.1340E+06 5.4080E-02 5.4250E-02 5.4760E-02 5.5420E-02 5.6710E-02 5.7840E-02 5.9300E-02 6.0540E-02 6.1460E-02 6.1910E-02
1.2850E+06 5.4910E-02 5.4960E-02 5.5430E-02 5.6110E-02 5.7290E-02 5.8300E-02 5.9720E-02 6.0960E-02 6.1870E-02 6.2310E-02
1.4570E+06 5.6390E-02 5.6540E-02 5.6940E-02 5.7650E-02 5.8430E-02 5.9530E-02 6.0720E-02 6.1910E-02 6.3070E-02 6.3230E-02
1.6520E+06 5.9230E-02 5.9530E-02 5.9670E-02 6.0150E-02 6.0820E-02 6.1940E-02 6.3040E-02 6.4140E-02 6.4950E-02 6.5120E-02
1.8720E+06 6.3400E-02 6.3550E-02 6.3980E-02 6.4260E-02 6.4910E-02 6.5740E-02 6.6840E-02 6.7880E-02 6.8360E-02 6.8650E-02
2.1230E+06 6.9560E-02 6.9820E-02 6.9740E-02 7.0180E-02 7.0560E-02 7.1200E-02 7.1940E-02 7.3040E-02 7.3560E-02 7.3610E-02
2.4060E+06 7.7230E-02 7.7560E-02 7.7360E-02 7.7730E-02 7.8150E-02 7.8940E-02 7.9220E-02 7.9930E-02 8.0640E-02 8.0420E-02
2.7280E+06 8.6410E-02 8.6520E-02 8.6690E-02 8.6540E-02 8.7110E-02 8.6960E-02 8.7710E-02 8.8670E-02 8.8230E-02 8.8810E-02
3.0920E+06 9.6240E-02 9.6260E-02 9.6240E-02 9.6290E-02 9.6150E-02 9.7160E-02 9.6980E-02 9.7000E-02 9.7440E-02 9.7760E-02
3.5060E+06 1.0610E-01 1.0580E-01 1.0610E-01 1.0590E-01 1.0610E-01 1.0630E-01 1.0650E-01 1.0700E-01 1.0690E-01 1.0700E-01
3.9740E+06 1.1570E-01 1.1560E-01 1.1560E-01 1.1590E-01 1.1580E-01 1.1590E-01 1.1620E-01 1.1650E-01 1.1640E-01 1.1620E-01
4.5050E+06 1.2480E-01 1.2460E-01 1.2510E-01 1.2460E-01 1.2490E-01 1.2500E-01 1.2500E-01 1.2560E-01 1.2540E-01 1.2550E-01
5.1070E+06 1.3370E-01 1.3370E-01 1.3350E-01 1.3410E-01 1.3350E-01 1.3390E-01 1.3400E-01 1.3410E-01 1.3470E-01 1.3450E-01
5.7900E+06 1.4160E-01 1.4130E-01 1.4150E-01 1.4190E-01 1.4230E-01 1.4220E-01 1.4240E-01 1.4290E-01 1.4240E-01 1.4240E-01
6.5630E+06 1.4970E-01 1.4950E-01 1.4970E-01 1.4990E-01 1.4970E-01 1.5010E-01 1.5040E-01 1.5060E-01 1.5060E-01 1.5030E-01
7.4410E+06 1.5680E-01 1.5720E-01 1.5740E-01 1.5690E-01 1.5760E-01 1.5760E-01 1.5820E-01 1.5770E-01 1.5810E-01 1.5840E-01
8.4350E+06 1.6350E-01 1.6440E-01 1.6510E-01 1.6480E-01 1.6470E-01 1.6550E-01 1.6570E-01 1.6640E-01 1.6580E-01 1.6610E-01
9.5620E+06 1.7180E-01 1.7190E-01 1.7230E-01 1.7220E-01 1.7370E-01 1.7320E-01 1.7380E-01 1.7330E-01 1.7340E-01 1.7350E-01
1.0840E+07 1.8070E-01 1.7930E-01 1.7990E-01 1.8060E-01 1.7970E-01 1.8090E-01 1.8130E-01 1.8160E-01 1.8150E-01 1.8200E-01
1.2290E+07 1.8830E-01 1.8760E-01 1.8760E-01 1.8900E-01 1.8830E-01 1.8930E-01 1.8980E-01 1.8990E-01 1.9000E-01 1.9060E-01
1.3930E+07 1.9650E-01 1.9560E-01 1.9580E-01 1.9670E-01 1.9800E-01 1.9760E-01 1.9730E-01 1.9840E-01 1.9890E-01 1.9880E-01
1.5790E+07 2.0590E-01 2.0500E-01 2.0550E-01 2.0680E-01 2.0590E-01 2.0670E-01 2.0670E-01 2.0890E-01 2.0730E-01 2.0770E-01
1.7900E+07 2.1600E-01 2.1470E-01 2.1490E-01 2.1620E-01 2.1710E-01 2.1760E-01 2.1670E-01 2.1800E-01 2.1690E-01 2.1700E-01
2.0300E+07 2.2600E-01 2.2610E-01 2.2600E-01 2.2560E-01 2.2680E-01 2.2700E-01 2.2770E-01 2.2890E-01 2.2840E-01 2.2810E-01
2.3010E+07 2.3740E-01 2.3720E-01 2.3730E-01 2.3830E-01 2.3820E-01 2.3880E-01 2.3840E-01 2.4030E-01 2.4000E-01 2.4020E-01
2.6080E+07 2.4900E-01 2.5100E-01 2.4950E-01 2.4880E-01 2.4940E-01 2.5120E-01 2.5020E-01 2.5280E-01 2.5310E-01 2.5290E-01
2.9570E+07 2.6460E-01 2.6410E-01 2.6480E-01 2.6580E-01 2.6580E-01 2.6470E-01 2.6580E-01 2.6830E-01 2.6540E-01 2.6710E-01
3.3520E+07 2.7940E-01 2.8000E-01 2.8050E-01 2.8250E-01 2.8130E-01 2.8250E-01 2.8340E-01 2.8420E-01 2.8510E-01 2.8580E-01
3.8000E+07 2.9670E-01 2.9890E-01 2.9720E-01 2.9810E-01 2.9900E-01 3.0160E-01 2.9990E-01 2.9760E-01 2.9910E-01 3.0100E-01
-----------------------

E[V/m]_diff_B[m2/s]
N2
NUM_COLUMNS:  10
COL_VALUES:  0.0 10.0 20.0 30.0 40.0 50.0 60.0 70.0 80.0 90.0
COMMENT: generated by particle_swarm
-----------------------
5.0000E+05 2.6750E-02 2.7720E-02 3.0220E-02 3.5290E-02 4.1220E-02 4.9040E-02 5.6770E-02 6.4830E-02 6.9750E-02 7.1960E-02
6.0000E+05 2.5720E-02 2.6790E-02 2.9970E-02 3.4820E-02 4.0820E-02 4.8460E-02 5.6260E-02 6.3810E-02 6.8670E-02 7.1350E-02
7.0000E+05 2.5460E-02 2.6540E-02 2.9390E-02 3.4340E-02 4.0630E-02 4.7990E-02 5.6090E-02 6.3000E-02 6.8690E-02 7.0770E-02
8.0000E+05 2.5000E-02 2.6140E-02 2.8820E-02 3.4060E-02 4.0010E-02 4.7620E-02 5.5280E-02 6.2690E-02 6.8110E-02 7.0350E-02
9.0000E+05 2.4970E-02 2.6050E-02 2.8700E-02 3.3470E-02 3.9860E-02 4.7320E-02 5.5340E-02 6.2390E-02 6.7580E-02 6.9600E-02
1.0000E+06 2.4910E-02 2.5800E-02 2.8860E-02 3.3560E-02 3.9820E-02 4.7240E-02 5.5120E-02 6.1960E-02 6.7260E-02 6.9120E-02
1.1340E+06 2.5110E-02 2.6220E-02 2.8980E-02 3.3790E-02 4.0090E-02 4.7220E-02 5.4590E-02 6.1640E-02 6.6700E-02 6.8450E-02
1.2850E+06 2.6130E-02 2.7310E-02 3.0170E-02 3.4710E-02 4.0880E-02 4.7880E-02 5.4730E-02 6.1480E-02 6.6450E-02 6.8380E-02
1.4570E+06 2.8420E-02 2.9380E-02 3.1980E-02 3.6610E-02 4.2440E-02 4.9230E-02 5.6170E-02 6.2400E-02 6.6940E-02 6.8540E-02
1.6520E+06 3.2440E-02 3.3230E-02 3.5780E-02 4.0060E-02 4.5380E-02 5.1670E-02 5.7960E-02 6.4090E-02 6.8510E-02 6.9840E-02
1.8720E+06 3.8140E-02 3.8880E-02 4.1430E-02 4.5520E-02 5.0390E-02 5.6230E-02 6.2240E-02 6.7520E-02 7.1310E-02 7.2450E-02
2.1230E+06 4.6180E-02 4.7020E-02 4.9070E-02 5.2470E-02 5.7560E-02 6.2540E-02 6.7740E-02 7.2810E-02 7.5910E-02 7.7440E-02
2.4060E+06 5.5610E-02 5.6230E-02 5.8520E-02 6.1650E-02 6.5730E-02 7.0790E-02 7.5430E-02 7.9730E-02 8.2980E-02 8.3850E-02
2.7280E+06 6.6520E-02 6.6920E-02 6.8970E-02 7.1950E-02 7.5720E-02 8.0230E-02 8.4150E-02 8.8060E-02 9.0860E-02 9.1930E-02
3.0920E+06 7.7350E-02 7.8110E-02 8.0160E-02 8.2200E-02 8.6620E-02 9.0480E-02 9.4300E-02 9.7540E-02 1.0020E-01 1.0110E-01
3.5060E+06 8.8330E-02 8.8730E-02 9.0780E-02 9.3150E-02 9.6570E-02 1.0050E-01 1.0440E-01 1.0750E-01 1.0980E-01 1.1040E-01
3.9740E+06 9.7790E-02 9.8770E-02 1.0050E-01 1.0340E-01 1.0680E-01 1.1070E-01 1.1440E-01 1.1730E-01 1.1910E-01 1.1980E-01
4.5050E+06 1.0670E-01 1.0760E-01 1.0940E-01 1.1220E-01 1.1550E-01 1.1980E-01 1.2320E-01 1.2650E-01 1.2860E-01 1.2900E-01
5.1070E+06 1.1500E-01 1.1580E-01 1.1760E-01 1.2010E-01 1.2440E-01 1.2830E-01 1.3220E-01 1.3510E-01 1.3700E-01 1.3790E-01
5.7900E+06 1.2160E-01 1.2320E-01 1.2490E-01 1.2760E-01 1.3210E-01 1.3570E-01 1.3970E-01 1.4330E-01 1.4520E-01 1.4640E-01
6.5630E+06 1.2860E-01 1.2900E-01 1.3190E-01 1.3450E-01 1.3840E-01 1.4380E-01 1.4700E-01 1.5130E-01 1.5290E-01 1.5290E-01
7.4410E+06 1.3520E-01 1.3600E-01 1.3750E-01 1.4180E-01 1.4610E-01 1.5050E-01 1.5440E-01 1.5850E-01 1.6120E-01 1.6180E-01
8.4350E+06 1.4090E-01 1.4190E-01 1.4480E-01 1.4800E-01 1.5210E-01 1.5750E-01 1.6200E-01 1.6650E-01 1.6870E-01 1.6810E-01
9.5620E+06 1.4690E-01 1.4870E-01 1.5060E-01 1.5480E-01 1.5990E-01 1.6480E-01 1.6970E-01 1.7350E-01 1.7550E-01 1.7640E-01
1.0840E+07 1.5300E-01 1.5470E-01 1.5710E-01 1.6090E-01 1.6620E-01 1.7190E-01 1.7620E-01 1.8090E-01 1.8420E-01 1.8420E-01
1.2290E+07 1.6000E-01 1.6100E-01 1.6350E-01 1.6750E-01 1.7200E-01 1.7830E-01 1.8450E-01 1.8760E-01 1.9030E-01 1.9220E-01
1.3930E+07 1.6560E-01 1.6760E-01 1.7070E-01 1.7470E-01 1.8050E-01 1.8550E-01 1.9210E-01 1.9620E-01 1.9950E-01 1.9900E-01
1.5790E+07 1.7250E-01 1.7410E-01 1.7940E-01 1.8290E-01 1.8800E-01 1.9410E-01 1.9980E-01 2.0450E-01 2.0830E-01 2.0970E-01
1.7900E+07 1.8090E-01 1.8330E-01 1.8550E-01 1.9050E-01 1.9730E-01 2.0410E-01 2.0930E-01 2.1360E-01 2.1850E-01 2.1940E-01
2.0300E+07 1.8990E-01 1.9100E-01 1.9650E-01 2.0060E-01 2.0610E-01 2.1400E-01 2.2010E-01 2.2500E-01 2.2850E-01 2.2880E-01
2.3010E+07 2.0040E-01 2.0260E-01 2.0520E-01 2.1030E-01 2.1760E-01 2.2400E-01 2.3070E-01 2.3610E-01 2.3920E-01 2.3980E-01
2.6080E+07 2.1070E-01 2.1490E-01 2.1710E-01 2.2050E-01 2.3030E-01 2.3590E-01 2.4380E-01 2.4920E-01 2.5190E-01 2.5370E-01
2.9570E+07 2.2580E-01 2.2690E-01 2.3110E-01 2.3520E-01 2.4280E-01 2.4880E-01 2.5670E-01 2.6260E-01 2.6750E-01 2.6730E-01
3.3520E+07 2.4160E-01 2.4320E-01 2.4820E-01 2.5340E-01 2.5900E-01 2.6450E-01 2.7170E-01 2.7960E-01 2.8190E-01 2.8280E-01
3.8000E+07 2.6030E-01 2.6130E-01 2.6250E-01 2.6930E-01 2.7840E-01 2.8530E-01 2.8960E-01 2.9420E-01 2.9770E-01 2.9950E-01
-----------------------

E[V/m]_energy[eV]
N2
NUM_COLUMNS:  10
COL_VALUES:  0.0 10.0 20.0 30.0 40.0 50.0 60.0 70.0 80.0 90.0
COMMENT: generated by particle_swarm
-----------------------
5.0000E+05 1.0450E+00 1.0440E+00 1.0430E+00 1.0410E+00 1.0390E+00 1.0360E+00 1.0350E+00 1.0320E+00 1.0310E+00 1.0310E+00
6.0000E+05 1.0630E+00 1.0620E+00 1.0610E+00 1.0590E+00 1.0560E+00 1.0530E+00 1.0520E+00 1.0500E+00 1.0480E+00 1.0480E+00
7.0000E+05 1.0770E+00 1.0770E+00 1.0760E+00 1.0740E+00 1.0710E+00 1.0690E+00 1.0670E+00 1.0640E+00 1.0630E+00 1.0620E+00
8.0000E+05 1.0920E+00 1.0910E+00 1.0900E+00 1.0890E+00 1.0860E+00 1.0830E+00 1.0800E+00 1.0780E+00 1.0760E+00 1.0760E+00
9.0000E+05 1.1090E+00 1.1080E+00 1.1060E+00 1.1030E+00 1.1010E+00 1.0990E+00 1.0950E+00 1.0920E+00 1.0900E+00 1.0910E+00
1.0000E+06 1.1280E+00 1.1270E+00 1.1250E+00 1.1230E+00 1.1200E+00 1.1160E+00 1.1130E+00 1.1100E+00 1.1080E+00 1.1080E+00
1.1340E+06 1.1630E+00 1.1620E+00 1.1600E+00 1.1570E+00 1.1530E+00 1.1490E+00 1.1450E+00 1.1410E+00 1.1390E+00 1.1390E+00
1.2850E+06 1.2220E+00 1.2210E+00 1.2170E+00 1.2130E+00 1.2090E+00 1.2040E+00 1.1980E+00 1.1940E+00 1.1910E+00 1.1900E+00
1.4570E+06 1.3190E+00 1.3180E+00 1.3140E+00 1.3080E+00 1.3020E+00 1.2940E+00 1.2880E+00 1.2810E+00 1.2780E+00 1.2760E+00
1.6520E+06 1.4730E+00 1.4700E+00 1.4660E+00 1.4590E+00 1.4480E+00 1.4400E+00 1.4300E+00 1.4230E+00 1.4190E+00 1.4160E+00
1.8720E+06 1.6960E+00 1.6960E+00 1.6900E+00 1.6820E+00 1.6680E+00 1.6570E+00 1.6450E+00 1.6350E+00 1.6270E+00 1.6260E+00
2.1230E+06 2.0050E+00 2.0010E+00 1.9920E+00 1.9830E+00 1.9710E+00 1.9510E+00 1.9390E+00 1.9290E+00 1.9200E+00 1.9180E+00
2.4060E+06 2.3830E+00 2.3840E+00 2.3740E+00 2.3650E+00 2.3480E+00 2.3330E+00 2.3150E+00 2.3040E+00 2.2940E+00 2.2880E+00
2.7280E+06 2.8270E+00 2.8260E+00 2.8160E+00 2.8000E+00 2.7860E+00 2.7690E+00 2.7510E+00 2.7360E+00 2.7310E+00 2.7220E+00
3.0920E+06 3.3050E+00 3.3060E+00 3.2960E+00 3.2770E+00 3.2660E+00 3.2450E+00 3.2320E+00 3.2110E+00 3.2030E+00 3.2050E+00
3.5060E+06 3.8000E+00 3.7970E+00 3.7900E+00 3.7750E+00 3.7610E+00 3.7430E+00 3.7300E+00 3.7140E+00 3.7020E+00 3.7010E+00
3.9740E+06 4.2980E+00 4.2930E+00 4.2860E+00 4.2740E+00 4.2580E+00 4.2440E+00 4.2260E+00 4.2180E+00 4.2080E+00 4.2010E+00
4.5050E+06 4.7920E+00 4.7900E+00 4.7810E+00 4.7680E+00 4.7540E+00 4.7410E+00 4.7250E+00 4.7150E+00 4.7040E+00 4.7030E+00
5.1070E+06 5.2840E+00 5.2810E+00 5.2740E+00 5.2620E+00 5.2530E+00 5.2330E+00 5.2210E+00 5.2100E+00 5.2030E+00 5.1930E+00
5.7900E+06 5.7720E+00 5.7760E+00 5.7700E+00 5.7550E+00 5.7430E+00 5.7360E+00 5.7170E+00 5.7140E+00 5.7000E+00 5.7010E+00
6.5630E+06 6.2880E+00 6.2840E+00 6.2780E+00 6.2690E+00 6.2590E+00 6.2460E+00 6.2370E+00 6.2230E+00 6.2170E+00 6.2110E+00
7.4410E+06 6.8240E+00 6.8190E+00 6.8090E+00 6.8050E+00 6.7960E+00 6.7770E+00 6.7700E+00 6.7560E+00 6.7580E+00 6.7550E+00
8.4350E+06 7.3940E+00 7.3910E+00 7.3950E+00 7.3840E+00 7.3740E+00 7.3640E+00 7.3490E+00 7.3350E+00 7.3340E+00 7.3230E+00
9.5620E+06 8.0220E+00 8.0250E+00 8.0160E+00 8.0050E+00 8.0000E+00 7.9910E+00 7.9720E+00 7.9630E+00 7.9550E+00 7.9490E+00
1.0840E+07 8.7200E+00 8.7110E+00 8.7060E+00 8.7030E+00 8.6880E+00 8.6750E+00 8.6630E+00 8.6460E+00 8.6420E+00 8.6470E+00
1.2290E+07 9.4910E+00 9.4850E+00 9.4830E+00 9.4670E+00 9.4530E+00 9.4390E+00 9.4370E+00 9.4170E+00 9.4130E+00 9.4190E+00
1.3930E+07 1.0360E+01 1.0350E+01 1.0350E+01 1.0340E+01 1.0320E+01 1.0300E+01 1.0280E+01 1.0290E+01 1.0270E+01 1.0270E+01
1.5790E+07 1.1320E+01 1.1330E+01 1.1320E+01 1.1310E+01 1.1300E+01 1.1280E+01 1.1270E+01 1.1260E+01 1.1250E+01 1.1250E+01
1.7900E+07 1.2430E+01 1.2430E+01 1.2420E+01 1.2410E+01 1.2410E+01 1.2400E+01 1.2370E+01 1.2360E+01 1.2360E+01 1.2350E+01
2.0300E+07 1.3720E+01 1.3690E+01 1.3700E+01 1.3670E+01 1.3670E+01 1.3650E+01 1.3630E+01 1.3620E+01 1.3600E+01 1.3600E+01
2.3010E+07 1.5140E+01 1.5140E+01 1.5140E+01 1.5120E+01 1.5100E+01 1.5080E+01 1.5060E+01 1.5040E+01 1.5040E+01 1.5030E+01
2.6080E+07 1.6790E+01 1.6810E+01 1.6800E+01 1.6750E+01 1.6750E+01 1.6740E+01 1.6710E+01 1.6700E+01 1.6690E+01 1.6680E+01
2.9570E+07 1.8700E+01 1.8700E+01 1.8710E+01 1.8690E+01 1.8620E+01 1.8610E+01 1.8590E+01 1.8610E+01 1.8600E+01 1.8580E+01
3.3520E+07 2.0900E+01 2.0880E+01 2.0920E+01 2.0860E+01 2.0850E+01 2.0820E+01 2.0800E+01 2.0800E+01 2.0770E+01 2.0750E+01
3.8000E+07 2.3430E+01 2.3440E+01 2.3410E+01 2.3410E+01 2.3400E+01 2.3370E+01 2.3320E+01 2.3310E+01 2.3310E+01 2.3300E+01
-----------------------

