E[V/m]_muB[m2/Vs]
N2
NUM_COLUMNS:  10
COL_VALUES:  0.0 10.0 20.0 30.0 40.0 50.0 60.0 70.0 80.0 90.0
COMMENT: generated by particle_swarm
-----------------------
5.0000E+05 6.1190E-02 6.1640E-02 6.2000E-02 6.3380E-02 6.4980E-02 6.7750E-02 7.1760E-02 7.8060E-02 8.7280E-02 9.6500E-02
6.0000E+05 5.8860E-02 5.8830E-02 5.9650E-02 6.0630E-02 6.2520E-02 6.4870E-02 6.8490E-02 7.4210E-02 8.2700E-02 9.1190E-02
7.0000E+05 5.6700E-02 5.6840E-02 5.7560E-02 5.8750E-02 6.0260E-02 6.2900E-02 6.5770E-02 7.0910E-02 7.8210E-02 8.5510E-02
8.0000E+05 5.5110E-02 5.5360E-02 5.6130E-02 5.7070E-02 5.8560E-02 6.0800E-02 6.4160E-02 6.8760E-02 7.5940E-02 8.3120E-02
9.0000E+05 5.4070E-02 5.3960E-02 5.4810E-02 5.5660E-02 5.7240E-02 5.9420E-02 6.2680E-02 6.6910E-02 7.3530E-02 8.0150E-02
1.0000E+06 5.2680E-02 5.2940E-02 5.3600E-02 5.4520E-02 5.5940E-02 5.8390E-02 6.1340E-02 6.5880E-02 7.2280E-02 7.8680E-02
1.1340E+06 5.1280E-02 5.1380E-02 5.1990E-02 5.3110E-02 5.4610E-02 5.6790E-02 5.9860E-02 6.4280E-02 7.0450E-02 7.6620E-02
1.2850E+06 4.9800E-02 5.0140E-02 5.0530E-02 5.1650E-02 5.3180E-02 5.5540E-02 5.8550E-02 6.3000E-02 6.9090E-02 7.5180E-02
1.4570E+06 4.8440E-02 4.8690E-02 4.9340E-02 5.0320E-02 5.1820E-02 5.4010E-02 5.7370E-02 6.1590E-02 6.8210E-02 7.4830E-02
1.6520E+06 4.7040E-02 4.7240E-02 4.7740E-02 4.8890E-02 5.0450E-02 5.2670E-02 5.5980E-02 6.0390E-02 6.6720E-02 7.3050E-02
1.8720E+06 4.5790E-02 4.6050E-02 4.6510E-02 4.7550E-02 4.9030E-02 5.1370E-02 5.4480E-02 5.9420E-02 6.5790E-02 7.2160E-02
2.1230E+06 4.4600E-02 4.4710E-02 4.5300E-02 4.6150E-02 4.7670E-02 4.9910E-02 5.3210E-02 5.8130E-02 6.4420E-02 7.0710E-02
2.4060E+06 4.3580E-02 4.3740E-02 4.4080E-02 4.5090E-02 4.6260E-02 4.8430E-02 5.1600E-02 5.6410E-02 6.3610E-02 7.0810E-02
2.7280E+06 4.2560E-02 4.2680E-02 4.3030E-02 4.3940E-02 4.5130E-02 4.7100E-02 5.0140E-02 5.4990E-02 6.2060E-02 6.9130E-02
3.0920E+06 4.1620E-02 4.1760E-02 4.2130E-02 4.2920E-02 4.3970E-02 4.5680E-02 4.8600E-02 5.3210E-02 6.0550E-02 6.7890E-02
3.5060E+06 4.0820E-02 4.0890E-02 4.1210E-02 4.1790E-02 4.2930E-02 4.4420E-02 4.7010E-02 5.1470E-02 5.8480E-02 6.5490E-02
3.9740E+06 4.0010E-02 4.0120E-02 4.0400E-02 4.0970E-02 4.1850E-02 4.3240E-02 4.5520E-02 4.9390E-02 5.6160E-02 6.2930E-02
4.5050E+06 3.9260E-02 3.9270E-02 3.9630E-02 4.0120E-02 4.0910E-02 4.2200E-02 4.4210E-02 4.7650E-02 5.3730E-02 5.9810E-02
5.1070E+06 3.8380E-02 3.8450E-02 3.8750E-02 3.9230E-02 3.9960E-02 4.1100E-02 4.2840E-02 4.5770E-02 5.1220E-02 5.6670E-02
5.7900E+06 3.7510E-02 3.7610E-02 3.7910E-02 3.8340E-02 3.9120E-02 4.0190E-02 4.1530E-02 4.4240E-02 4.8860E-02 5.3480E-02
6.5630E+06 3.6630E-02 3.6790E-02 3.7040E-02 3.7460E-02 3.8150E-02 3.9190E-02 4.0490E-02 4.2650E-02 4.6580E-02 5.0510E-02
7.4410E+06 3.5760E-02 3.5860E-02 3.6190E-02 3.6530E-02 3.7230E-02 3.8280E-02 3.9370E-02 4.1270E-02 4.4250E-02 4.7230E-02
8.4350E+06 3.4880E-02 3.4920E-02 3.5170E-02 3.5720E-02 3.6290E-02 3.7260E-02 3.8430E-02 3.9980E-02 4.2370E-02 4.4760E-02
9.5620E+06 3.3910E-02 3.4040E-02 3.4240E-02 3.4780E-02 3.5320E-02 3.6200E-02 3.7360E-02 3.8720E-02 4.0840E-02 4.2960E-02
1.0840E+07 3.2970E-02 3.3090E-02 3.3290E-02 3.3830E-02 3.4320E-02 3.5260E-02 3.6360E-02 3.7630E-02 3.9100E-02 4.0570E-02
1.2290E+07 3.1950E-02 3.2000E-02 3.2340E-02 3.2710E-02 3.3390E-02 3.4160E-02 3.5200E-02 3.6340E-02 3.7820E-02 3.9300E-02
1.3930E+07 3.0900E-02 3.0990E-02 3.1280E-02 3.1690E-02 3.2320E-02 3.3190E-02 3.4120E-02 3.5340E-02 3.6480E-02 3.7620E-02
1.5790E+07 2.9940E-02 3.0050E-02 3.0310E-02 3.0570E-02 3.1220E-02 3.2000E-02 3.2980E-02 3.4120E-02 3.5090E-02 3.6060E-02
1.7900E+07 2.8900E-02 2.8960E-02 2.9190E-02 2.9590E-02 3.0160E-02 3.0980E-02 3.1780E-02 3.2970E-02 3.3980E-02 3.4990E-02
2.0300E+07 2.7850E-02 2.7920E-02 2.8180E-02 2.8510E-02 2.9060E-02 2.9770E-02 3.0690E-02 3.1680E-02 3.2620E-02 3.3560E-02
2.3010E+07 2.6890E-02 2.6920E-02 2.7150E-02 2.7550E-02 2.7970E-02 2.8690E-02 2.9500E-02 3.0520E-02 3.1300E-02 3.2080E-02
2.6080E+07 2.5850E-02 2.5940E-02 2.6060E-02 2.6450E-02 2.6940E-02 2.7580E-02 2.8340E-02 2.9070E-02 2.9800E-02 3.0530E-02
2.9570E+07 2.4890E-02 2.4950E-02 2.5150E-02 2.5460E-02 2.5850E-02 2.6460E-02 2.7140E-02 2.7860E-02 2.8780E-02 2.9700E-02
3.3520E+07 2.3930E-02 2.4020E-02 2.4190E-02 2.4410E-02 2.4790E-02 2.5470E-02 2.5990E-02 2.6800E-02 2.7130E-02 2.7460E-02
3.8000E+07 2.3010E-02 2.3100E-02 2.3240E-02 2.3460E-02 2.3850E-02 2.4290E-02 2.4890E-02 2.5550E-02 2.6130E-02 2.6710E-02
-----------------------

E[V/m]_muxB[m2/Vs]
N2
NUM_COLUMNS:  10
COL_VALUES:  0.0 10.0 20.0 30.0 40.0 50.0 60.0 70.0 80.0 90.0
COMMENT: generated by particle_swarm
-----------------------
5.0000E+05 8.9070E-03 8.9070E-03 8.3380E-03 8.6220E-03 8.7640E-03 8.4390E-03 8.0330E-03 7.6450E-03 6.9150E-03 6.2960E-03
6.0000E+05 8.8660E-03 8.8660E-03 9.7600E-03 9.2420E-03 8.9080E-03 8.6080E-03 8.3890E-03 7.7770E-03 7.2960E-03 6.7320E-03
7.0000E+05 9.9640E-03 9.9640E-03 9.4500E-03 9.2870E-03 8.8950E-03 8.9510E-03 8.7400E-03 8.1420E-03 7.4770E-03 7.0790E-03
8.0000E+05 9.8210E-03 9.8210E-03 9.9630E-03 9.6280E-03 9.2710E-03 9.0240E-03 8.6820E-03 8.4160E-03 7.8660E-03 7.3030E-03
9.0000E+05 9.2720E-03 9.2720E-03 1.0110E-02 9.7510E-03 9.4940E-03 9.3860E-03 8.8970E-03 8.4460E-03 7.9970E-03 7.5780E-03
1.0000E+06 9.9040E-03 9.9040E-03 9.7670E-03 9.8920E-03 9.5880E-03 9.4170E-03 9.0440E-03 8.6290E-03 8.0970E-03 7.6830E-03
1.1340E+06 1.0340E-02 1.0340E-02 9.9680E-03 9.9390E-03 9.7180E-03 9.5660E-03 9.2170E-03 8.7920E-03 8.2390E-03 7.8800E-03
1.2850E+06 1.0450E-02 1.0450E-02 1.0270E-02 1.0140E-02 9.9650E-03 9.7160E-03 9.3390E-03 8.8930E-03 8.3820E-03 7.9950E-03
1.4570E+06 1.0240E-02 1.0240E-02 1.0290E-02 1.0290E-02 1.0090E-02 9.8110E-03 9.4920E-03 9.0550E-03 8.5410E-03 8.1210E-03
1.6520E+06 1.0290E-02 1.0290E-02 1.0520E-02 1.0390E-02 1.0290E-02 1.0060E-02 9.7110E-03 9.1260E-03 8.6370E-03 8.2550E-03
1.8720E+06 1.0650E-02 1.0650E-02 1.0560E-02 1.0570E-02 1.0460E-02 1.0150E-02 9.7750E-03 9.3110E-03 8.7380E-03 8.3340E-03
2.1230E+06 1.1040E-02 1.1040E-02 1.0580E-02 1.0770E-02 1.0500E-02 1.0270E-02 9.9380E-03 9.4600E-03 8.8480E-03 8.4140E-03
2.4060E+06 1.0990E-02 1.0990E-02 1.0800E-02 1.0770E-02 1.0580E-02 1.0450E-02 1.0030E-02 9.5840E-03 8.9530E-03 8.5630E-03
2.7280E+06 1.1210E-02 1.1210E-02 1.1000E-02 1.0840E-02 1.0770E-02 1.0540E-02 1.0210E-02 9.7220E-03 9.1000E-03 8.6140E-03
3.0920E+06 1.1020E-02 1.1020E-02 1.1050E-02 1.0860E-02 1.0840E-02 1.0620E-02 1.0340E-02 9.8630E-03 9.2200E-03 8.7630E-03
3.5060E+06 1.1340E-02 1.1340E-02 1.1110E-02 1.1000E-02 1.0950E-02 1.0740E-02 1.0470E-02 1.0000E-02 9.3980E-03 8.9380E-03
3.9740E+06 1.1190E-02 1.1190E-02 1.1240E-02 1.1070E-02 1.0990E-02 1.0890E-02 1.0600E-02 1.0200E-02 9.5930E-03 9.1100E-03
4.5050E+06 1.1310E-02 1.1310E-02 1.1350E-02 1.1170E-02 1.1100E-02 1.0980E-02 1.0730E-02 1.0340E-02 9.8040E-03 9.3430E-03
5.1070E+06 1.1520E-02 1.1520E-02 1.1260E-02 1.1210E-02 1.1190E-02 1.1080E-02 1.0860E-02 1.0540E-02 1.0060E-02 9.6070E-03
5.7900E+06 1.1230E-02 1.1230E-02 1.1430E-02 1.1380E-02 1.1250E-02 1.1190E-02 1.1000E-02 1.0690E-02 1.0250E-02 9.8630E-03
6.5630E+06 1.1460E-02 1.1460E-02 1.1470E-02 1.1520E-02 1.1360E-02 1.1300E-02 1.1100E-02 1.0840E-02 1.0460E-02 1.0120E-02
7.4410E+06 1.1610E-02 1.1610E-02 1.1590E-02 1.1590E-02 1.1500E-02 1.1330E-02 1.1210E-02 1.1020E-02 1.0680E-02 1.0400E-02
8.4350E+06 1.1500E-02 1.1500E-02 1.1800E-02 1.1620E-02 1.1540E-02 1.1470E-02 1.1340E-02 1.1160E-02 1.0870E-02 1.0660E-02
9.5620E+06 1.1720E-02 1.1720E-02 1.1840E-02 1.1670E-02 1.1660E-02 1.1570E-02 1.1440E-02 1.1290E-02 1.1060E-02 1.0870E-02
1.0840E+07 1.1920E-02 1.1920E-02 1.1910E-02 1.1780E-02 1.1790E-02 1.1690E-02 1.1570E-02 1.1430E-02 1.1240E-02 1.1050E-02
1.2290E+07 1.2010E-02 1.2010E-02 1.2010E-02 1.1940E-02 1.1850E-02 1.1830E-02 1.1700E-02 1.1560E-02 1.1400E-02 1.1280E-02
1.3930E+07 1.2420E-02 1.2420E-02 1.2120E-02 1.2030E-02 1.2020E-02 1.1920E-02 1.1850E-02 1.1680E-02 1.1550E-02 1.1450E-02
1.5790E+07 1.2390E-02 1.2390E-02 1.2210E-02 1.2180E-02 1.2100E-02 1.2120E-02 1.1920E-02 1.1830E-02 1.1680E-02 1.1640E-02
1.7900E+07 1.2170E-02 1.2170E-02 1.2240E-02 1.2270E-02 1.2270E-02 1.2100E-02 1.2060E-02 1.1950E-02 1.1850E-02 1.1780E-02
2.0300E+07 1.2290E-02 1.2290E-02 1.2360E-02 1.2380E-02 1.2360E-02 1.2290E-02 1.2170E-02 1.2090E-02 1.1960E-02 1.1930E-02
2.3010E+07 1.2540E-02 1.2540E-02 1.2450E-02 1.2390E-02 1.2450E-02 1.2350E-02 1.2310E-02 1.2190E-02 1.2120E-02 1.2060E-02
2.6080E+07 1.2600E-02 1.2600E-02 1.2670E-02 1.2500E-02 1.2500E-02 1.2460E-02 1.2380E-02 1.2310E-02 1.2260E-02 1.2200E-02
2.9570E+07 1.2740E-02 1.2740E-02 1.2670E-02 1.2550E-02 1.2520E-02 1.2540E-02 1.2470E-02 1.2390E-02 1.2340E-02 1.2330E-02
3.3520E+07 1.2540E-02 1.2540E-02 1.2530E-02 1.2650E-02 1.2530E-02 1.2560E-02 1.2540E-02 1.2470E-02 1.2410E-02 1.2410E-02
3.8000E+07 1.2670E-02 1.2670E-02 1.2630E-02 1.2590E-02 1.2630E-02 1.2550E-02 1.2520E-02 1.2510E-02 1.2460E-02 1.2450E-02
-----------------------

E[V/m]_muExB[m2/Vs]
N2
NUM_COLUMNS:  10
COL_VALUES:  0.0 10.0 20.0 30.0 40.0 50.0 60.0 70.0 80.0 90.0
COMMENT: generated by particle_swarm
-----------------------
5.0000E+05 2.0760E-02 2.0760E-02 2.0210E-02 2.0870E-02 2.1350E-02 2.1280E-02 2.1750E-02 2.2180E-02 2.2720E-02 2.3070E-02
6.0000E+05 1.9870E-02 1.9870E-02 2.0290E-02 2.0780E-02 2.0920E-02 2.0940E-02 2.1410E-02 2.1850E-02 2.2440E-02 2.2800E-02
7.0000E+05 1.9620E-02 1.9620E-02 2.0030E-02 2.0070E-02 2.0480E-02 2.0770E-02 2.1120E-02 2.1520E-02 2.2130E-02 2.2490E-02
8.0000E+05 2.0080E-02 2.0080E-02 1.9530E-02 2.0060E-02 2.0190E-02 2.0600E-02 2.0880E-02 2.1410E-02 2.1960E-02 2.2260E-02
9.0000E+05 2.0050E-02 2.0050E-02 1.9450E-02 2.0030E-02 1.9940E-02 2.0370E-02 2.0700E-02 2.1160E-02 2.1690E-02 2.2150E-02
1.0000E+06 1.9430E-02 1.9430E-02 1.9240E-02 1.9500E-02 1.9760E-02 2.0070E-02 2.0450E-02 2.0990E-02 2.1560E-02 2.1910E-02
1.1340E+06 1.8800E-02 1.8800E-02 1.8960E-02 1.9320E-02 1.9470E-02 1.9830E-02 2.0290E-02 2.0800E-02 2.1430E-02 2.1750E-02
1.2850E+06 1.8890E-02 1.8890E-02 1.8570E-02 1.8830E-02 1.9120E-02 1.9560E-02 2.0120E-02 2.0570E-02 2.1200E-02 2.1540E-02
1.4570E+06 1.8480E-02 1.8480E-02 1.8550E-02 1.8640E-02 1.8900E-02 1.9310E-02 1.9780E-02 2.0340E-02 2.1000E-02 2.1390E-02
1.6520E+06 1.7950E-02 1.7950E-02 1.8180E-02 1.8280E-02 1.8590E-02 1.8960E-02 1.9520E-02 2.0150E-02 2.0800E-02 2.1240E-02
1.8720E+06 1.7650E-02 1.7650E-02 1.7970E-02 1.8210E-02 1.8410E-02 1.8820E-02 1.9310E-02 1.9880E-02 2.0590E-02 2.1080E-02
2.1230E+06 1.8210E-02 1.8210E-02 1.7850E-02 1.7840E-02 1.8230E-02 1.8620E-02 1.9040E-02 1.9670E-02 2.0410E-02 2.0890E-02
2.4060E+06 1.7480E-02 1.7480E-02 1.7560E-02 1.7810E-02 1.8050E-02 1.8360E-02 1.8750E-02 1.9440E-02 2.0210E-02 2.0670E-02
2.7280E+06 1.7630E-02 1.7630E-02 1.7640E-02 1.7620E-02 1.7900E-02 1.8180E-02 1.8590E-02 1.9240E-02 1.9970E-02 2.0500E-02
3.0920E+06 1.7270E-02 1.7270E-02 1.7580E-02 1.7670E-02 1.7750E-02 1.8010E-02 1.8410E-02 1.9010E-02 1.9780E-02 2.0310E-02
3.5060E+06 1.7490E-02 1.7490E-02 1.7460E-02 1.7550E-02 1.7690E-02 1.7900E-02 1.8280E-02 1.8800E-02 1.9560E-02 2.0080E-02
3.9740E+06 1.7500E-02 1.7500E-02 1.7280E-02 1.7430E-02 1.7570E-02 1.7790E-02 1.8160E-02 1.8580E-02 1.9300E-02 1.9820E-02
4.5050E+06 1.7150E-02 1.7150E-02 1.7120E-02 1.7310E-02 1.7510E-02 1.7720E-02 1.8010E-02 1.8420E-02 1.9090E-02 1.9570E-02
5.1070E+06 1.6770E-02 1.6770E-02 1.7150E-02 1.7180E-02 1.7430E-02 1.7570E-02 1.7880E-02 1.8260E-02 1.8840E-02 1.9310E-02
5.7900E+06 1.6940E-02 1.6940E-02 1.6960E-02 1.7130E-02 1.7260E-02 1.7470E-02 1.7730E-02 1.8090E-02 1.8600E-02 1.9000E-02
6.5630E+06 1.6980E-02 1.6980E-02 1.7000E-02 1.6930E-02 1.7140E-02 1.7330E-02 1.7570E-02 1.7920E-02 1.8390E-02 1.8730E-02
7.4410E+06 1.6520E-02 1.6520E-02 1.6680E-02 1.6750E-02 1.6900E-02 1.7130E-02 1.7400E-02 1.7720E-02 1.8110E-02 1.8420E-02
8.4350E+06 1.6510E-02 1.6510E-02 1.6270E-02 1.6500E-02 1.6700E-02 1.6900E-02 1.7180E-02 1.7510E-02 1.7860E-02 1.8120E-02
9.5620E+06 1.6080E-02 1.6080E-02 1.6150E-02 1.6270E-02 1.6420E-02 1.6660E-02 1.6870E-02 1.7280E-02 1.7570E-02 1.7820E-02
1.0840E+07 1.5910E-02 1.5910E-02 1.5870E-02 1.5930E-02 1.6110E-02 1.6370E-02 1.6620E-02 1.6940E-02 1.7310E-02 1.7480E-02
1.2290E+07 1.5580E-02 1.5580E-02 1.5550E-02 1.5620E-02 1.5850E-02 1.6130E-02 1.6310E-02 1.6690E-02 1.6940E-02 1.7110E-02
1.3930E+07 1.5290E-02 1.5290E-02 1.5270E-02 1.5280E-02 1.5510E-02 1.5750E-02 1.6030E-02 1.6340E-02 1.6640E-02 1.6760E-02
1.5790E+07 1.4760E-02 1.4760E-02 1.4830E-02 1.5010E-02 1.5180E-02 1.5410E-02 1.5720E-02 1.5970E-02 1.6270E-02 1.6390E-02
1.7900E+07 1.4590E-02 1.4590E-02 1.4500E-02 1.4580E-02 1.4780E-02 1.5070E-02 1.5300E-02 1.5620E-02 1.5880E-02 1.5990E-02
2.0300E+07 1.4040E-02 1.4040E-02 1.4010E-02 1.4200E-02 1.4430E-02 1.4680E-02 1.4940E-02 1.5220E-02 1.5490E-02 1.5570E-02
2.3010E+07 1.3570E-02 1.3570E-02 1.3580E-02 1.3780E-02 1.3960E-02 1.4240E-02 1.4500E-02 1.4780E-02 1.5010E-02 1.5130E-02
2.6080E+07 1.3200E-02 1.3200E-02 1.3090E-02 1.3280E-02 1.3550E-02 1.3730E-02 1.4010E-02 1.4280E-02 1.4520E-02 1.4620E-02
2.9570E+07 1.2500E-02 1.2500E-02 1.2790E-02 1.2880E-02 1.3010E-02 1.3240E-02 1.3500E-02 1.3810E-02 1.4010E-02 1.4090E-02
3.3520E+07 1.2340E-02 1.2340E-02 1.2150E-02 1.2290E-02 1.2550E-02 1.2790E-02 1.3020E-02 1.3280E-02 1.3500E-02 1.3550E-02
3.8000E+07 1.1850E-02 1.1850E-02 1.1700E-02 1.1870E-02 1.2000E-02 1.2250E-02 1.2510E-02 1.2740E-02 1.2930E-02 1.2980E-02
-----------------------

E[V/m]_alpha[1/m]
N2
NUM_COLUMNS:  10
COL_VALUES:  0.0 10.0 20.0 30.0 40.0 50.0 60.0 70.0 80.0 90.0
COMMENT: generated by particle_swarm
-----------------------
5.0000E+05 0.0000E+00 0.0000E+00 0.0000E+00 0.0000E+00 0.0000E+00 0.0000E+00 0.0000E+00 0.0000E+00 0.0000E+00 0.0000E+00
6.0000E+05 0.0000E+00 0.0000E+00 0.0000E+00 0.0000E+00 0.0000E+00 0.0000E+00 0.0000E+00 0.0000E+00 0.0000E+00 0.0000E+00
7.0000E+05 0.0000E+00 0.0000E+00 0.0000E+00 0.0000E+00 0.0000E+00 0.0000E+00 0.0000E+00 0.0000E+00 0.0000E+00 0.0000E+00
8.0000E+05 0.0000E+00 0.0000E+00 0.0000E+00 0.0000E+00 0.0000E+00 0.0000E+00 0.0000E+00 0.0000E+00 0.0000E+00 0.0000E+00
9.0000E+05 0.0000E+00 0.0000E+00 0.0000E+00 0.0000E+00 0.0000E+00 0.0000E+00 0.0000E+00 0.0000E+00 0.0000E+00 0.0000E+00
1.0000E+06 0.0000E+00 0.0000E+00 0.0000E+00 8.7940E-03 0.0000E+00 0.0000E+00 0.0000E+00 0.0000E+00 0.0000E+00 0.0000E+00
1.1340E+06 7.9320E-03 7.5600E-03 0.0000E+00 0.0000E+00 0.0000E+00 0.0000E+00 0.0000E+00 0.0000E+00 0.0000E+00 0.0000E+00
1.2850E+06 1.2080E-01 1.2480E-01 3.2590E-03 9.0350E-03 7.0050E-03 0.0000E+00 0.0000E+00 0.0000E+00 0.0000E+00 0.0000E+00
1.4570E+06 7.4490E-01 8.7170E-01 2.7090E-01 2.9690E-01 0.0000E+00 1.9650E-03 0.0000E+00 0.0000E+00 0.0000E+00 0.0000E+00
1.6520E+06 4.1980E+00 3.3530E+00 1.4400E+00 1.1700E+00 2.9510E-01 5.2550E-02 3.5590E-03 0.0000E+00 3.0760E-03 0.0000E+00
1.8720E+06 1.6100E+01 1.2100E+01 8.5500E+00 6.6110E+00 1.9070E+00 5.6990E-01 9.4350E-02 7.1270E-03 0.0000E+00 0.0000E+00
2.1230E+06 5.1440E+01 5.1140E+01 3.9390E+01 2.1240E+01 8.2580E+00 2.6480E+00 6.5920E-01 6.2340E-02 2.5550E-02 9.2550E-03
2.4060E+06 1.6150E+02 1.4270E+02 1.0210E+02 6.8030E+01 3.1050E+01 1.1630E+01 2.7090E+00 5.3220E-01 3.7990E-01 1.6270E-01
2.7280E+06 3.9230E+02 3.7300E+02 2.9980E+02 2.0400E+02 1.0390E+02 4.0350E+01 1.6640E+01 3.4610E+00 1.1050E+00 6.5910E-01
3.0920E+06 9.1800E+02 8.5400E+02 7.1070E+02 4.9000E+02 2.9360E+02 1.3050E+02 5.0150E+01 1.6960E+01 4.5940E+00 4.2400E+00
3.5060E+06 1.8690E+03 1.7790E+03 1.5090E+03 1.0660E+03 6.7150E+02 3.5170E+02 1.4140E+02 5.6800E+01 2.3330E+01 1.4820E+01
3.9740E+06 3.6170E+03 3.4220E+03 2.9440E+03 2.2100E+03 1.4540E+03 8.1810E+02 3.9090E+02 1.5970E+02 8.1980E+01 5.4980E+01
4.5050E+06 6.3380E+03 6.0570E+03 5.2710E+03 4.0910E+03 2.8560E+03 1.7350E+03 9.0150E+02 4.4500E+02 2.2400E+02 1.7070E+02
5.1070E+06 1.0530E+04 1.0190E+04 8.9060E+03 7.1810E+03 5.2440E+03 3.3760E+03 1.9070E+03 1.0120E+03 5.7670E+02 4.5040E+02
5.7900E+06 1.6680E+04 1.6070E+04 1.4340E+04 1.1850E+04 8.8650E+03 6.0170E+03 3.6720E+03 2.1260E+03 1.2740E+03 1.0450E+03
6.5630E+06 2.5210E+04 2.4540E+04 2.2020E+04 1.8680E+04 1.4310E+04 1.0190E+04 6.6530E+03 4.1090E+03 2.6780E+03 2.2110E+03
7.4410E+06 3.6840E+04 3.5920E+04 3.2880E+04 2.8020E+04 2.2180E+04 1.6180E+04 1.1100E+04 7.2430E+03 5.0680E+03 4.3150E+03
8.4350E+06 5.2110E+04 5.1150E+04 4.6810E+04 4.0810E+04 3.3090E+04 2.5160E+04 1.7990E+04 1.2350E+04 8.9650E+03 7.8360E+03
9.5620E+06 7.2090E+04 7.0520E+04 6.5190E+04 5.7580E+04 4.7570E+04 3.7160E+04 2.7520E+04 1.9800E+04 1.5090E+04 1.3220E+04
1.0840E+07 9.6200E+04 9.4320E+04 8.8240E+04 7.8630E+04 6.6040E+04 5.3040E+04 4.0520E+04 3.0460E+04 2.3800E+04 2.1320E+04
1.2290E+07 1.2630E+05 1.2330E+05 1.1630E+05 1.0490E+05 8.9990E+04 7.3830E+04 5.8090E+04 4.4860E+04 3.6060E+04 3.2960E+04
1.3930E+07 1.6100E+05 1.5800E+05 1.4970E+05 1.3720E+05 1.1960E+05 9.9920E+04 8.0390E+04 6.3960E+04 5.2980E+04 4.9000E+04
1.5790E+07 2.0320E+05 2.0010E+05 1.9020E+05 1.7520E+05 1.5500E+05 1.3240E+05 1.0900E+05 8.9020E+04 7.5000E+04 7.0470E+04
1.7900E+07 2.5030E+05 2.4680E+05 2.3610E+05 2.1890E+05 1.9620E+05 1.7000E+05 1.4350E+05 1.2020E+05 1.0380E+05 9.8200E+04
2.0300E+07 3.0240E+05 2.9920E+05 2.8780E+05 2.6870E+05 2.4520E+05 2.1560E+05 1.8530E+05 1.5870E+05 1.3930E+05 1.3300E+05
2.3010E+07 3.6090E+05 3.5640E+05 3.4540E+05 3.2520E+05 2.9910E+05 2.6760E+05 2.3360E+05 2.0410E+05 1.8280E+05 1.7530E+05
2.6080E+07 4.2440E+05 4.2100E+05 4.0720E+05 3.8790E+05 3.5940E+05 3.2680E+05 2.9090E+05 2.5810E+05 2.3560E+05 2.2570E+05
2.9570E+07 4.9250E+05 4.8680E+05 4.7500E+05 4.5450E+05 4.2460E+05 3.9090E+05 3.5390E+05 3.1940E+05 2.9410E+05 2.8590E+05
3.3520E+07 5.6340E+05 5.5890E+05 5.4640E+05 5.2530E+05 4.9560E+05 4.6110E+05 4.2370E+05 3.8840E+05 3.6140E+05 3.5330E+05
3.8000E+07 6.3520E+05 6.3070E+05 6.1890E+05 5.9960E+05 5.6920E+05 5.3570E+05 4.9760E+05 4.6250E+05 4.3780E+05 4.2850E+05
-----------------------

E[V/m]_eta[1/m]
N2
NUM_COLUMNS:  10
COL_VALUES:  0.0 10.0 20.0 30.0 40.0 50.0 60.0 70.0 80.0 90.0
COMMENT: generated by particle_swarm
-----------------------
5.0000E+05 0.0000E+00 0.0000E+00 0.0000E+00 0.0000E+00 0.0000E+00 0.0000E+00 0.0000E+00 0.0000E+00 0.0000E+00 0.0000E+00
6.0000E+05 0.0000E+00 0.0000E+00 0.0000E+00 0.0000E+00 0.0000E+00 0.0000E+00 0.0000E+00 0.0000E+00 0.0000E+00 0.0000E+00
7.0000E+05 0.0000E+00 0.0000E+00 0.0000E+00 0.0000E+00 0.0000E+00 0.0000E+00 0.0000E+00 0.0000E+00 0.0000E+00 0.0000E+00
8.0000E+05 0.0000E+00 0.0000E+00 0.0000E+00 0.0000E+00 0.0000E+00 0.0000E+00 0.0000E+00 0.0000E+00 0.0000E+00 0.0000E+00
9.0000E+05 0.0000E+00 0.0000E+00 0.0000E+00 0.0000E+00 0.0000E+00 0.0000E+00 0.0000E+00 0.0000E+00 0.0000E+00 0.0000E+00
1.0000E+06 0.0000E+00 0.0000E+00 0.0000E+00 0.0000E+00 0.0000E+00 0.0000E+00 0.0000E+00 0.0000E+00 0.0000E+00 0.0000E+00
1.1340E+06 0.0000E+00 0.0000E+00 0.0000E+00 0.0000E+00 0.0000E+00 0.0000E+00 0.0000E+00 0.0000E+00 0.0000E+00 0.0000E+00
1.2850E+06 0.0000E+00 0.0000E+00 0.0000E+00 0.0000E+00 0.0000E+00 0.0000E+00 0.0000E+00 0.0000E+00 0.0000E+00 0.0000E+00
1.4570E+06 0.0000E+00 0.0000E+00 0.0000E+00 0.0000E+00 0.0000E+00 0.0000E+00 0.0000E+00 0.0000E+00 0.0000E+00 0.0000E+00
1.6520E+06 0.0000E+00 0.0000E+00 0.0000E+00 0.0000E+00 0.0000E+00 0.0000E+00 0.0000E+00 0.0000E+00 0.0000E+00 0.0000E+00
1.8720E+06 0.0000E+00 0.0000E+00 0.0000E+00 0.0000E+00 0.0000E+00 0.0000E+00 0.0000E+00 0.0000E+00 0.0000E+00 0.0000E+00
2.1230E+06 0.0000E+00 0.0000E+00 0.0000E+00 0.0000E+00 0.0000E+00 0.0000E+00 0.0000E+00 0.0000E+00 0.0000E+00 0.0000E+00
2.4060E+06 0.0000E+00 0.0000E+00 0.0000E+00 0.0000E+00 0.0000E+00 0.0000E+00 0.0000E+00 0.0000E+00 0.0000E+00 0.0000E+00
2.7280E+06 0.0000E+00 0.0000E+00 0.0000E+00 0.0000E+00 0.0000E+00 0.0000E+00 0.0000E+00 0.0000E+00 0.0000E+00 0.0000E+00
3.0920E+06 0.0000E+00 0.0000E+00 0.0000E+00 0.0000E+00 0.0000E+00 0.0000E+00 0.0000E+00 0.0000E+00 0.0000E+00 0.0000E+00
3.5060E+06 0.0000E+00 0.0000E+00 0.0000E+00 0.0000E+00 0.0000E+00 0.0000E+00 0.0000E+00 0.0000E+00 0.0000E+00 0.0000E+00
3.9740E+06 0.0000E+00 0.0000E+00 0.0000E+00 0.0000E+00 0.0000E+00 0.0000E+00 0.0000E+00 0.0000E+00 0.0000E+00 0.0000E+00
4.5050E+06 0.0000E+00 0.0000E+00 0.0000E+00 0.0000E+00 0.0000E+00 0.0000E+00 0.0000E+00 0.0000E+00 0.0000E+00 0.0000E+00
5.1070E+06 0.0000E+00 0.0000E+00 0.0000E+00 0.0000E+00 0.0000E+00 0.0000E+00 0.0000E+00 0.0000E+00 0.0000E+00 0.0000E+00
5.7900E+06 0.0000E+00 0.0000E+00 0.0000E+00 0.0000E+00 0.0000E+00 0.0000E+00 0.0000E+00 0.0000E+00 0.0000E+00 0.0000E+00
6.5630E+06 0.0000E+00 0.0000E+00 0.0000E+00 0.0000E+00 0.0000E+00 0.0000E+00 0.0000E+00 0.0000E+00 0.0000E+00 0.0000E+00
7.4410E+06 0.0000E+00 0.0000E+00 0.0000E+00 0.0000E+00 0.0000E+00 0.0000E+00 0.0000E+00 0.0000E+00 0.0000E+00 0.0000E+00
8.4350E+06 0.0000E+00 0.0000E+00 0.0000E+00 0.0000E+00 0.0000E+00 0.0000E+00 0.0000E+00 0.0000E+00 0.0000E+00 0.0000E+00
9.5620E+06 0.0000E+00 0.0000E+00 0.0000E+00 0.0000E+00 0.0000E+00 0.0000E+00 0.0000E+00 0.0000E+00 0.0000E+00 0.0000E+00
1.0840E+07 0.0000E+00 0.0000E+00 0.0000E+00 0.0000E+00 0.0000E+00 0.0000E+00 0.0000E+00 0.0000E+00 0.0000E+00 0.0000E+00
1.2290E+07 0.0000E+00 0.0000E+00 0.0000E+00 0.0000E+00 0.0000E+00 0.0000E+00 0.0000E+00 0.0000E+00 0.0000E+00 0.0000E+00
1.3930E+07 0.0000E+00 0.0000E+00 0.0000E+00 0.0000E+00 0.0000E+00 0.0000E+00 0.0000E+00 0.0000E+00 0.0000E+00 0.0000E+00
1.5790E+07 0.0000E+00 0.0000E+00 0.0000E+00 0.0000E+00 0.0000E+00 0.0000E+00 0.0000E+00 0.0000E+00 0.0000E+00 0.0000E+00
1.7900E+07 0.0000E+00 0.0000E+00 0.0000E+00 0.0000E+00 0.0000E+00 0.0000E+00 0.0000E+00 0.0000E+00 0.0000E+00 0.0000E+00
2.0300E+07 0.0000E+00 0.0000E+00 0.0000E+00 0.0000E+00 0.0000E+00 0.0000E+00 0.0000E+00 0.0000E+00 0.0000E+00 0.0000E+00
2.3010E+07 0.0000E+00 0.0000E+00 0.0000E+00 0.0000E+00 0.0000E+00 0.0000E+00 0.0000E+00 0.0000E+00 0.0000E+00 0.0000E+00
2.6080E+07 0.0000E+00 0.0000E+00 0.0000E+00 0.0000E+00 0.0000E+00 0.0000E+00 0.0000E+00 0.0000E+00 0.0000E+00 0.0000E+00
2.9570E+07 0.0000E+00 0.0000E+00 0.0000E+00 0.0000E+00 0.0000E+00 0.0000E+00 0.0000E+00 0.0000E+00 0.0000E+00 0.0000E+00
3.3520E+07 0.0000E+00 0.0000E+00 0.0000E+00 0.0000E+00 0.0000E+00 0.0000E+00 0.0000E+00 0.0000E+00 0.0000E+00 0.0000E+00
3.8000E+07 0.0000E+00 0.0000E+00 0.0000E+00 0.0000E+00 0.0000E+00 0.0000E+00 0.0000E+00 0.0000E+00 0.0000E+00 0.0000E+00
-----------------------

E[V/m]_diff_xB[m2/s]
N2
NUM_COLUMNS:  10
COL_VALUES:  0.0 10.0 20.0 30.0 40.0 50.0 60.0 70.0 80.0 90.0
COMMENT: generated by particle_swarm
-----------------------
5.0000E+05 4.3130E-03 4.3650E-03 4.2380E-03 4.2640E-03 4.1160E-03 4.0730E-03 3.8490E-03 3.5510E-03 3.2320E-03 2.8450E-03
6.0000E+05 4.4830E-03 4.4870E-03 4.4430E-03 4.4010E-03 4.3070E-03 4.1360E-03 4.1240E-03 3.8260E-03 3.4790E-03 3.1050E-03
7.0000E+05 4.5820E-03 4.6190E-03 4.6530E-03 4.5840E-03 4.4390E-03 4.3540E-03 4.0800E-03 3.9440E-03 3.7280E-03 3.3660E-03
8.0000E+05 4.7920E-03 4.7520E-03 4.6690E-03 4.6920E-03 4.6010E-03 4.4570E-03 4.3330E-03 4.1560E-03 3.9310E-03 3.6800E-03
9.0000E+05 5.0310E-03 4.9490E-03 4.9120E-03 4.7710E-03 4.7300E-03 4.6060E-03 4.3930E-03 4.2500E-03 4.0010E-03 3.8240E-03
1.0000E+06 5.1640E-03 5.1350E-03 5.0980E-03 4.9620E-03 4.8390E-03 4.7170E-03 4.5300E-03 4.3470E-03 4.1290E-03 3.9970E-03
1.1340E+06 5.5300E-03 5.4520E-03 5.3900E-03 5.2340E-03 5.0810E-03 4.8770E-03 4.6470E-03 4.4840E-03 4.2780E-03 4.1990E-03
1.2850E+06 5.9770E-03 5.9480E-03 5.7760E-03 5.5830E-03 5.3020E-03 5.1130E-03 4.8650E-03 4.6580E-03 4.4150E-03 4.3310E-03
1.4570E+06 6.8220E-03 6.6460E-03 6.5380E-03 6.1120E-03 5.7050E-03 5.3300E-03 5.0370E-03 4.8250E-03 4.6200E-03 4.5460E-03
1.6520E+06 8.0420E-03 7.8500E-03 7.5390E-03 7.0070E-03 6.3640E-03 5.7430E-03 5.3370E-03 5.0130E-03 4.7870E-03 4.6950E-03
1.8720E+06 9.8970E-03 9.6410E-03 9.1680E-03 8.2780E-03 7.4040E-03 6.4670E-03 5.8490E-03 5.3480E-03 5.0250E-03 4.9320E-03
2.1230E+06 1.2240E-02 1.2060E-02 1.1300E-02 1.0270E-02 8.7920E-03 7.6010E-03 6.4900E-03 5.7530E-03 5.3560E-03 5.1980E-03
2.4060E+06 1.5210E-02 1.4910E-02 1.4070E-02 1.2840E-02 1.1110E-02 9.1880E-03 7.6150E-03 6.5750E-03 5.8870E-03 5.6340E-03
2.7280E+06 1.8640E-02 1.8460E-02 1.7340E-02 1.5940E-02 1.3880E-02 1.1520E-02 9.2660E-03 7.6650E-03 6.6700E-03 6.3040E-03
3.0920E+06 2.2350E-02 2.1910E-02 2.1030E-02 1.9440E-02 1.7380E-02 1.4420E-02 1.1660E-02 9.2610E-03 7.7260E-03 7.3160E-03
3.5060E+06 2.6190E-02 2.5730E-02 2.4780E-02 2.3210E-02 2.0910E-02 1.7730E-02 1.4610E-02 1.1480E-02 9.5210E-03 8.8330E-03
3.9740E+06 2.9990E-02 2.9710E-02 2.8690E-02 2.7190E-02 2.4740E-02 2.1600E-02 1.8000E-02 1.4540E-02 1.1810E-02 1.0800E-02
4.5050E+06 3.3340E-02 3.3500E-02 3.2530E-02 3.0890E-02 2.8650E-02 2.5560E-02 2.1870E-02 1.7830E-02 1.4720E-02 1.3290E-02
5.1070E+06 3.7350E-02 3.7390E-02 3.6390E-02 3.4850E-02 3.2550E-02 2.9720E-02 2.5870E-02 2.1730E-02 1.8230E-02 1.6600E-02
5.7900E+06 4.1210E-02 4.0910E-02 4.0050E-02 3.8600E-02 3.6550E-02 3.3510E-02 3.0000E-02 2.5860E-02 2.2030E-02 2.0470E-02
6.5630E+06 4.5260E-02 4.4880E-02 4.3910E-02 4.2400E-02 4.0580E-02 3.7630E-02 3.4100E-02 2.9910E-02 2.6340E-02 2.4650E-02
7.4410E+06 4.9270E-02 4.8930E-02 4.8340E-02 4.6650E-02 4.4180E-02 4.1560E-02 3.8160E-02 3.4340E-02 3.0720E-02 2.9020E-02
8.4350E+06 5.3430E-02 5.3160E-02 5.2330E-02 5.0750E-02 4.8590E-02 4.5840E-02 4.2700E-02 3.8660E-02 3.5130E-02 3.3680E-02
9.5620E+06 5.8050E-02 5.7890E-02 5.6840E-02 5.5630E-02 5.3130E-02 5.0400E-02 4.7020E-02 4.3140E-02 3.9860E-02 3.8360E-02
1.0840E+07 6.3140E-02 6.3030E-02 6.2080E-02 6.0710E-02 5.8050E-02 5.5060E-02 5.1660E-02 4.7890E-02 4.4950E-02 4.3670E-02
1.2290E+07 6.9390E-02 6.8910E-02 6.7590E-02 6.6250E-02 6.3100E-02 6.0380E-02 5.6800E-02 5.3260E-02 5.0040E-02 4.8960E-02
1.3930E+07 7.5940E-02 7.5490E-02 7.4290E-02 7.2550E-02 6.9500E-02 6.6530E-02 6.3090E-02 5.9020E-02 5.6280E-02 5.4910E-02
1.5790E+07 8.2810E-02 8.2550E-02 8.1080E-02 7.9100E-02 7.6450E-02 7.2730E-02 6.9640E-02 6.5610E-02 6.2860E-02 6.1620E-02
1.7900E+07 9.1110E-02 9.0760E-02 8.8800E-02 8.6600E-02 8.3660E-02 8.0780E-02 7.6740E-02 7.2940E-02 7.0170E-02 6.8840E-02
2.0300E+07 9.9110E-02 9.9030E-02 9.7950E-02 9.4820E-02 9.2440E-02 8.9670E-02 8.5190E-02 8.1470E-02 7.9050E-02 7.8210E-02
2.3010E+07 1.0990E-01 1.0920E-01 1.0770E-01 1.0560E-01 1.0270E-01 9.8700E-02 9.5140E-02 9.1330E-02 8.8580E-02 8.7530E-02
2.6080E+07 1.2070E-01 1.2020E-01 1.1870E-01 1.1670E-01 1.1380E-01 1.1030E-01 1.0650E-01 1.0240E-01 9.9910E-02 9.9270E-02
2.9570E+07 1.3350E-01 1.3220E-01 1.3130E-01 1.2870E-01 1.2570E-01 1.2160E-01 1.1860E-01 1.1540E-01 1.1310E-01 1.1240E-01
3.3520E+07 1.4850E-01 1.4600E-01 1.4660E-01 1.4220E-01 1.3920E-01 1.3690E-01 1.3310E-01 1.3040E-01 1.2850E-01 1.2800E-01
3.8000E+07 1.6400E-01 1.6210E-01 1.6180E-01 1.6080E-01 1.5650E-01 1.5250E-01 1.5110E-01 1.4710E-01 1.4490E-01 1.4550E-01
-----------------------

E[V/m]_diff_B[m2/s]
N2
NUM_COLUMNS:  10
COL_VALUES:  0.0 10.0 20.0 30.0 40.0 50.0 60.0 70.0 80.0 90.0
COMMENT: generated by particle_swarm
-----------------------
5.0000E+05 2.6700E-02 2.6940E-02 2.7110E-02 2.8010E-02 2.9200E-02 3.0950E-02 3.3800E-02 3.9880E-02 5.1190E-02 6.8290E-02
6.0000E+05 2.5830E-02 2.6280E-02 2.6390E-02 2.7050E-02 2.8520E-02 3.0380E-02 3.3580E-02 3.9620E-02 5.1510E-02 6.9970E-02
7.0000E+05 2.5410E-02 2.5580E-02 2.5730E-02 2.6810E-02 2.7940E-02 2.9480E-02 3.2790E-02 3.8970E-02 5.1860E-02 7.0500E-02
8.0000E+05 2.5000E-02 2.4910E-02 2.5820E-02 2.6280E-02 2.7490E-02 2.9400E-02 3.2570E-02 3.8610E-02 5.1800E-02 7.1260E-02
9.0000E+05 2.5220E-02 2.4850E-02 2.5150E-02 2.5950E-02 2.6740E-02 2.9120E-02 3.2370E-02 3.8850E-02 5.2180E-02 7.1870E-02
1.0000E+06 2.4770E-02 2.4960E-02 2.5360E-02 2.5970E-02 2.7000E-02 2.8760E-02 3.2010E-02 3.8260E-02 5.2220E-02 7.1700E-02
1.1340E+06 2.5110E-02 2.5120E-02 2.5390E-02 2.5790E-02 2.6720E-02 2.8500E-02 3.1780E-02 3.8120E-02 5.2530E-02 7.1560E-02
1.2850E+06 2.6200E-02 2.6230E-02 2.5990E-02 2.6110E-02 2.6730E-02 2.8460E-02 3.1440E-02 3.7970E-02 5.2280E-02 7.1560E-02
1.4570E+06 2.8420E-02 2.8450E-02 2.7840E-02 2.7530E-02 2.7440E-02 2.8610E-02 3.1480E-02 3.7840E-02 5.2030E-02 7.1450E-02
1.6520E+06 3.2400E-02 3.1800E-02 3.0840E-02 2.9860E-02 2.9010E-02 2.9290E-02 3.1560E-02 3.7560E-02 5.1760E-02 7.1310E-02
1.8720E+06 3.8060E-02 3.7560E-02 3.5850E-02 3.3770E-02 3.2170E-02 3.0680E-02 3.2080E-02 3.7760E-02 5.1640E-02 7.1060E-02
2.1230E+06 4.5830E-02 4.5310E-02 4.3310E-02 3.9900E-02 3.6500E-02 3.4010E-02 3.3880E-02 3.8160E-02 5.1250E-02 7.0780E-02
2.4060E+06 5.5810E-02 5.5230E-02 5.2540E-02 4.8670E-02 4.3380E-02 3.8850E-02 3.6580E-02 3.9590E-02 5.1860E-02 7.0870E-02
2.7280E+06 6.6550E-02 6.5620E-02 6.2660E-02 5.8450E-02 5.2700E-02 4.6490E-02 4.1740E-02 4.2020E-02 5.3070E-02 7.1040E-02
3.0920E+06 7.7270E-02 7.6120E-02 7.4080E-02 6.9400E-02 6.3240E-02 5.5220E-02 4.8830E-02 4.6420E-02 5.5070E-02 7.2510E-02
3.5060E+06 8.8280E-02 8.7130E-02 8.4820E-02 8.0450E-02 7.4060E-02 6.6020E-02 5.7660E-02 5.2940E-02 5.8510E-02 7.4170E-02
3.9740E+06 9.8470E-02 9.7510E-02 9.4890E-02 9.1430E-02 8.5560E-02 7.7700E-02 6.8270E-02 6.0850E-02 6.3890E-02 7.7830E-02
4.5050E+06 1.0760E-01 1.0630E-01 1.0480E-01 1.0120E-01 9.6080E-02 8.8990E-02 7.9640E-02 7.1440E-02 7.1080E-02 8.3110E-02
5.1070E+06 1.1480E-01 1.1480E-01 1.1300E-01 1.1030E-01 1.0570E-01 9.9560E-02 9.1090E-02 8.2300E-02 8.0300E-02 8.9920E-02
5.7900E+06 1.2270E-01 1.2180E-01 1.2040E-01 1.1770E-01 1.1440E-01 1.0940E-01 1.0190E-01 9.3930E-02 9.0570E-02 9.8050E-02
6.5630E+06 1.2910E-01 1.2860E-01 1.2700E-01 1.2550E-01 1.2280E-01 1.1850E-01 1.1220E-01 1.0530E-01 1.0130E-01 1.0710E-01
7.4410E+06 1.3510E-01 1.3470E-01 1.3370E-01 1.3160E-01 1.2970E-01 1.2720E-01 1.2190E-01 1.1610E-01 1.1220E-01 1.1640E-01
8.4350E+06 1.4110E-01 1.4110E-01 1.3970E-01 1.3910E-01 1.3740E-01 1.3480E-01 1.3110E-01 1.2670E-01 1.2270E-01 1.2600E-01
9.5620E+06 1.4730E-01 1.4710E-01 1.4620E-01 1.4560E-01 1.4320E-01 1.4060E-01 1.3910E-01 1.3590E-01 1.3340E-01 1.3540E-01
1.0840E+07 1.5370E-01 1.5310E-01 1.5250E-01 1.5200E-01 1.4970E-01 1.4900E-01 1.4710E-01 1.4460E-01 1.4310E-01 1.4460E-01
1.2290E+07 1.5920E-01 1.5980E-01 1.5970E-01 1.5800E-01 1.5780E-01 1.5600E-01 1.5540E-01 1.5380E-01 1.5270E-01 1.5480E-01
1.3930E+07 1.6710E-01 1.6400E-01 1.6630E-01 1.6570E-01 1.6440E-01 1.6350E-01 1.6350E-01 1.6250E-01 1.6190E-01 1.6400E-01
1.5790E+07 1.7360E-01 1.7440E-01 1.7250E-01 1.7240E-01 1.7170E-01 1.7150E-01 1.7160E-01 1.7180E-01 1.7140E-01 1.7260E-01
1.7900E+07 1.8070E-01 1.8160E-01 1.7940E-01 1.8040E-01 1.8010E-01 1.8030E-01 1.7920E-01 1.8220E-01 1.8240E-01 1.8340E-01
2.0300E+07 1.8950E-01 1.9050E-01 1.9100E-01 1.8870E-01 1.8900E-01 1.8940E-01 1.8900E-01 1.9000E-01 1.9140E-01 1.9300E-01
2.3010E+07 2.0110E-01 1.9860E-01 2.0030E-01 1.9990E-01 1.9930E-01 2.0010E-01 1.9970E-01 2.0030E-01 2.0310E-01 2.0430E-01
2.6080E+07 2.1180E-01 2.1190E-01 2.1150E-01 2.1020E-01 2.1210E-01 2.1110E-01 2.1050E-01 2.1160E-01 2.1510E-01 2.1650E-01
2.9570E+07 2.2560E-01 2.2600E-01 2.2490E-01 2.2560E-01 2.2370E-01 2.2140E-01 2.2230E-01 2.2540E-01 2.2770E-01 2.2950E-01
3.3520E+07 2.4110E-01 2.4060E-01 2.3920E-01 2.3980E-01 2.3620E-01 2.3900E-01 2.3750E-01 2.3870E-01 2.4020E-01 2.4210E-01
3.8000E+07 2.5670E-01 2.6000E-01 2.5810E-01 2.5680E-01 2.5360E-01 2.5310E-01 2.5310E-01 2.5220E-01 2.5640E-01 2.5760E-01
-----------------------

E[V/m]_energy[eV]
N2
NUM_COLUMNS:  10
COL_VALUES:  0.0 10.0 20.0 30.0 40.0 50.0 60.0 70.0 80.0 90.0
COMMENT: generated by particle_swarm
-----------------------
5.0000E+05 1.0440E+00 1.0440E+00 1.0380E+00 1.0310E+00 1.0180E+00 1.0010E+00 9.7410E-01 9.3430E-01 8.6560E-01 7.7840E-01
6.0000E+05 1.0630E+00 1.0610E+00 1.0560E+00 1.0480E+00 1.0370E+00 1.0200E+00 9.9520E-01 9.5880E-01 9.0140E-01 8.3530E-01
7.0000E+05 1.0770E+00 1.0750E+00 1.0710E+00 1.0630E+00 1.0520E+00 1.0340E+00 1.0110E+00 9.7740E-01 9.2570E-01 8.7230E-01
8.0000E+05 1.0920E+00 1.0900E+00 1.0850E+00 1.0760E+00 1.0630E+00 1.0470E+00 1.0230E+00 9.9190E-01 9.4500E-01 8.9840E-01
9.0000E+05 1.1080E+00 1.1060E+00 1.1000E+00 1.0880E+00 1.0750E+00 1.0570E+00 1.0340E+00 1.0030E+00 9.5920E-01 9.1730E-01
1.0000E+06 1.1270E+00 1.1240E+00 1.1170E+00 1.1030E+00 1.0860E+00 1.0670E+00 1.0430E+00 1.0120E+00 9.6910E-01 9.3040E-01
1.1340E+06 1.1630E+00 1.1580E+00 1.1450E+00 1.1260E+00 1.1040E+00 1.0820E+00 1.0540E+00 1.0220E+00 9.8020E-01 9.4440E-01
1.2850E+06 1.2220E+00 1.2140E+00 1.1930E+00 1.1640E+00 1.1320E+00 1.1000E+00 1.0680E+00 1.0330E+00 9.8950E-01 9.5620E-01
1.4570E+06 1.3170E+00 1.3070E+00 1.2750E+00 1.2270E+00 1.1750E+00 1.1280E+00 1.0860E+00 1.0450E+00 9.9970E-01 9.6570E-01
1.6520E+06 1.4740E+00 1.4540E+00 1.4030E+00 1.3320E+00 1.2490E+00 1.1740E+00 1.1130E+00 1.0610E+00 1.0100E+00 9.7480E-01
1.8720E+06 1.6930E+00 1.6710E+00 1.5990E+00 1.4940E+00 1.3740E+00 1.2540E+00 1.1600E+00 1.0890E+00 1.0260E+00 9.8640E-01
2.1230E+06 2.0030E+00 1.9700E+00 1.8800E+00 1.7360E+00 1.5590E+00 1.3870E+00 1.2390E+00 1.1330E+00 1.0520E+00 1.0070E+00
2.4060E+06 2.3870E+00 2.3470E+00 2.2330E+00 2.0590E+00 1.8300E+00 1.5870E+00 1.3710E+00 1.2110E+00 1.0980E+00 1.0410E+00
2.7280E+06 2.8280E+00 2.7840E+00 2.6580E+00 2.4560E+00 2.1830E+00 1.8750E+00 1.5730E+00 1.3400E+00 1.1790E+00 1.1020E+00
3.0920E+06 3.3040E+00 3.2630E+00 3.1310E+00 2.9140E+00 2.6070E+00 2.2410E+00 1.8590E+00 1.5360E+00 1.3080E+00 1.2060E+00
3.5060E+06 3.7990E+00 3.7550E+00 3.6280E+00 3.4010E+00 3.0830E+00 2.6790E+00 2.2280E+00 1.8160E+00 1.5040E+00 1.3650E+00
3.9740E+06 4.2990E+00 4.2570E+00 4.1260E+00 3.9020E+00 3.5820E+00 3.1620E+00 2.6660E+00 2.1730E+00 1.7830E+00 1.5980E+00
4.5050E+06 4.7940E+00 4.7480E+00 4.6200E+00 4.4030E+00 4.0860E+00 3.6700E+00 3.1550E+00 2.6060E+00 2.1390E+00 1.9120E+00
5.1070E+06 5.2790E+00 5.2420E+00 5.1160E+00 4.8980E+00 4.5930E+00 4.1810E+00 3.6630E+00 3.0880E+00 2.5720E+00 2.3060E+00
5.7900E+06 5.7780E+00 5.7340E+00 5.6070E+00 5.4010E+00 5.0910E+00 4.6880E+00 4.1820E+00 3.6010E+00 3.0570E+00 2.7680E+00
6.5630E+06 6.2860E+00 6.2440E+00 6.1120E+00 5.9010E+00 5.5930E+00 5.2000E+00 4.7020E+00 4.1310E+00 3.5740E+00 3.2810E+00
7.4410E+06 6.8190E+00 6.7800E+00 6.6490E+00 6.4200E+00 6.1070E+00 5.7050E+00 5.2150E+00 4.6550E+00 4.1120E+00 3.8210E+00
8.4350E+06 7.3980E+00 7.3520E+00 7.2120E+00 6.9720E+00 6.6460E+00 6.2350E+00 5.7480E+00 5.1930E+00 4.6570E+00 4.3840E+00
9.5620E+06 8.0260E+00 7.9780E+00 7.8200E+00 7.5730E+00 7.2280E+00 6.7980E+00 6.2960E+00 5.7470E+00 5.2280E+00 4.9610E+00
1.0840E+07 8.7150E+00 8.6670E+00 8.5010E+00 8.2270E+00 7.8490E+00 7.4020E+00 6.8810E+00 6.3230E+00 5.8120E+00 5.5540E+00
1.2290E+07 9.4960E+00 9.4220E+00 9.2480E+00 8.9560E+00 8.5540E+00 8.0680E+00 7.5240E+00 6.9430E+00 6.4290E+00 6.1910E+00
1.3930E+07 1.0350E+01 1.0280E+01 1.0080E+01 9.7760E+00 9.3390E+00 8.8180E+00 8.2240E+00 7.6240E+00 7.1010E+00 6.8640E+00
1.5790E+07 1.1340E+01 1.1270E+01 1.1050E+01 1.0690E+01 1.0220E+01 9.6610E+00 9.0180E+00 8.3910E+00 7.8440E+00 7.6090E+00
1.7900E+07 1.2440E+01 1.2370E+01 1.2120E+01 1.1740E+01 1.1210E+01 1.0600E+01 9.9220E+00 9.2450E+00 8.6900E+00 8.4520E+00
2.0300E+07 1.3690E+01 1.3600E+01 1.3350E+01 1.2910E+01 1.2370E+01 1.1690E+01 1.0950E+01 1.0230E+01 9.6450E+00 9.4090E+00
2.3010E+07 1.5140E+01 1.5030E+01 1.4750E+01 1.4290E+01 1.3660E+01 1.2920E+01 1.2120E+01 1.1360E+01 1.0740E+01 1.0500E+01
2.6080E+07 1.6780E+01 1.6690E+01 1.6330E+01 1.5850E+01 1.5160E+01 1.4360E+01 1.3500E+01 1.2660E+01 1.2030E+01 1.1750E+01
2.9570E+07 1.8700E+01 1.8550E+01 1.8210E+01 1.7640E+01 1.6850E+01 1.5990E+01 1.5050E+01 1.4170E+01 1.3480E+01 1.3230E+01
3.3520E+07 2.0900E+01 2.0770E+01 2.0370E+01 1.9710E+01 1.8830E+01 1.7910E+01 1.6870E+01 1.5930E+01 1.5190E+01 1.4930E+01
3.8000E+07 2.3420E+01 2.3300E+01 2.2840E+01 2.2120E+01 2.1150E+01 2.0080E+01 1.8960E+01 1.7950E+01 1.7200E+01 1.6900E+01
-----------------------

