E[V/m]_muB[m2/Vs]
AIR
NUM_COLUMNS:  10
COL_VALUES:  1.0 10.78 20.56 30.33 40.11 49.89 59.67 69.44 79.22 89.0
COMMENT: generated by particle_swarm
-----------------------
999952.270111 0.05243 0.05277 0.05379 0.05444 0.05534 0.05741 0.06024 0.06282 0.06462 0.06324
2526384.75457 0.04306 0.04341 0.04357 0.04435 0.04544 0.04681 0.04896 0.0517 0.05487 0.05715
4052617.26948 0.03991 0.03996 0.04022 0.04065 0.04125 0.0421 0.04327 0.04487 0.04668 0.04713
5578849.7844 0.0377 0.03781 0.03805 0.03836 0.0389 0.03935 0.04016 0.04096 0.04208 0.04355
7105082.12479 0.03619 0.03619 0.03631 0.03654 0.03694 0.03743 0.03802 0.03869 0.03896 0.03403
8631313.94169 0.03461 0.0346 0.03495 0.03497 0.03538 0.03592 0.03637 0.03679 0.03697 0.03531
10161546.8945 0.03351 0.03363 0.03371 0.03376 0.03422 0.0344 0.03482 0.03526 0.03568 0.03475
11681779.6251 0.03231 0.03242 0.03241 0.03273 0.03299 0.03346 0.03373 0.03427 0.03433 0.03351
13212012.578 0.03133 0.03142 0.03153 0.03171 0.03201 0.03236 0.03263 0.03277 0.03346 0.03433
14732245.3088 0.03045 0.03059 0.03078 0.03073 0.03116 0.03146 0.03178 0.03193 0.03242 0.02903
16262476.5162 0.02974 0.02981 0.02985 0.03 0.0302 0.03029 0.03082 0.03097 0.0311 0.02934
17792709.469 0.02906 0.02898 0.02904 0.02925 0.02956 0.0297 0.02988 0.03032 0.0311 0.03373
19312942.1997 0.02838 0.02837 0.0284 0.02861 0.02885 0.02902 0.02929 0.02941 0.02959 0.02664
20843173.4074 0.02764 0.02768 0.02782 0.02786 0.02801 0.02838 0.02859 0.02898 0.02903 0.02645
22373406.3602 0.02714 0.02718 0.02723 0.02736 0.02747 0.0277 0.02806 0.02825 0.02852 0.02615
23893639.0908 0.02658 0.02661 0.02672 0.02681 0.02696 0.02721 0.02732 0.02746 0.0279 0.03355
25423872.0436 0.02611 0.02612 0.02624 0.02628 0.02652 0.02651 0.02692 0.02699 0.02682 0.02588
26944104.7743 0.02563 0.02566 0.02575 0.02581 0.02603 0.02613 0.02645 0.02646 0.02662 0.02654
28474335.9819 0.02511 0.02525 0.02525 0.02535 0.02563 0.02576 0.02585 0.02589 0.026 0.02476
30004568.9347 0.02473 0.02482 0.02493 0.02501 0.02507 0.02538 0.02537 0.02552 0.02556 0.02194
-----------------------

E[V/m]_muxB[m2/Vs]
AIR
NUM_COLUMNS:  10
COL_VALUES:  1.0 10.78 20.56 30.33 40.11 49.89 59.67 69.44 79.22 89.0
COMMENT: generated by particle_swarm
-----------------------
999952.270111 0.01585 0.02416 0.02321 0.02354 0.02334 0.02353 0.02345 0.02318 0.02281 0.02287
2526384.75457 0.02204 0.02284 0.02334 0.02311 0.0232 0.02315 0.0231 0.02281 0.02262 0.02256
4052617.26948 0.02165 0.02356 0.02339 0.02345 0.02339 0.0234 0.0234 0.02332 0.02316 0.02309
5578849.7844 0.02508 0.02352 0.02355 0.0235 0.02347 0.02352 0.02349 0.02353 0.02343 0.02338
7105082.12479 0.02303 0.02343 0.02317 0.02336 0.02336 0.02346 0.02344 0.02342 0.02341 0.02344
8631313.94169 0.02345 0.02303 0.02318 0.02318 0.02324 0.0233 0.02325 0.02326 0.02334 0.02329
10161546.8945 0.02518 0.02315 0.02285 0.02294 0.02303 0.02309 0.02309 0.02311 0.02323 0.02318
11681779.6251 0.02264 0.02302 0.02292 0.02277 0.02274 0.02279 0.02284 0.02304 0.02299 0.02298
13212012.578 0.02281 0.02258 0.02274 0.02252 0.02269 0.02272 0.02263 0.02271 0.02282 0.02266
14732245.3088 0.02502 0.02197 0.02246 0.02246 0.0225 0.02236 0.02256 0.02254 0.02251 0.02265
16262476.5162 0.02257 0.0222 0.02217 0.02199 0.02195 0.02233 0.0222 0.02243 0.02241 0.02238
17792709.469 0.02842 0.02203 0.0218 0.02186 0.02198 0.02193 0.02206 0.02204 0.02206 0.02213
19312942.1997 0.02042 0.02146 0.02156 0.0215 0.02161 0.02177 0.02185 0.02184 0.0219 0.02188
20843173.4074 0.01672 0.0216 0.02145 0.02135 0.02142 0.02149 0.02157 0.02159 0.02168 0.02165
22373406.3602 0.02217 0.021 0.02137 0.02109 0.02117 0.02126 0.02138 0.02145 0.02145 0.02141
23893639.0908 0.02256 0.02081 0.02103 0.02085 0.02103 0.02117 0.02124 0.02125 0.02122 0.02122
25423872.0436 0.01908 0.02069 0.02084 0.02081 0.02083 0.02092 0.02094 0.02101 0.02101 0.02103
26944104.7743 0.02204 0.02058 0.0205 0.02053 0.02064 0.02067 0.02072 0.02075 0.02081 0.02085
28474335.9819 0.021 0.02055 0.02051 0.02049 0.02044 0.02049 0.02055 0.02051 0.02061 0.02065
30004568.9347 0.01969 0.01989 0.02008 0.0202 0.02023 0.02029 0.02034 0.02037 0.02043 0.02039
-----------------------

E[V/m]_muExB[m2/Vs]
AIR
NUM_COLUMNS:  10
COL_VALUES:  1.0 10.78 20.56 30.33 40.11 49.89 59.67 69.44 79.22 89.0
COMMENT: generated by particle_swarm
-----------------------
999952.270111 0.02986 0.02416 0.02472 0.02506 0.02559 0.02618 0.02718 0.02832 0.02917 0.02954
2526384.75457 0.02261 0.02013 0.01992 0.02051 0.02103 0.02155 0.0224 0.02341 0.0245 0.025
4052617.26948 0.01949 0.01917 0.01897 0.01921 0.01945 0.01987 0.02036 0.02098 0.02167 0.022
5578849.7844 0.0158 0.01799 0.01811 0.01817 0.01844 0.01877 0.0191 0.01952 0.01995 0.02014
7105082.12479 0.01724 0.0169 0.01708 0.01724 0.01741 0.0178 0.01799 0.01838 0.01866 0.01878
8631313.94169 0.01805 0.01687 0.01636 0.01694 0.01655 0.01686 0.01717 0.01739 0.01763 0.0178
10161546.8945 0.01701 0.01611 0.01569 0.01568 0.01582 0.01625 0.0163 0.01649 0.01672 0.01681
11681779.6251 0.01276 0.01472 0.01486 0.01498 0.01524 0.01542 0.01568 0.01575 0.01591 0.01594
13212012.578 0.0178 0.01401 0.01457 0.01434 0.01468 0.01464 0.01491 0.01503 0.0153 0.0154
14732245.3088 0.01801 0.01373 0.01358 0.01397 0.01396 0.01417 0.01432 0.01444 0.01461 0.01465
16262476.5162 0.01001 0.01311 0.01331 0.0133 0.01348 0.01359 0.01371 0.01391 0.01396 0.01402
17792709.469 0.01073 0.01261 0.0126 0.01293 0.01286 0.01306 0.01321 0.01335 0.01343 0.01356
19312942.1997 0.01006 0.01244 0.01211 0.01233 0.01248 0.01265 0.01279 0.0129 0.01296 0.01305
20843173.4074 0.01338 0.01173 0.01202 0.01204 0.01212 0.01208 0.01235 0.01246 0.01258 0.01259
22373406.3602 0.009003 0.01138 0.01156 0.0115 0.01176 0.01178 0.0119 0.01209 0.0121 0.01223
23893639.0908 0.01216 0.01122 0.01108 0.01123 0.01143 0.01143 0.01152 0.01166 0.0118 0.01175
25423872.0436 0.006837 0.0105 0.01057 0.01079 0.01099 0.01108 0.01112 0.01134 0.01141 0.01143
26944104.7743 0.008865 0.01048 0.0105 0.01061 0.01062 0.01082 0.01085 0.01101 0.01106 0.01118
28474335.9819 0.01121 0.009822 0.01009 0.01023 0.01034 0.01045 0.01051 0.01059 0.01069 0.01071
30004568.9347 0.00818 0.009785 0.009833 0.01003 0.009996 0.01014 0.01022 0.01037 0.01044 0.01045
-----------------------

E[V/m]_alpha[1/m]
AIR
NUM_COLUMNS:  10
COL_VALUES:  1.0 10.78 20.56 30.33 40.11 49.89 59.67 69.44 79.22 89.0
COMMENT: generated by particle_swarm
-----------------------
999952.270111 0.0 0.0 0.0 0.0 0.0 0.0 0.0 0.0 0.0 0.0
2526384.75457 225.0 223.6 190.2 147.4 115.0 69.67 52.19 36.03 27.4 26.67
4052617.26948 3937.0 3798.0 3522.0 3057.0 2557.0 2086.0 1664.0 1355.0 1133.0 1069.0
5578849.7844 14520.0 14210.0 13480.0 12150.0 10790.0 9248.0 7913.0 6857.0 6153.0 5839.0
7105082.12479 32360.0 31720.0 30110.0 27930.0 25300.0 22510.0 19870.0 17850.0 16360.0 15730.0
8631313.94169 55110.0 55080.0 52540.0 49040.0 45340.0 40850.0 37200.0 33800.0 31860.0 30990.0
10161546.8945 82670.0 82020.0 79340.0 74600.0 70020.0 63790.0 59000.0 54310.0 51460.0 49950.0
11681779.6251 113400.0 111900.0 109800.0 104000.0 96650.0 91120.0 83880.0 78770.0 76050.0 73970.0
13212012.578 146500.0 143800.0 140900.0 134500.0 128500.0 120000.0 112400.0 105700.0 102200.0 100200.0
14732245.3088 180100.0 178800.0 174200.0 166500.0 158900.0 150400.0 141900.0 134800.0 130100.0 128100.0
16262476.5162 213900.0 212100.0 206900.0 199800.0 191500.0 182300.0 172100.0 164400.0 159300.0 157400.0
17792709.469 246600.0 244100.0 240500.0 233400.0 225900.0 214100.0 204400.0 197000.0 189300.0 187300.0
19312942.1997 282000.0 279500.0 274400.0 266800.0 259000.0 247800.0 236800.0 228400.0 222100.0 219200.0
20843173.4074 314100.0 312600.0 306700.0 301000.0 291000.0 280100.0 270400.0 259900.0 253400.0 250300.0
22373406.3602 347800.0 346100.0 340600.0 332200.0 323000.0 311000.0 300700.0 290000.0 284600.0 282300.0
23893639.0908 380000.0 377900.0 373600.0 364100.0 355700.0 343900.0 333500.0 324000.0 315800.0 315000.0
25423872.0436 411500.0 410200.0 404400.0 396500.0 385500.0 375000.0 365100.0 354300.0 347900.0 345400.0
26944104.7743 443000.0 440700.0 433900.0 427900.0 417900.0 407100.0 394900.0 385100.0 378600.0 375000.0
28474335.9819 471200.0 469700.0 464900.0 455100.0 445800.0 436200.0 424100.0 414600.0 408500.0 405300.0
30004568.9347 501400.0 498400.0 493900.0 485400.0 475500.0 464400.0 454900.0 444000.0 437800.0 434600.0
-----------------------

E[V/m]_eta[1/m]
AIR
NUM_COLUMNS:  10
COL_VALUES:  1.0 10.78 20.56 30.33 40.11 49.89 59.67 69.44 79.22 89.0
COMMENT: generated by particle_swarm
-----------------------
999952.270111 0.0 0.0 0.0 0.0 0.0 0.0 0.0 0.0 0.0 0.0
2526384.75457 0.0 0.0 0.0 0.0 0.0 0.0 0.0 0.0 0.0 0.0
4052617.26948 0.0 0.0 0.0 0.0 0.0 0.0 0.0 0.0 0.0 0.0
5578849.7844 0.0 0.0 0.0 0.0 0.0 0.0 0.0 0.0 0.0 0.0
7105082.12479 0.0 0.0 0.0 0.0 0.0 0.0 0.0 0.0 0.0 0.0
8631313.94169 0.0 0.0 0.0 0.0 0.0 0.0 0.0 0.0 0.0 0.0
10161546.8945 0.0 0.0 0.0 0.0 0.0 0.0 0.0 0.0 0.0 0.0
11681779.6251 0.0 0.0 0.0 0.0 0.0 0.0 0.0 0.0 0.0 0.0
13212012.578 0.0 0.0 0.0 0.0 0.0 0.0 0.0 0.0 0.0 0.0
14732245.3088 0.0 0.0 0.0 0.0 0.0 0.0 0.0 0.0 0.0 0.0
16262476.5162 0.0 0.0 0.0 0.0 0.0 0.0 0.0 0.0 0.0 0.0
17792709.469 0.0 0.0 0.0 0.0 0.0 0.0 0.0 0.0 0.0 0.0
19312942.1997 0.0 0.0 0.0 0.0 0.0 0.0 0.0 0.0 0.0 0.0
20843173.4074 0.0 0.0 0.0 0.0 0.0 0.0 0.0 0.0 0.0 0.0
22373406.3602 0.0 0.0 0.0 0.0 0.0 0.0 0.0 0.0 0.0 0.0
23893639.0908 0.0 0.0 0.0 0.0 0.0 0.0 0.0 0.0 0.0 0.0
25423872.0436 0.0 0.0 0.0 0.0 0.0 0.0 0.0 0.0 0.0 0.0
26944104.7743 0.0 0.0 0.0 0.0 0.0 0.0 0.0 0.0 0.0 0.0
28474335.9819 0.0 0.0 0.0 0.0 0.0 0.0 0.0 0.0 0.0 0.0
30004568.9347 0.0 0.0 0.0 0.0 0.0 0.0 0.0 0.0 0.0 0.0
-----------------------

E[V/m]_diff[m2/s]
AIR
NUM_COLUMNS:  10
COL_VALUES:  1.0 10.78 20.56 30.33 40.11 49.89 59.67 69.44 79.22 89.0
COMMENT: generated by particle_swarm
-----------------------
999952.270111 0.02423 0.02532 0.02626 0.02725 0.02981 0.03308 0.03942 0.04795 0.06117 0.07155
2526384.75457 0.05981 0.05927 0.05824 0.05704 0.05572 0.05539 0.05538 0.05915 0.06734 0.07518
4052617.26948 0.09989 0.09928 0.09896 0.09833 0.09707 0.09599 0.09477 0.09506 0.09782 0.1018
5578849.7844 0.1197 0.1202 0.1201 0.1208 0.1215 0.1207 0.1221 0.1222 0.1235 0.1257
7105082.12479 0.1333 0.1334 0.133 0.1347 0.1354 0.138 0.1393 0.1402 0.1418 0.1435
8631313.94169 0.1416 0.1429 0.1438 0.1447 0.1476 0.1494 0.152 0.1543 0.155 0.1572
10161546.8945 0.1503 0.1514 0.1513 0.1526 0.1559 0.1593 0.1618 0.1649 0.1664 0.1668
11681779.6251 0.1574 0.1585 0.157 0.1629 0.1644 0.169 0.1714 0.1725 0.1751 0.1769
13212012.578 0.1652 0.162 0.1656 0.1666 0.1706 0.1743 0.1788 0.1829 0.1852 0.1863
14732245.3088 0.1699 0.1683 0.1716 0.1723 0.1795 0.1829 0.185 0.1898 0.1924 0.193
16262476.5162 0.1769 0.1762 0.1785 0.1802 0.1837 0.1866 0.1915 0.1963 0.1983 0.2022
17792709.469 0.1813 0.1816 0.1853 0.1861 0.1902 0.194 0.2005 0.2058 0.2076 0.207
19312942.1997 0.189 0.1853 0.19 0.1905 0.1977 0.2025 0.2058 0.2084 0.2122 0.2152
20843173.4074 0.1935 0.1936 0.1954 0.1992 0.2008 0.2071 0.2118 0.2155 0.2203 0.2215
22373406.3602 0.1984 0.2 0.2012 0.2056 0.2075 0.2113 0.2182 0.2226 0.2274 0.2283
23893639.0908 0.2046 0.2047 0.2066 0.2103 0.2143 0.2217 0.2256 0.2256 0.2296 0.2313
25423872.0436 0.2101 0.2091 0.2131 0.215 0.2213 0.2248 0.2307 0.2348 0.2394 0.2384
26944104.7743 0.2148 0.2161 0.2197 0.2221 0.2287 0.2328 0.236 0.2407 0.2423 0.2453
28474335.9819 0.2212 0.2221 0.2222 0.2255 0.2347 0.2355 0.2416 0.2454 0.2485 0.2534
30004568.9347 0.2288 0.2294 0.2337 0.2327 0.2361 0.242 0.2454 0.2529 0.2572 0.2578
-----------------------

