el_efficiency_vs_time
------------------------------
10.30277531428231 0.015266754379649639
11.1854760285744 0.01603748463874477
12.142667538609658 0.012994959614280654
13.182029728631743 0.010755225175828942
14.311343049645997 0.011325257788420862
15.536640754112371 0.009888313935981552
16.866969581489712 0.008752416553297282
18.310532284876825 0.006111286821839368
19.878767607050055 0.005778180025167057
21.581476311733983 0.005746119698249785
23.42991461014676 0.005513361724829302
25.436732944056427 0.005380952574660425
27.61688894197458 0.007389318320524252
29.980534659508773 0.00481508780456763
32.548346410246005 0.004582329831147147
35.336089435128564 0.004349571857726664
38.365055163050414 0.006725883288846379
41.65560758191085 0.01100882236174594
45.23228458022782 0.01880397024844993
49.11389048131153 0.02479283931662568
53.45618853094543 0.04118326924895843
57.94076212400716 0.061958132089118045
62.0793882664213 0.0826032727398407
65.61690464815513 0.10829628514677347
69.44720147605585 0.13679792722648532
72.67478552547263 0.1612707655747022
75.77506918267586 0.1891182586674256
78.99706038569836 0.21152015561836413
82.3659329148314 0.2388144160914708
86.21215587232129 0.271914266667201
89.89650922514045 0.3027421198104955
93.37483579060537 0.3274726544864279
96.26665814668561 0.35255550009485603
98.87920769577204 0.3781456522862622
102.32784947472965 0.4051496328344
105.89290105886239 0.4306634333572523
109.58173353746423 0.45601954287213775
113.82330174503268 0.48131250880981824
117.81271072344408 0.515086689966661
121.91578576160718 0.5401116483648164
126.15381342541833 0.5625682144707136
130.54257458054514 0.5860905089721193
136.1077958428038 0.6128341650090755
142.4400647330769 0.6391992954528931
149.05550375307618 0.6624368875720373
159.56583934330848 0.6989950245450612
170.81998632153818 0.7361970664672826
184.87331308187112 0.7611624430378853
200.05823762246501 0.7811204133282355
214.89830032415432 0.8047459223414657
238.89462645849207 0.8256575935514676
258.6365077391323 0.8340432285393367
283.0965810067961 0.8392700556970123
305.56569443715466 0.8394217010433317
329.87470623991766 0.8381009758759681
359.19939022635623 0.8327081617190655
419.6870108507237 0.8149727094716124
449.42884957373724 0.8057634874323371
492.3332773021052 0.7917063164921208
682.858777773715 0.7263112005416392
746.5044710031857 0.7042213788129147
810.0572519089992 0.6846212979519439
879.0572963170416 0.6667271470862496
953.8971535122441 0.6472274150485304
1004.8100184491739 0.6349538135286088
------------------------------
