rt_efficiency_vs_field
-------------------------------
1.000000000000000021e-02 9.241045928642891427e-01
1.038999999999999993e-02 9.231114234900184012e-01
1.080000000000000057e-02 9.220481814510370633e-01
1.122000000000000081e-02 9.208979260388497901e-01
1.166999999999999982e-02 9.196418416075541336e-01
1.212000000000000056e-02 9.182874528478324194e-01
1.260000000000000009e-02 9.168491696516187783e-01
1.308999999999999921e-02 9.152898195871191911e-01
1.361000000000000057e-02 9.136114588633331701e-01
1.413999999999999979e-02 9.117924402062611566e-01
1.469999999999999953e-02 9.098410121501960823e-01
1.527000000000000059e-02 9.077272681283270472e-01
1.586999999999999869e-02 9.054543425036492010e-01
1.650000000000000078e-02 9.029845019745181833e-01
1.713999999999999899e-02 9.003235383977956641e-01
1.781999999999999904e-02 8.974302206872952770e-01
1.851999999999999827e-02 8.943764450724338566e-01
1.924000000000000016e-02 8.910469307326914778e-01
2.000000000000000042e-02 8.874103519518459215e-01
2.077999999999999986e-02 8.835171797008110062e-01
2.160000000000000114e-02 8.793311429347134833e-01
2.245000000000000120e-02 8.747907490094244398e-01
2.333000000000000004e-02 8.698864219484119253e-01
2.424000000000000113e-02 8.646036017943108387e-01
2.520000000000000018e-02 8.589360678823252382e-01
2.619000000000000147e-02 8.528075009729805256e-01
2.721000000000000155e-02 8.462431534442549363e-01
2.827999999999999958e-02 8.391792221474165814e-01
2.938999999999999946e-02 8.316231598056451624e-01
3.055000000000000077e-02 8.234600809408247901e-01
3.173999999999999738e-02 8.147719741464036769e-01
3.298999999999999849e-02 8.054675603194121347e-01
3.429000000000000103e-02 7.956500304903570964e-01
3.563000000000000195e-02 7.850806598235394729e-01
3.703000000000000042e-02 7.738614885037542468e-01
3.848000000000000032e-02 7.619142244673740016e-01
4.000000000000000083e-02 7.494531881486603542e-01
4.157000000000000278e-02 7.361618928385375016e-01
4.320000000000000229e-02 7.221820404790373349e-01
4.488999999999999935e-02 7.074995861578332601e-01
4.664999999999999702e-02 6.920048283992732419e-01
4.848999999999999838e-02 6.759210199459294577e-01
5.038999999999999729e-02 6.590722086641838118e-01
5.236999999999999988e-02 6.416898591559462295e-01
5.442000000000000309e-02 6.235302615660311965e-01
5.655999999999999917e-02 6.048299123160161272e-01
5.877999999999999892e-02 5.856068630089461546e-01
6.108999999999999847e-02 5.659602346623673341e-01
6.349000000000000477e-02 5.458015211943690881e-01
6.597999999999999698e-02 5.253167924479105189e-01
6.857000000000000595e-02 5.045402948152359901e-01
7.126000000000000389e-02 4.836413680430958206e-01
7.406000000000000083e-02 4.626566697478911028e-01
7.696000000000000063e-02 4.416615848779680831e-01
7.999000000000000554e-02 4.208267776648424441e-01
8.312999999999999556e-02 4.002481249038836175e-01
8.638999999999999457e-02 3.799299634764908284e-01
8.977999999999999869e-02 3.600567803279880463e-01
9.329999999999999405e-02 3.405595649153724813e-01
9.697000000000000064e-02 3.217794745074888940e-01
1.008000000000000007e-01 3.035469350472689287e-01
1.047000000000000014e-01 2.859978571045741491e-01
1.087999999999999939e-01 2.691709849651515718e-01
1.131000000000000061e-01 2.530672338389860498e-01
1.175999999999999962e-01 2.377429504907139501e-01
1.222000000000000031e-01 2.231979155052197239e-01
1.270000000000000018e-01 2.093750200484539026e-01
1.318999999999999895e-01 1.963220898283357940e-01
1.370999999999999996e-01 1.840612298226627086e-01
1.424999999999999878e-01 1.724900056166804307e-01
1.481000000000000094e-01 1.616412245350368759e-01
1.539000000000000090e-01 1.515089906260354280e-01
1.600000000000000033e-01 1.419697190133537568e-01
1.661999999999999866e-01 1.330542106508680600e-01
1.728000000000000091e-01 1.247397103635492777e-01
1.794999999999999929e-01 1.169553592619710508e-01
1.865999999999999881e-01 1.097165696601378748e-01
1.938999999999999890e-01 1.029685538208635620e-01
2.015000000000000124e-01 9.665441976435212856e-02
2.094000000000000028e-01 9.082708196117872390e-02
2.177000000000000046e-01 8.532644289721824649e-02
2.262000000000000122e-01 8.024671308675231096e-02
2.351000000000000034e-01 7.552294984516227938e-02
2.442999999999999894e-01 7.111556406356844828e-02
2.539000000000000146e-01 6.702710000460876394e-02
2.639000000000000234e-01 6.319188697739498706e-02
2.741999999999999993e-01 5.964982872578342837e-02
2.849999999999999756e-01 5.633322699045591186e-02
2.962000000000000188e-01 5.323801373014439703e-02
3.078000000000000180e-01 5.035871267912529065e-02
3.199000000000000177e-01 4.767658534458778241e-02
3.325000000000000178e-01 4.516473359728208348e-02
3.454999999999999738e-01 4.282308011914220947e-02
3.590999999999999748e-01 4.063163307001330105e-02
3.731999999999999762e-01 3.858719661385764249e-02
3.877999999999999781e-01 3.667421566313138620e-02
4.030000000000000249e-01 3.488261895759667275e-02
4.188999999999999946e-01 3.319726289619683718e-02
4.353000000000000203e-01 3.161158892343210458e-02
4.524000000000000243e-01 3.012736613440065991e-02
4.702000000000000068e-01 2.874135944309567231e-02
4.885999999999999788e-01 2.743300846804568038e-02
5.078000000000000291e-01 2.620736780110521913e-02
5.276999999999999469e-01 2.504357678726518155e-02
5.483999999999999986e-01 2.394854706720784057e-02
5.699999999999999512e-01 2.291683044599025776e-02
5.923000000000000487e-01 2.194401338447634492e-02
6.156000000000000361e-01 2.103587497499653791e-02
6.398000000000000353e-01 2.015723856381144985e-02
6.649000000000000465e-01 1.934095182376614069e-02
6.909999999999999476e-01 1.856778107668132297e-02
7.180999999999999606e-01 1.783882708019076876e-02
7.462999999999999634e-01 1.715920027123320549e-02
7.755999999999999561e-01 1.650340557670467931e-02
8.060000000000000497e-01 1.590018072720203110e-02
8.377000000000000002e-01 1.531318116776857891e-02
8.706000000000000405e-01 1.477419206218887060e-02
9.046999999999999487e-01 1.426535136886129818e-02
9.403000000000000247e-01 1.377772474377911109e-02
9.771999999999999575e-01 1.332889811280488571e-02
1.016000000000000014e+00 1.290694033788240304e-02
1.054999999999999938e+00 1.251367990363079497e-02
1.096999999999999975e+00 1.214871344062331410e-02
1.139999999999999902e+00 1.181061551214789875e-02
1.185000000000000053e+00 1.149887040624099702e-02
1.231000000000000094e+00 1.121742838971262826e-02
1.278999999999999915e+00 1.096235313496251272e-02
1.330000000000000071e+00 1.073307696253254090e-02
1.381999999999999895e+00 1.053060117788910156e-02
1.435999999999999943e+00 1.035833003725417784e-02
1.491999999999999993e+00 1.020884328845795067e-02
1.550999999999999934e+00 1.008865452221212843e-02
1.612000000000000099e+00 9.992445277771069140e-03
1.675000000000000044e+00 9.924741014986649887e-03
1.741000000000000103e+00 9.879864515556186638e-03
1.808999999999999941e+00 9.864851870803506562e-03
1.879999999999999893e+00 9.872181136830467801e-03
1.953999999999999959e+00 9.902323803223742060e-03
2.031000000000000139e+00 9.959020652952696104e-03
2.111000000000000210e+00 1.003447338203802656e-02
2.193000000000000060e+00 1.013109336288153285e-02
2.279999999999999805e+00 1.024460076271421251e-02
2.369000000000000217e+00 1.037536047471341108e-02
2.462000000000000188e+00 1.051827756774394163e-02
2.559000000000000163e+00 1.067711501728703036e-02
2.658999999999999808e+00 1.084295782965473062e-02
2.763999999999999790e+00 1.101935455835742310e-02
2.871999999999999886e+00 1.119724150040072620e-02
2.984999999999999876e+00 1.138194781980156160e-02
3.101999999999999869e+00 1.156449046012816145e-02
3.224000000000000199e+00 1.174418619748763756e-02
3.350000000000000089e+00 1.192199120239803047e-02
3.482000000000000206e+00 1.209016694203655234e-02
3.617999999999999883e+00 1.225200968908787477e-02
3.761000000000000121e+00 1.239694959863229563e-02
3.907999999999999918e+00 1.253388340985013213e-02
4.062000000000000277e+00 1.265647705662219409e-02
4.221000000000000085e+00 1.275755863868150569e-02
4.386999999999999567e+00 1.284551696333573710e-02
4.559000000000000163e+00 1.291107478150291948e-02
4.738000000000000433e+00 1.295520109214302190e-02
4.924000000000000377e+00 1.298167493679860604e-02
5.116999999999999993e+00 1.298618800098596052e-02
5.317999999999999616e+00 1.296322463981425428e-02
5.527000000000000135e+00 1.292267814788269041e-02
5.743999999999999773e+00 1.285505595944175239e-02
5.969000000000000306e+00 1.276586708880620910e-02
6.203999999999999737e+00 1.265414612389047060e-02
6.447000000000000064e+00 1.252349651668656881e-02
6.700000000000000178e+00 1.237070389042111904e-02
6.963000000000000078e+00 1.219723623166227115e-02
7.237000000000000099e+00 1.200090914891555581e-02
7.520999999999999908e+00 1.178871097322654188e-02
7.815999999999999837e+00 1.156291775553963327e-02
8.122999999999999332e+00 1.131726209292557850e-02
8.442000000000000171e+00 1.106040576430600622e-02
8.772999999999999687e+00 1.079049984292085665e-02
9.117000000000000881e+00 1.050644428373639049e-02
9.474999999999999645e+00 1.021853048402468142e-02
9.846999999999999531e+00 9.916974389687369454e-03
1.023000000000000043e+01 9.612548188428181317e-03
1.064000000000000057e+01 9.305928219081152294e-03
1.105000000000000071e+01 8.991759523471042764e-03
1.149000000000000021e+01 8.676367077256009683e-03
1.193999999999999950e+01 8.359585494013225399e-03
1.241000000000000014e+01 8.046871937488759077e-03
1.289000000000000057e+01 7.735507560054423817e-03
1.340000000000000036e+01 7.423505242271812368e-03
1.392999999999999972e+01 7.118789205175254757e-03
1.447000000000000064e+01 6.816924840954012403e-03
1.503999999999999915e+01 6.523815390180953168e-03
1.563000000000000078e+01 6.235748377866988726e-03
1.623999999999999844e+01 5.955086869545369796e-03
1.687999999999999901e+01 5.682548461308883393e-03
1.753999999999999915e+01 5.416659968811173530e-03
1.823000000000000043e+01 5.161123736411120551e-03
1.894999999999999929e+01 4.912710141082930748e-03
1.969000000000000128e+01 4.674155367294451947e-03
2.046999999999999886e+01 4.445814709561805335e-03
2.126999999999999957e+01 4.226324838230300328e-03
2.210000000000000142e+01 4.015580520027373090e-03
2.296999999999999886e+01 3.814422557934387965e-03
2.387000000000000099e+01 3.622813547262916309e-03
2.480999999999999872e+01 3.440992510965365427e-03
2.578999999999999915e+01 3.266727213580941213e-03
2.680000000000000071e+01 3.102264621005909433e-03
2.785000000000000142e+01 2.945495605335255243e-03
2.894000000000000128e+01 2.797032090261522726e-03
3.007999999999999829e+01 2.657508397685027102e-03
3.126000000000000156e+01 2.524024940807841500e-03
3.249000000000000199e+01 2.399490861027198975e-03
3.375999999999999801e+01 2.283345658783028989e-03
3.509000000000000341e+01 2.174332008806992202e-03
3.646000000000000085e+01 2.072716098497487565e-03
3.789999999999999858e+01 1.978321091824932106e-03
3.938000000000000256e+01 1.894878775222536785e-03
4.092999999999999972e+01 1.814351267911903888e-03
4.253999999999999915e+01 1.740798258063623203e-03
4.421000000000000085e+01 1.674097057455503938e-03
4.593999999999999773e+01 1.614258411126185322e-03
4.775000000000000000e+01 1.560387042450552724e-03
4.961999999999999744e+01 1.510928543299491691e-03
5.157000000000000028e+01 1.469365818829330766e-03
5.359000000000000341e+01 1.434582428043177076e-03
5.570000000000000284e+01 1.404915455150735747e-03
5.788000000000000256e+01 1.380875218381543259e-03
6.014999999999999858e+01 1.360938734337933248e-03
6.252000000000000313e+01 1.347290767309600743e-03
6.496999999999999886e+01 1.335227823833551319e-03
6.751999999999999602e+01 1.325374489928188553e-03
7.017000000000000171e+01 1.317791251031710841e-03
7.292000000000000171e+01 1.311419516898002565e-03
7.579000000000000625e+01 1.305458615992592447e-03
7.876000000000000512e+01 1.299701998462895807e-03
8.184999999999999432e+01 1.294007680871133142e-03
8.506999999999999318e+01 1.286287470124894416e-03
8.840999999999999659e+01 1.277730146754853420e-03
9.187999999999999545e+01 1.266536691675685007e-03
9.548000000000000398e+01 1.254846557723136987e-03
9.923000000000000398e+01 1.240045565846928941e-03
1.030999999999999943e+02 1.224000815696723969e-03
1.072000000000000028e+02 1.206051425506933809e-03
1.114000000000000057e+02 1.186322831914344775e-03
1.157999999999999972e+02 1.165310262828333446e-03
1.202999999999999972e+02 1.143138015889805237e-03
1.250000000000000000e+02 1.119394883250829581e-03
1.299000000000000057e+02 1.095572885977502903e-03
1.350000000000000000e+02 1.070274769036699955e-03
1.403000000000000114e+02 1.044253662798098718e-03
1.458000000000000114e+02 1.018309660145955706e-03
1.515999999999999943e+02 9.917642875632752889e-04
1.575000000000000000e+02 9.654625942288199520e-04
1.636999999999999886e+02 9.389781333028931727e-04
1.700999999999999943e+02 9.124182183376000795e-04
1.768000000000000114e+02 8.863109230526727790e-04
1.836999999999999886e+02 8.605795419637075156e-04
1.910000000000000000e+02 8.348877474445654196e-04
1.985000000000000000e+02 8.100696148668275502e-04
2.061999999999999886e+02 7.856813529339177560e-04
2.143000000000000114e+02 7.619574915730655202e-04
2.228000000000000114e+02 7.386937894758677193e-04
2.315000000000000000e+02 7.162614209407470404e-04
2.405999999999999943e+02 6.942852858185178310e-04
2.500000000000000000e+02 6.732713983634421940e-04
2.598000000000000114e+02 6.525531656206216531e-04
2.700000000000000000e+02 6.327713169075037825e-04
2.806000000000000227e+02 6.135112303830129749e-04
2.916999999999999886e+02 5.949732712367151056e-04
3.031000000000000227e+02 5.772576069911679059e-04
3.150000000000000000e+02 5.600089652898337109e-04
3.273999999999999773e+02 5.434802668596072682e-04
3.401999999999999886e+02 5.275679662002102791e-04
3.536000000000000227e+02 5.121444257929236733e-04
3.675000000000000000e+02 4.974983207363375265e-04
3.818999999999999773e+02 4.832902092299954061e-04
3.968999999999999773e+02 4.696612904146002607e-04
4.125000000000000000e+02 4.565157042327917130e-04
4.286999999999999886e+02 4.439321007051822213e-04
4.455000000000000000e+02 4.318288327931352200e-04
4.630000000000000000e+02 4.201653457541303094e-04
4.811000000000000227e+02 4.089533588590196886e-04
5.000000000000000000e+02 3.981962056018421045e-04
5.197000000000000455e+02 3.878132068830616075e-04
5.401000000000000227e+02 3.777958151880926444e-04
5.612999999999999545e+02 3.682061849379961150e-04
5.832999999999999545e+02 3.589314538349865687e-04
6.062000000000000455e+02 3.500354775475030661e-04
6.300000000000000000e+02 3.414656224410132258e-04
6.547000000000000455e+02 3.331888486662306021e-04
6.803999999999999773e+02 3.251982439714347557e-04
7.071000000000000227e+02 3.175083442008438625e-04
7.348999999999999773e+02 3.100355951815551999e-04
7.637000000000000455e+02 3.028833694615384506e-04
7.937000000000000455e+02 2.959466632649623776e-04
8.248999999999999773e+02 2.892586284600170738e-04
8.572999999999999545e+02 2.827720662697410332e-04
8.908999999999999773e+02 2.765258118538685417e-04
9.258999999999999773e+02 2.705079032995360449e-04
9.622000000000000455e+02 2.646423913087724315e-04
1.000000000000000000e+03 2.591391020350345829e-04
----------------------
