0.000000000000000000e+00 0.000000000000000000e+00
1.000000000000000062e-09 3.585320894019376780e-04
2.000000000000000125e-09 1.621855807251617720e-03
3.000000000000000394e-09 3.979806127173489416e-03
4.000000000000000249e-09 6.252533536849065425e-03
5.000000000000000105e-09 8.262402303367869308e-03
5.999999999999999960e-09 1.004925149494599601e-02
6.999999999999999816e-09 1.165911168100001831e-02
8.000000000000000498e-09 1.333894377696658723e-02
9.000000000000001181e-09 1.627138940181664661e-02
1.000000000000000186e-08 8.220038626671524740e-02
1.100000000000000255e-08 1.774805310519761406e+03
1.200000000000000323e-08 1.928044433804048822e+03
1.300000000000000391e-08 2.027510522472416824e+03
1.400000000000000459e-08 2.004679179730182568e+03
1.500000000000000528e-08 2.056499621135797497e+03
1.600000000000000431e-08 2.080630323146260253e+03
1.700000000000000333e-08 2.087057112800303912e+03
1.800000000000000236e-08 2.091175172030933027e+03
1.900000000000000139e-08 2.094106716336212685e+03
2.000000000000000042e-08 2.096266520140588455e+03
2.099999999999999945e-08 2.097913625426139333e+03
2.199999999999999848e-08 2.099209584234003614e+03
2.299999999999999750e-08 2.100157498031467185e+03
2.399999999999999653e-08 2.100888851305888693e+03
2.499999999999999556e-08 2.101506293327840922e+03
2.599999999999999459e-08 2.102042416431418133e+03
2.699999999999999362e-08 2.102518013394155332e+03
2.799999999999999264e-08 2.102943342246800967e+03
2.899999999999999167e-08 2.103328497798385342e+03
2.999999999999999070e-08 2.103682580461957514e+03
3.099999999999999304e-08 2.104013734944570388e+03
3.199999999999999538e-08 2.104339083014156586e+03
3.299999999999999771e-08 2.104652376816006381e+03
3.400000000000000005e-08 2.104942117861638053e+03
3.500000000000000239e-08 2.105209075998405297e+03
3.600000000000000472e-08 2.105454765849458454e+03
3.700000000000000706e-08 2.105679646155765113e+03
3.800000000000000940e-08 2.105887654731723615e+03
3.900000000000001173e-08 2.106084687353059962e+03
4.000000000000001407e-08 2.106268883926488797e+03
4.100000000000001641e-08 2.106440437115745681e+03
4.200000000000001875e-08 2.106600028980919888e+03
4.300000000000002108e-08 2.106748379239196311e+03
4.400000000000002342e-08 2.106885458867160196e+03
4.500000000000002576e-08 2.107012442125244434e+03
4.600000000000002809e-08 2.107131892377110944e+03
4.700000000000003043e-08 2.107243791263292223e+03
4.800000000000003277e-08 2.107348273371909272e+03
4.900000000000003511e-08 2.107445390894210959e+03
5.000000000000003744e-08 2.107535081565835753e+03
5.100000000000003978e-08 2.107617625128830241e+03
5.200000000000004212e-08 2.107694152106384990e+03
5.300000000000004445e-08 2.107765027826040750e+03
5.400000000000004679e-08 2.107830531071540463e+03
5.500000000000004913e-08 2.107890934208575345e+03
5.600000000000005146e-08 2.107946516691107718e+03
5.700000000000005380e-08 2.107997551003242279e+03
5.800000000000005614e-08 2.108044284033101576e+03
5.900000000000005848e-08 2.108087047258098664e+03
6.000000000000006081e-08 2.108126260454589556e+03
6.100000000000005653e-08 2.108162274133403571e+03
6.200000000000005225e-08 2.108195385858247846e+03
6.300000000000004797e-08 2.108225863809856037e+03
6.400000000000004369e-08 2.108253947606176553e+03
6.500000000000003941e-08 2.108279854948334560e+03
6.600000000000003513e-08 2.108303787708532127e+03
6.700000000000003085e-08 2.108325935120120903e+03
6.800000000000002657e-08 2.108346462479551064e+03
6.900000000000002229e-08 2.108365522875413717e+03
7.000000000000001801e-08 2.108383256135379725e+03
7.100000000000001373e-08 2.108399795795789487e+03
7.200000000000000945e-08 2.108415264553681936e+03
7.300000000000000517e-08 2.108429775057240022e+03
7.400000000000000089e-08 2.108443426151848598e+03
7.499999999999999661e-08 2.108456307185017522e+03
7.599999999999999233e-08 2.108468498127303974e+03
7.699999999999998805e-08 2.108480069945279865e+03
7.799999999999998376e-08 2.108491085520289289e+03
7.899999999999997948e-08 2.108501601567447779e+03
7.999999999999997520e-08 2.108511668758466385e+03
8.099999999999997092e-08 2.108521332385271307e+03
8.199999999999996664e-08 2.108530632786165825e+03
8.299999999999996236e-08 2.108539605675534858e+03
8.399999999999995808e-08 2.108548282457648838e+03
8.499999999999995380e-08 2.108556688476227009e+03
8.599999999999994952e-08 2.108564848748723762e+03
8.699999999999994524e-08 2.108572786668361005e+03
8.799999999999994096e-08 2.108580525118945843e+03
8.899999999999993668e-08 2.108588082640118955e+03
8.999999999999993240e-08 2.108595474863831896e+03
9.099999999999992812e-08 2.108602716471247277e+03
9.199999999999992384e-08 2.108609819406317456e+03
9.299999999999991956e-08 2.108616795172372804e+03
9.399999999999991528e-08 2.108623653741736234e+03
9.499999999999991100e-08 2.108630404159390309e+03
9.599999999999990672e-08 2.108637054332075877e+03
9.699999999999990244e-08 2.108643611505654462e+03
9.799999999999989816e-08 2.108650082080179345e+03
9.899999999999989388e-08 2.108656471877220156e+03
9.999999999999988960e-08 2.108662786036117268e+03
1.009999999999998853e-07 2.108725840904297911e+03
1.019999999999998810e-07 2.108998053912028809e+03
1.029999999999998768e-07 2.109565460916589927e+03
1.039999999999998725e-07 2.110166762147313875e+03
1.049999999999998682e-07 2.110757341023926983e+03
1.059999999999998639e-07 2.111346016895149205e+03
1.069999999999998596e-07 2.111949767881749722e+03
1.079999999999998554e-07 2.111782049086041752e+03
1.089999999999998511e-07 2.106589997566868078e+03
1.099999999999998468e-07 2.103662360353010627e+03
1.109999999999998425e-07 3.757825798155870871e+03
1.119999999999998382e-07 4.179069341431538305e+03
1.129999999999998340e-07 4.352585014503081766e+03
1.139999999999998297e-07 4.375109772101156523e+03
1.149999999999998254e-07 4.432494204119869210e+03
1.159999999999998211e-07 4.463042858830681325e+03
1.169999999999998168e-07 4.467931867712047278e+03
1.179999999999998125e-07 4.470453038585853392e+03
1.189999999999998083e-07 4.472253780784547416e+03
1.199999999999998040e-07 4.473681873579726016e+03
1.209999999999997997e-07 4.474872581643842750e+03
1.219999999999997954e-07 4.475888065041648588e+03
1.229999999999997911e-07 4.476774456436456603e+03
1.239999999999997869e-07 4.477563166493037897e+03
1.249999999999997826e-07 4.478276923830242595e+03
1.259999999999997783e-07 4.478931063526268190e+03
1.269999999999997740e-07 4.479534453700028280e+03
1.279999999999997697e-07 4.480090803363450505e+03
1.289999999999997655e-07 4.480616276679520524e+03
1.299999999999997612e-07 4.481108212203761468e+03
1.309999999999997569e-07 4.481565338741228516e+03
1.319999999999997526e-07 4.481985662352979489e+03
1.329999999999997483e-07 4.482374713560019700e+03
1.339999999999997441e-07 4.482734414574990296e+03
1.349999999999997398e-07 4.483065352691762200e+03
1.359999999999997355e-07 4.483368696598262432e+03
1.369999999999997312e-07 4.483645064170350452e+03
1.379999999999997269e-07 4.483898016158525024e+03
1.389999999999997227e-07 4.484130520545320906e+03
1.399999999999997184e-07 4.484343282373759394e+03
1.409999999999997141e-07 4.484536737690160408e+03
1.419999999999997098e-07 4.484712759621753321e+03
1.429999999999997055e-07 4.484873788592749406e+03
1.439999999999997013e-07 4.485020831094929235e+03
1.449999999999996970e-07 4.485154692799996155e+03
1.459999999999996927e-07 4.485276961054173626e+03
1.469999999999996884e-07 4.485388668562108251e+03
1.479999999999996841e-07 4.485490546514024572e+03
1.489999999999996799e-07 4.485583388754180305e+03
1.499999999999996756e-07 4.485668221991415521e+03
1.509999999999996713e-07 4.485745850844564302e+03
1.519999999999996670e-07 4.485816951556161257e+03
1.529999999999996627e-07 4.485882134683522054e+03
1.539999999999996585e-07 4.485942041937594695e+03
1.549999999999996542e-07 4.485997240178713582e+03
1.559999999999996499e-07 4.486048252982616759e+03
1.569999999999996456e-07 4.486095524927370207e+03
1.579999999999996413e-07 4.486139436129627029e+03
1.589999999999996371e-07 4.486180335441295938e+03
1.599999999999996328e-07 4.486218565022816620e+03
1.609999999999996285e-07 4.486254419428648362e+03
1.619999999999996242e-07 4.486288160132236953e+03
1.629999999999996199e-07 4.486320017700750213e+03
1.639999999999996156e-07 4.486350202358245042e+03
1.649999999999996114e-07 4.486378894844635397e+03
1.659999999999996071e-07 4.486406260589152225e+03
1.669999999999996028e-07 4.486432449803292911e+03
1.679999999999995985e-07 4.486457599032214603e+03
1.689999999999995942e-07 4.486481833173255836e+03
1.699999999999995900e-07 4.486505265048937872e+03
1.709999999999995857e-07 4.486527994925133498e+03
1.719999999999995814e-07 4.486550111430261495e+03
1.729999999999995771e-07 4.486571692943505695e+03
1.739999999999995728e-07 4.486592809590126308e+03
1.749999999999995686e-07 4.486613524711458922e+03
1.759999999999995643e-07 4.486633894848490854e+03
1.769999999999995600e-07 4.486653969879141187e+03
1.779999999999995557e-07 4.486673794415446537e+03
1.789999999999995514e-07 4.486693408448686569e+03
1.799999999999995472e-07 4.486712847699703161e+03
1.809999999999995429e-07 4.486732145059998402e+03
1.819999999999995386e-07 4.486751331207975454e+03
1.829999999999995343e-07 4.486770433392302039e+03
1.839999999999995300e-07 4.486789475801084336e+03
1.849999999999995258e-07 4.486808479643482315e+03
1.859999999999995215e-07 4.486827463751118557e+03
1.869999999999995172e-07 4.486846445064287764e+03
1.879999999999995129e-07 4.486865438716014978e+03
1.889999999999995086e-07 4.486884457590147576e+03
1.899999999999995044e-07 4.486903512601027614e+03
1.909999999999995001e-07 4.486922613271374757e+03
1.919999999999994958e-07 4.486941767977488780e+03
1.929999999999994915e-07 4.486960984283859034e+03
1.939999999999994872e-07 4.486980269403557941e+03
1.949999999999994830e-07 4.486999629223334523e+03
1.959999999999994787e-07 4.487019068616808909e+03
1.969999999999994744e-07 4.487038591430939960e+03
1.979999999999994701e-07 4.487058200762429806e+03
1.989999999999994658e-07 4.487077899733134473e+03
1.999999999999994616e-07 4.487097693978994357e+03
2.009999999999994573e-07 4.487117586797973672e+03
2.019999999999994530e-07 4.487137579455563355e+03
2.029999999999994487e-07 4.487157672869041562e+03
2.039999999999994444e-07 4.487177867728427373e+03
2.049999999999994402e-07 4.487198164716708561e+03
2.059999999999994359e-07 4.487218566274716068e+03
2.069999999999994316e-07 4.487239073014560745e+03
2.079999999999994273e-07 4.487259684378573183e+03
2.089999999999994230e-07 4.487280399851192669e+03
2.099999999999994187e-07 4.487301219128862613e+03
2.109999999999994145e-07 4.487322141965023548e+03
2.119999999999994102e-07 4.487343168197030536e+03
2.129999999999994059e-07 4.487364297724261633e+03
2.139999999999994016e-07 4.487385530486528296e+03
2.149999999999993973e-07 4.487406866454653937e+03
2.159999999999993931e-07 4.487428305567761527e+03
2.169999999999993888e-07 4.487449847817834780e+03
2.179999999999993845e-07 4.487471493353223195e+03
2.189999999999993802e-07 4.487493242393201399e+03
2.199999999999993759e-07 4.487515095057576218e+03
2.209999999999993717e-07 4.487537051297570542e+03
2.219999999999993674e-07 4.487559110988669090e+03
2.229999999999993631e-07 4.487581273950399918e+03
2.239999999999993588e-07 4.487603539899563657e+03
2.249999999999993545e-07 4.487625908506419364e+03
2.259999999999993503e-07 4.487648379480965559e+03
2.269999999999993460e-07 4.487670952597020005e+03
2.279999999999993417e-07 4.487693627783834017e+03
2.289999999999993374e-07 4.487716404932360092e+03
2.299999999999993331e-07 4.487739283782322673e+03
2.309999999999993289e-07 4.487762263885730135e+03
2.319999999999993246e-07 4.487785344484004781e+03
2.329999999999993203e-07 4.487808524558791760e+03
2.339999999999993160e-07 4.487831803100513753e+03
2.349999999999993117e-07 4.487855179036750087e+03
2.359999999999993075e-07 4.487878651209136478e+03
2.369999999999993032e-07 4.487902218432189329e+03
2.379999999999992989e-07 4.487925879640602943e+03
2.389999999999993211e-07 4.487949634444990807e+03
2.399999999999993433e-07 4.487973482126840281e+03
2.409999999999993655e-07 4.487997421557876805e+03
2.419999999999993877e-07 4.488021451361145409e+03
2.429999999999994098e-07 4.488045570025180496e+03
2.439999999999994320e-07 4.488069776013475348e+03
2.449999999999994542e-07 4.488094067826486025e+03
2.459999999999994764e-07 4.488118443877902791e+03
2.469999999999994986e-07 4.488142902558969581e+03
2.479999999999995208e-07 4.488167442311282684e+03
2.489999999999995430e-07 4.488192061610453493e+03
2.499999999999995652e-07 4.488216758930669130e+03
2.509999999999995874e-07 4.488241532735018154e+03
2.519999999999996095e-07 4.488266381837041081e+03
2.529999999999996317e-07 4.488291306672001156e+03
2.539999999999996539e-07 4.488316305133191236e+03
2.549999999999996761e-07 4.488341374603547592e+03
2.559999999999996983e-07 4.488366512359169974e+03
2.569999999999997205e-07 4.488391715665118681e+03
2.579999999999997427e-07 4.488416981870537711e+03
2.589999999999997649e-07 4.488442308445901290e+03
2.599999999999997871e-07 4.488467693028459507e+03
2.609999999999998093e-07 4.488493133360398133e+03
2.619999999999998314e-07 4.488518627128916705e+03
2.629999999999998536e-07 4.488544171941600325e+03
2.639999999999998758e-07 4.488569765364321029e+03
2.649999999999998980e-07 4.488595404877209148e+03
2.659999999999999202e-07 4.488621087933694071e+03
2.669999999999999424e-07 4.488646812008280904e+03
2.679999999999999646e-07 4.488672574584953509e+03
2.689999999999999868e-07 4.488698373166927922e+03
2.700000000000000090e-07 4.488724205274405904e+03
2.710000000000000311e-07 4.488750068451095103e+03
2.720000000000000533e-07 4.488775960277308513e+03
2.730000000000000755e-07 4.488801878361609852e+03
2.740000000000000977e-07 4.488827820364626859e+03
2.750000000000001199e-07 4.488853784655840172e+03
2.760000000000001421e-07 4.488879769283879796e+03
2.770000000000001643e-07 4.488905771830074627e+03
2.780000000000001865e-07 4.488931790079662278e+03
2.790000000000002087e-07 4.488957821910789789e+03
2.800000000000002309e-07 4.488983865286269975e+03
2.810000000000002530e-07 4.489009918238187311e+03
2.820000000000002752e-07 4.489035978853279630e+03
2.830000000000002974e-07 4.489062045250714618e+03
2.840000000000003196e-07 4.489088115611948524e+03
2.850000000000003418e-07 4.489114188172396098e+03
2.860000000000003640e-07 4.489140261249910509e+03
2.870000000000003862e-07 4.489166333230904456e+03
2.880000000000004084e-07 4.489192402582160867e+03
2.890000000000004306e-07 4.489218467987470831e+03
2.900000000000004527e-07 4.489244528291103961e+03
2.910000000000004749e-07 4.489270582335137988e+03
2.920000000000004971e-07 4.489296628936185698e+03
2.930000000000005193e-07 4.489322666902995479e+03
2.940000000000005415e-07 4.489348695038260303e+03
2.950000000000005637e-07 4.489374712222710514e+03
2.960000000000005859e-07 4.489400717419015564e+03
2.970000000000006081e-07 4.489426709543862671e+03
2.980000000000006303e-07 4.489452687205870461e+03
2.990000000000006524e-07 4.489478648690617774e+03
3.000000000000006746e-07 4.489504592436166604e+03
3.010000000000006968e-07 4.489530517145870363e+03
3.020000000000007190e-07 4.489556421758926263e+03
3.030000000000007412e-07 4.489582305340972198e+03
3.040000000000007634e-07 4.489608167003952076e+03
3.050000000000007856e-07 4.489634005868228087e+03
3.060000000000008078e-07 4.489659820995952941e+03
3.070000000000008300e-07 4.489685611442544541e+03
3.080000000000008522e-07 4.489711376258478595e+03
3.090000000000008743e-07 4.489737114538441347e+03
3.100000000000008965e-07 4.489762825424778384e+03
3.110000000000009187e-07 4.489788508091239237e+03
3.120000000000009409e-07 4.489814161728613726e+03
3.130000000000009631e-07 4.489839785529778965e+03
3.140000000000009853e-07 4.489865378663197589e+03
3.150000000000010075e-07 4.489890940287525154e+03
3.160000000000010297e-07 4.489916469553865682e+03
3.170000000000010519e-07 4.489941965586434890e+03
3.180000000000010740e-07 4.489967427489903457e+03
3.190000000000010962e-07 4.489992854353492476e+03
3.200000000000011184e-07 4.490018245251914777e+03
3.210000000000011406e-07 4.490043599249446743e+03
3.220000000000011628e-07 4.490068915396220291e+03
3.230000000000011850e-07 4.490094192724802269e+03
3.240000000000012072e-07 4.490119430225064207e+03
3.250000000000012294e-07 4.490144626841817626e+03
3.260000000000012516e-07 4.490169781512850932e+03
3.270000000000012738e-07 4.490194893170857540e+03
3.280000000000012959e-07 4.490219960741303112e+03
3.290000000000013181e-07 4.490244983161905111e+03
3.300000000000013403e-07 4.490269959388395364e+03
3.310000000000013625e-07 4.490294888380106386e+03
3.320000000000013847e-07 4.490319769166803781e+03
3.330000000000014069e-07 4.490344600839997838e+03
3.340000000000014291e-07 4.490369382528067035e+03
3.350000000000014513e-07 4.490394113391012070e+03
3.360000000000014735e-07 4.490418792608173135e+03
3.370000000000014956e-07 4.490443419378816543e+03
3.380000000000015178e-07 4.490467992921871883e+03
3.390000000000015400e-07 4.490492512489105138e+03
3.400000000000015622e-07 4.490516977387686893e+03
3.410000000000015844e-07 4.490541386982968106e+03
3.420000000000016066e-07 4.490565740686034587e+03
3.430000000000016288e-07 4.490590037942390154e+03
3.440000000000016510e-07 4.490614278230235868e+03
3.450000000000016732e-07 4.490638461061080307e+03
3.460000000000016953e-07 4.490662585966342704e+03
3.470000000000017175e-07 4.490686652490859160e+03
3.480000000000017397e-07 4.490710660194398770e+03
3.490000000000017619e-07 4.490734608658088291e+03
3.500000000000017841e-07 4.490758497480628648e+03
3.510000000000018063e-07 4.490782326288940567e+03
3.520000000000018285e-07 4.490806094738740285e+03
3.530000000000018507e-07 4.490829802512354945e+03
3.540000000000018729e-07 4.490853449325240035e+03
3.550000000000018951e-07 4.490877034942855971e+03
3.560000000000019172e-07 4.490900559181264725e+03
3.570000000000019394e-07 4.490924021892772544e+03
3.580000000000019616e-07 4.490947422956061018e+03
3.590000000000019838e-07 4.490970762273787841e+03
3.600000000000020060e-07 4.490994039764269473e+03
3.610000000000020282e-07 4.491017255367662983e+03
3.620000000000020504e-07 4.491040409062736217e+03
3.630000000000020726e-07 4.491063500845449198e+03
3.640000000000020948e-07 4.491086530720603150e+03
3.650000000000021169e-07 4.491109498703356621e+03
3.660000000000021391e-07 4.491132404827494611e+03
3.670000000000021613e-07 4.491155249134647420e+03
3.680000000000021835e-07 4.491178031668108815e+03
3.690000000000022057e-07 4.491200752493708933e+03
3.700000000000022279e-07 4.491223411801766815e+03
3.710000000000022501e-07 4.491246009890839559e+03
3.720000000000022723e-07 4.491268547085581304e+03
3.730000000000022945e-07 4.491291023721941201e+03
3.740000000000023167e-07 4.491313440123255532e+03
3.750000000000023388e-07 4.491335796606005715e+03
3.760000000000023610e-07 4.491358093479088893e+03
3.770000000000023832e-07 4.491380331042552825e+03
3.780000000000024054e-07 4.491402509585925145e+03
3.790000000000024276e-07 4.491424629411082606e+03
3.800000000000024498e-07 4.491446690817742819e+03
3.810000000000024720e-07 4.491468694008388411e+03
3.820000000000024942e-07 4.491490638823875088e+03
3.830000000000025164e-07 4.491512524981539173e+03
3.840000000000025385e-07 4.491534352290685092e+03
3.850000000000025607e-07 4.491556120639014807e+03
3.860000000000025829e-07 4.491577829950416344e+03
3.870000000000026051e-07 4.491599480186670007e+03
3.880000000000026273e-07 4.491621071347867655e+03
3.890000000000026495e-07 4.491642603462111765e+03
3.900000000000026717e-07 4.491664076577317246e+03
3.910000000000026939e-07 4.491685490758342894e+03
3.920000000000027161e-07 4.491706846083890923e+03
3.930000000000027382e-07 4.491728142638620739e+03
3.940000000000027604e-07 4.491749380513535471e+03
3.950000000000027826e-07 4.491770559814332046e+03
3.960000000000028048e-07 4.491791680651225761e+03
3.970000000000028270e-07 4.491812743122077336e+03
3.980000000000028492e-07 4.491833747333915198e+03
3.990000000000028714e-07 4.491854693410794425e+03
4.000000000000028936e-07 4.491875581486304327e+03
4.010000000000029158e-07 4.491896411688247099e+03
4.020000000000029380e-07 4.491917184132335933e+03
4.030000000000029601e-07 4.491937898926145863e+03
4.040000000000029823e-07 4.491958556176838101e+03
4.050000000000030045e-07 4.491979155981732220e+03
4.060000000000030267e-07 4.491999698383116083e+03
4.070000000000030489e-07 4.492020183401972645e+03
4.080000000000030711e-07 4.492040611055004774e+03
4.090000000000030933e-07 4.492060981351354712e+03
4.100000000000031155e-07 4.492081294321355927e+03
4.110000000000031377e-07 4.492101550030825820e+03
4.120000000000031598e-07 4.492121748581088468e+03
4.130000000000031820e-07 4.492141890083524231e+03
4.140000000000032042e-07 4.492161974657414248e+03
4.150000000000032264e-07 4.492182002425546671e+03
4.160000000000032486e-07 4.492201973521740001e+03
4.170000000000032708e-07 4.492221888091927212e+03
4.180000000000032930e-07 4.492241746290368610e+03
4.190000000000033152e-07 4.492261548284167475e+03
4.200000000000033374e-07 4.492281294260292270e+03
4.210000000000033596e-07 4.492300984437891202e+03
4.220000000000033817e-07 4.492320619080807774e+03
4.230000000000034039e-07 4.492340198461231012e+03
4.240000000000034261e-07 4.492359722832342413e+03
4.250000000000034483e-07 4.492379192426869849e+03
4.260000000000034705e-07 4.492398607455564161e+03
4.270000000000034927e-07 4.492417968116288648e+03
4.280000000000035149e-07 4.492437274604219965e+03
4.290000000000035371e-07 4.492456527125115826e+03
4.300000000000035593e-07 4.492475725897662414e+03
4.310000000000035814e-07 4.492494871143716409e+03
4.320000000000036036e-07 4.492513963085976684e+03
4.330000000000036258e-07 4.492533001945688738e+03
4.340000000000036480e-07 4.492551987941360494e+03
4.350000000000036702e-07 4.492570921288620411e+03
4.360000000000036924e-07 4.492589802199043334e+03
4.370000000000037146e-07 4.492608630883712976e+03
4.380000000000037368e-07 4.492627407557914921e+03
4.390000000000037590e-07 4.492646132429145837e+03
4.400000000000037811e-07 4.492664805696780604e+03
4.410000000000038033e-07 4.492683427551735804e+03
4.420000000000038255e-07 4.492701998169576655e+03
4.430000000000038477e-07 4.492720517693788679e+03
4.440000000000038699e-07 4.492738986258659679e+03
4.450000000000038921e-07 4.492757403997618894e+03
4.460000000000039143e-07 4.492775771076877390e+03
4.470000000000039365e-07 4.492794087710460190e+03
4.480000000000039587e-07 4.492812354124387639e+03
4.490000000000039809e-07 4.492830570545089358e+03
4.500000000000040030e-07 4.492848737200699361e+03
4.510000000000040252e-07 4.492866854318649530e+03
4.520000000000040474e-07 4.492884922125076628e+03
4.530000000000040696e-07 4.492902940992537879e+03
4.540000000000040918e-07 4.492920911157525552e+03
4.550000000000041140e-07 4.492938832701760475e+03
4.560000000000041362e-07 4.492956705700654311e+03
4.570000000000041584e-07 4.492974530235188467e+03
4.580000000000041806e-07 4.492992306415731036e+03
4.590000000000042027e-07 4.493010034374029601e+03
4.600000000000042249e-07 4.493027714259027562e+03
4.610000000000042471e-07 4.493045346232604061e+03
4.620000000000042693e-07 4.493062930461413998e+03
4.630000000000042915e-07 4.493080467121816582e+03
4.640000000000043137e-07 4.493097956400696603e+03
4.650000000000043359e-07 4.493115398492308486e+03
4.660000000000043581e-07 4.493132793596856573e+03
4.670000000000043803e-07 4.493150141918044028e+03
4.680000000000044025e-07 4.493167443660107892e+03
4.690000000000044246e-07 4.493184699029220610e+03
4.700000000000044468e-07 4.493201908207116503e+03
4.710000000000044690e-07 4.493219071273409099e+03
4.720000000000044912e-07 4.493236188291822145e+03
4.730000000000045134e-07 4.493253259344884100e+03
4.740000000000045356e-07 4.493270284528512093e+03
4.750000000000045578e-07 4.493287263951005116e+03
4.760000000000045800e-07 4.493304197730534725e+03
4.770000000000046022e-07 4.493321085993052293e+03
4.780000000000045714e-07 4.493337928871000258e+03
4.790000000000045407e-07 4.493354726511981426e+03
4.800000000000045099e-07 4.493371479085622013e+03
4.810000000000044792e-07 4.493388186764623242e+03
4.820000000000044484e-07 4.493404849715661840e+03
4.830000000000044177e-07 4.493421468097325487e+03
4.840000000000043869e-07 4.493438042060569387e+03
4.850000000000043562e-07 4.493454571754607059e+03
4.860000000000043254e-07 4.493471057328345523e+03
4.870000000000042947e-07 4.493487498929352114e+03
4.880000000000042639e-07 4.493503896701455233e+03
4.890000000000042332e-07 4.493520250781080904e+03
4.900000000000042024e-07 4.493536561299427376e+03
4.910000000000041717e-07 4.493552828382299595e+03
4.920000000000041409e-07 4.493569052149056915e+03
4.930000000000041102e-07 4.493585232718539373e+03
4.940000000000040794e-07 4.493601370208883054e+03
4.950000000000040487e-07 4.493617464741454569e+03
4.960000000000040179e-07 4.493633516436078935e+03
4.970000000000039872e-07 4.493649525410770366e+03
4.980000000000039564e-07 4.493665491796677998e+03
4.990000000000039257e-07 4.493681415739732984e+03
5.000000000000038949e-07 4.493697297376234019e+03
5.010000000000038642e-07 4.493713136812539233e+03
5.020000000000038334e-07 4.493728934136115640e+03
5.030000000000038027e-07 4.493744689435038708e+03
5.040000000000037719e-07 4.493760402800695374e+03
5.050000000000037412e-07 4.493776074330306983e+03
5.060000000000037104e-07 4.493791704124886564e+03
5.070000000000036797e-07 4.493807292287524433e+03
5.080000000000036489e-07 4.493822838924931602e+03
5.090000000000036181e-07 4.493838344146916825e+03
5.100000000000035874e-07 4.493853808065186968e+03
5.110000000000035566e-07 4.493869230794919531e+03
5.120000000000035259e-07 4.493884612454576200e+03
5.130000000000034951e-07 4.493899953164500403e+03
5.140000000000034644e-07 4.493915253045813188e+03
5.150000000000034336e-07 4.493930512221103527e+03
5.160000000000034029e-07 4.493945730813798036e+03
5.170000000000033721e-07 4.493960908949393342e+03
5.180000000000033414e-07 4.493976046759593373e+03
5.190000000000033106e-07 4.493991144368978894e+03
5.200000000000032799e-07 4.494006201900408996e+03
5.210000000000032491e-07 4.494021219478319836e+03
5.220000000000032184e-07 4.494036197225863361e+03
5.230000000000031876e-07 4.494051135265814992e+03
5.240000000000031569e-07 4.494066033726428032e+03
5.250000000000031261e-07 4.494080892747318103e+03
5.260000000000030954e-07 4.494095712476038898e+03
5.270000000000030646e-07 4.494110493064711591e+03
5.280000000000030339e-07 4.494125234667802943e+03
5.290000000000030031e-07 4.494139937438861125e+03
5.300000000000029724e-07 4.494154601529658066e+03
5.310000000000029416e-07 4.494169227091409994e+03
5.320000000000029109e-07 4.494183814275143959e+03
5.330000000000028801e-07 4.494198363231262192e+03
5.340000000000028494e-07 4.494212874110375196e+03
5.350000000000028186e-07 4.494227347062817898e+03
5.360000000000027879e-07 4.494241782239329950e+03
5.370000000000027571e-07 4.494256179791842442e+03
5.380000000000027264e-07 4.494270539873738016e+03
5.390000000000026956e-07 4.494284862640439314e+03
5.400000000000026649e-07 4.494299148246325785e+03
5.410000000000026341e-07 4.494313396845611351e+03
5.420000000000026034e-07 4.494327608594431695e+03
5.430000000000025726e-07 4.494341783641810252e+03
5.440000000000025419e-07 4.494355922134632237e+03
5.450000000000025111e-07 4.494370024218326762e+03
5.460000000000024804e-07 4.494384090042181015e+03
5.470000000000024496e-07 4.494398119763961404e+03
5.480000000000024189e-07 4.494412113546850378e+03
5.490000000000023881e-07 4.494426071556319584e+03
5.500000000000023574e-07 4.494439993955742466e+03
5.510000000000023266e-07 4.494453880905385631e+03
5.520000000000022959e-07 4.494467732562385208e+03
5.530000000000022651e-07 4.494481549073391761e+03
5.540000000000022344e-07 4.494495330577937239e+03
5.550000000000022036e-07 4.494509077218637685e+03
5.560000000000021729e-07 4.494522789138623011e+03
5.570000000000021421e-07 4.494536466476612986e+03
5.580000000000021114e-07 4.494550109371347389e+03
5.590000000000020806e-07 4.494563717963292220e+03
5.600000000000020499e-07 4.494577292394264077e+03
5.610000000000020191e-07 4.494590832908512311e+03
5.620000000000019884e-07 4.494604339552866804e+03
5.630000000000019576e-07 4.494617812477958068e+03
5.640000000000019269e-07 4.494631251833305214e+03
5.650000000000018961e-07 4.494644657738546812e+03
5.660000000000018654e-07 4.494658030296658580e+03
5.670000000000018346e-07 4.494671369612313356e+03
5.680000000000018039e-07 4.494684675785401851e+03
5.690000000000017731e-07 4.494697948910738887e+03
5.700000000000017424e-07 4.494711189079896030e+03
5.710000000000017116e-07 4.494724396384546708e+03
5.720000000000016809e-07 4.494737570914276148e+03
5.730000000000016501e-07 4.494750712734446097e+03
5.740000000000016194e-07 4.494763821894306602e+03
5.750000000000015886e-07 4.494776898443254140e+03
5.760000000000015579e-07 4.494789942435008925e+03
5.770000000000015271e-07 4.494802953923624955e+03
5.780000000000014964e-07 4.494815932960153987e+03
5.790000000000014656e-07 4.494828879597243940e+03
5.800000000000014349e-07 4.494841793898587639e+03
5.810000000000014041e-07 4.494854675933100225e+03
5.820000000000013734e-07 4.494867525772581757e+03
5.830000000000013426e-07 4.494880343492299289e+03
5.840000000000013119e-07 4.494893129170226530e+03
5.850000000000012811e-07 4.494905882903165548e+03
5.860000000000012504e-07 4.494918604972192043e+03
5.870000000000012196e-07 4.494931295542054613e+03
5.880000000000011889e-07 4.494943954715873588e+03
5.890000000000011581e-07 4.494956582590712969e+03
5.900000000000011274e-07 4.494969179262398029e+03
5.910000000000010966e-07 4.494981744823494410e+03
5.920000000000010659e-07 4.494994279366525916e+03
5.930000000000010351e-07 4.495006782989808926e+03
5.940000000000010044e-07 4.495019255796511061e+03
5.950000000000009736e-07 4.495031697894069111e+03
5.960000000000009429e-07 4.495044109393720646e+03
5.970000000000009121e-07 4.495056490410359402e+03
5.980000000000008814e-07 4.495068841061290186e+03
5.990000000000008506e-07 4.495081161468428036e+03
6.000000000000008199e-07 4.495093451756046306e+03
6.010000000000007891e-07 4.495105712050200054e+03
6.020000000000007584e-07 4.495117942476445023e+03
6.030000000000007276e-07 4.495130143154348843e+03
6.040000000000006969e-07 4.495142314198772510e+03
6.050000000000006661e-07 4.495154455725914886e+03
6.060000000000006354e-07 4.495166567852020307e+03
6.070000000000006046e-07 4.495178650691106668e+03
6.080000000000005739e-07 4.495190704356248716e+03
6.090000000000005431e-07 4.495202728959482556e+03
6.100000000000005124e-07 4.495214724611168094e+03
6.110000000000004816e-07 4.495226691419850795e+03
6.120000000000004509e-07 4.495238629492127075e+03
6.130000000000004201e-07 4.495250538928119568e+03
6.140000000000003894e-07 4.495262419821704498e+03
6.150000000000003586e-07 4.495274272265030049e+03
6.160000000000003279e-07 4.495286096345446822e+03
6.170000000000002971e-07 4.495297892146359118e+03
6.180000000000002664e-07 4.495309659748101694e+03
6.190000000000002356e-07 4.495321399227981601e+03
6.200000000000002049e-07 4.495333110660633793e+03
6.210000000000001741e-07 4.495344794123883730e+03
6.220000000000001434e-07 4.495356449705206614e+03
6.230000000000001126e-07 4.495368077499010724e+03
6.240000000000000819e-07 4.495379677603675191e+03
6.250000000000000511e-07 4.495391250119820143e+03
6.260000000000000204e-07 4.495402795149941085e+03
6.269999999999999896e-07 4.495414312798086030e+03
6.279999999999999589e-07 4.495425803169250685e+03
6.289999999999999281e-07 4.495437266369116514e+03
6.299999999999998974e-07 4.495448702503736058e+03
6.309999999999998666e-07 4.495460111679120018e+03
6.319999999999998359e-07 4.495471494001081737e+03
6.329999999999998051e-07 4.495482849574728789e+03
6.339999999999997744e-07 4.495494178504044612e+03
6.349999999999997436e-07 4.495505480890833496e+03
6.359999999999997129e-07 4.495516756835134402e+03
6.369999999999996821e-07 4.495528006435196403e+03
6.379999999999996514e-07 4.495539229787436852e+03
6.389999999999996206e-07 4.495550426986910679e+03
6.399999999999995899e-07 4.495561598127522302e+03
6.409999999999995591e-07 4.495572743302823255e+03
6.419999999999995284e-07 4.495583862606650655e+03
6.429999999999994976e-07 4.495594956133081723e+03
6.439999999999994669e-07 4.495606023975999960e+03
6.449999999999994361e-07 4.495617066228377553e+03
6.459999999999994054e-07 4.495628082982853812e+03
6.469999999999993746e-07 4.495639074332348173e+03
6.479999999999993439e-07 4.495650040370361239e+03
6.489999999999993131e-07 4.495660981191098472e+03
6.499999999999992824e-07 4.495671896889370146e+03
6.509999999999992516e-07 4.495682787560895122e+03
6.519999999999992209e-07 4.495693653304515465e+03
6.529999999999991901e-07 4.495704494227386931e+03
6.539999999999991594e-07 4.495715310437112748e+03
6.549999999999991286e-07 4.495726102036945122e+03
6.559999999999990979e-07 4.495736869125858902e+03
6.569999999999990671e-07 4.495747611799745755e+03
6.579999999999990364e-07 4.495758330152255439e+03
6.589999999999990056e-07 4.495769024273533432e+03
6.599999999999989749e-07 4.495779694250993089e+03
6.609999999999989441e-07 4.495790340169762203e+03
6.619999999999989134e-07 4.495800962114549293e+03
6.629999999999988826e-07 4.495811560170316625e+03
6.639999999999988519e-07 4.495822134422436648e+03
6.649999999999988211e-07 4.495832684956856610e+03
6.659999999999987904e-07 4.495843211860191332e+03
6.669999999999987596e-07 4.495853715219492187e+03
6.679999999999987289e-07 4.495864195123258469e+03
6.689999999999986981e-07 4.495874651661983080e+03
6.699999999999986674e-07 4.495885084926712807e+03
6.709999999999986366e-07 4.495895495005565863e+03
6.719999999999986059e-07 4.495905881985074302e+03
6.729999999999985751e-07 4.495916245941011766e+03
6.739999999999985444e-07 4.495926586940599918e+03
6.749999999999985136e-07 4.495936905046493848e+03
6.759999999999984829e-07 4.495947200317559691e+03
6.769999999999984521e-07 4.495957472808547209e+03
6.779999999999984214e-07 4.495967722570971091e+03
6.789999999999983906e-07 4.495977949653958603e+03
6.799999999999983599e-07 4.495988154102768931e+03
6.809999999999983291e-07 4.495998335966587547e+03
6.819999999999982984e-07 4.496008495325739204e+03
6.829999999999982676e-07 4.496018632278555742e+03
6.839999999999982369e-07 4.496028746927216162e+03
6.849999999999982061e-07 4.496038839373460178e+03
6.859999999999981754e-07 4.496048909717350398e+03
6.869999999999981446e-07 4.496058958059656106e+03
6.879999999999981139e-07 4.496068984502113381e+03
6.889999999999980831e-07 4.496078989146530148e+03
6.899999999999980524e-07 4.496088972094219571e+03
6.909999999999980216e-07 4.496098933443094211e+03
6.919999999999979909e-07 4.496108873284701986e+03
6.929999999999979601e-07 4.496118791693344974e+03
6.939999999999979294e-07 4.496128688727778353e+03
6.949999999999978986e-07 4.496138564444476287e+03
6.959999999999978679e-07 4.496148418897604643e+03
6.969999999999978371e-07 4.496158252140580771e+03
6.979999999999978064e-07 4.496168064227838840e+03
6.989999999999977756e-07 4.496177855223902952e+03
6.999999999999977449e-07 4.496187625177965856e+03
7.009999999999977141e-07 4.496197374148409835e+03
7.019999999999976834e-07 4.496207102195339758e+03
7.029999999999976526e-07 4.496216809386211025e+03
7.039999999999976219e-07 4.496226495798969154e+03
7.049999999999975911e-07 4.496236161516668290e+03
7.059999999999975604e-07 4.496245806623468525e+03
7.069999999999975296e-07 4.496255431203984699e+03
7.079999999999974989e-07 4.496265035341399198e+03
7.089999999999974681e-07 4.496274619116588838e+03
7.099999999999974374e-07 4.496284182608898846e+03
7.109999999999974066e-07 4.496293725896774959e+03
7.119999999999973759e-07 4.496303249057882567e+03
7.129999999999973451e-07 4.496312752168998486e+03
7.139999999999973144e-07 4.496322235305857248e+03
7.149999999999972836e-07 4.496331698543132006e+03
7.159999999999972529e-07 4.496341141955066632e+03
7.169999999999972221e-07 4.496350565614804509e+03
7.179999999999971914e-07 4.496359969594806898e+03
7.189999999999971606e-07 4.496369353966571907e+03
7.199999999999971299e-07 4.496378718800488969e+03
7.209999999999970991e-07 4.496388064165975265e+03
7.219999999999970684e-07 4.496397390131761313e+03
7.229999999999970376e-07 4.496406696766247478e+03
7.239999999999970069e-07 4.496415984137565829e+03
7.249999999999969761e-07 4.496425252313691090e+03
7.259999999999969454e-07 4.496434501362528863e+03
7.269999999999969146e-07 4.496443731351977476e+03
7.279999999999968839e-07 4.496452942349961631e+03
7.289999999999968531e-07 4.496462134424228680e+03
7.299999999999968224e-07 4.496471307642912507e+03
7.309999999999967916e-07 4.496480462075161995e+03
7.319999999999967609e-07 4.496489597790852713e+03
7.329999999999967301e-07 4.496498714860609653e+03
7.339999999999966994e-07 4.496507813356544830e+03
7.349999999999966686e-07 4.496516893375954169e+03
7.359999999999966379e-07 4.496525955023623283e+03
7.369999999999966071e-07 4.496534998391563931e+03
7.379999999999965764e-07 4.496544023562829352e+03
7.389999999999965456e-07 4.496553030613396004e+03
7.399999999999965149e-07 4.496562019614355449e+03
7.409999999999964841e-07 4.496570990633948895e+03
7.419999999999964534e-07 4.496579943738748625e+03
7.429999999999964226e-07 4.496588878992622995e+03
7.439999999999963919e-07 4.496597796457822369e+03
7.449999999999963611e-07 4.496606696196974553e+03
7.459999999999963304e-07 4.496615578273085703e+03
7.469999999999962996e-07 4.496624442749474838e+03
7.479999999999962689e-07 4.496633289689755657e+03
7.489999999999962381e-07 4.496642119164176620e+03
7.499999999999962074e-07 4.496650931228195986e+03
7.509999999999961766e-07 4.496659725944692582e+03
7.519999999999961459e-07 4.496668503378517926e+03
7.529999999999961151e-07 4.496677263595948716e+03
7.539999999999960844e-07 4.496686006662290310e+03
7.549999999999960536e-07 4.496694732641436531e+03
7.559999999999960229e-07 4.496703441596277116e+03
7.569999999999959921e-07 4.496712133588616780e+03
7.579999999999959614e-07 4.496720808679258880e+03
7.589999999999959306e-07 4.496729466928341026e+03
7.599999999999958999e-07 4.496738108395473319e+03
7.609999999999958691e-07 4.496746733139892967e+03
7.619999999999958384e-07 4.496755341220687114e+03
7.629999999999958076e-07 4.496763932696681877e+03
7.639999999999957768e-07 4.496772507626373226e+03
7.649999999999957461e-07 4.496781066068246218e+03
7.659999999999957153e-07 4.496789608081149709e+03
7.669999999999956846e-07 4.496798133724110812e+03
7.679999999999956538e-07 4.496806643055590939e+03
7.689999999999956231e-07 4.496815136133330270e+03
7.699999999999955923e-07 4.496823613015564661e+03
7.709999999999955616e-07 4.496832073758138904e+03
7.719999999999955308e-07 4.496840518414518556e+03
7.729999999999955001e-07 4.496848947035812671e+03
7.739999999999954693e-07 4.496857359670615551e+03
7.749999999999954386e-07 4.496865756365082234e+03
7.759999999999954078e-07 4.496874137163857085e+03
7.769999999999953771e-07 4.496882502110216592e+03
7.779999999999953463e-07 4.496890851238419600e+03
7.789999999999953156e-07 4.496899184588373828e+03
7.799999999999952848e-07 4.496907502215464774e+03
7.809999999999952541e-07 4.496915804180879604e+03
7.819999999999952233e-07 4.496924090547525338e+03
7.829999999999951926e-07 4.496932361378947462e+03
7.839999999999951618e-07 4.496940616738837889e+03
7.849999999999951311e-07 4.496948856690867615e+03
7.859999999999951003e-07 4.496957081298573030e+03
7.869999999999950696e-07 4.496965290625297712e+03
7.879999999999950388e-07 4.496973484734216981e+03
7.889999999999950081e-07 4.496981663688222397e+03
7.899999999999949773e-07 4.496989827549663460e+03
7.909999999999949466e-07 4.496997976377619125e+03
7.919999999999949158e-07 4.497006110224799158e+03
7.929999999999948851e-07 4.497014229141082978e+03
7.939999999999948543e-07 4.497022333175170388e+03
7.949999999999948236e-07 4.497030422374942646e+03
7.959999999999947928e-07 4.497038496787485201e+03
7.969999999999947621e-07 4.497046556458773011e+03
7.979999999999947313e-07 4.497054601433943390e+03
7.989999999999947006e-07 4.497062631757549752e+03
7.999999999999946698e-07 4.497070647473767167e+03
8.009999999999946391e-07 4.497078648626350514e+03
8.019999999999946083e-07 4.497086635258695424e+03
8.029999999999945776e-07 4.497094607413981976e+03
8.039999999999945468e-07 4.497102565135111035e+03
8.049999999999945161e-07 4.497110508464637860e+03
8.059999999999944853e-07 4.497118437446073585e+03
8.069999999999944546e-07 4.497126352133717774e+03
8.079999999999944238e-07 4.497134252566565920e+03
8.089999999999943931e-07 4.497142138799664281e+03
8.099999999999943623e-07 4.497150010884831318e+03
8.109999999999943316e-07 4.497157868879266971e+03
8.119999999999943008e-07 4.497165712839931075e+03
8.129999999999942701e-07 4.497173542823835305e+03
8.139999999999942393e-07 4.497181358888166869e+03
8.149999999999942086e-07 4.497189161090929701e+03
8.159999999999941778e-07 4.497196949490427869e+03
8.169999999999941471e-07 4.497204724138833626e+03
8.179999999999941163e-07 4.497212485078108330e+03
8.189999999999940856e-07 4.497220232344310716e+03
8.199999999999940548e-07 4.497227965971388585e+03
8.209999999999940241e-07 4.497235685992583967e+03
8.219999999999939933e-07 4.497243392441113429e+03
8.229999999999939626e-07 4.497251085350560061e+03
8.239999999999939318e-07 4.497258764755021730e+03
8.249999999999939011e-07 4.497266430692198810e+03
8.259999999999938703e-07 4.497274083205391435e+03
8.269999999999938396e-07 4.497281722341259410e+03
8.279999999999938088e-07 4.497289348148247882e+03
8.289999999999937781e-07 4.497296960675396804e+03
8.299999999999937473e-07 4.497304559972157222e+03
8.309999999999937166e-07 4.497312146088067493e+03
8.319999999999936858e-07 4.497319719072293083e+03
8.329999999999936551e-07 4.497327278973952161e+03
8.339999999999936243e-07 4.497334825842104692e+03
8.349999999999935936e-07 4.497342359725603274e+03
8.359999999999935628e-07 4.497349880673059488e+03
8.369999999999935321e-07 4.497357388732625623e+03
8.379999999999935013e-07 4.497364883951781849e+03
8.389999999999934706e-07 4.497372366377360777e+03
8.399999999999934398e-07 4.497379836055937631e+03
8.409999999999934091e-07 4.497387293034294999e+03
8.419999999999933783e-07 4.497394737358915336e+03
8.429999999999933476e-07 4.497402169075535312e+03
8.439999999999933168e-07 4.497409588229089422e+03
8.449999999999932861e-07 4.497416994863773652e+03
8.459999999999932553e-07 4.497424389022847208e+03
8.469999999999932246e-07 4.497431770748484269e+03
8.479999999999931938e-07 4.497439140082557060e+03
8.489999999999931631e-07 4.497446497066416669e+03
8.499999999999931323e-07 4.497453841740403732e+03
8.509999999999931016e-07 4.497461174144415963e+03
8.519999999999930708e-07 4.497468494318037301e+03
8.529999999999930401e-07 4.497475802300537907e+03
8.539999999999930093e-07 4.497483098130882354e+03
8.549999999999929786e-07 4.497490381847767821e+03
8.559999999999929478e-07 4.497497653489643199e+03
8.569999999999929171e-07 4.497504913095437587e+03
8.579999999999928863e-07 4.497512160703514382e+03
8.589999999999928556e-07 4.497519396349619456e+03
8.599999999999928248e-07 4.497526620073292179e+03
8.609999999999927941e-07 4.497533831911971902e+03
8.619999999999927633e-07 4.497541031906866010e+03
8.629999999999927326e-07 4.497548220096211480e+03
8.639999999999927018e-07 4.497555396519996066e+03
8.649999999999926711e-07 4.497562561215880123e+03
8.659999999999926403e-07 4.497569714222885523e+03
8.669999999999926096e-07 4.497576855578160576e+03
8.679999999999925788e-07 4.497583985319923158e+03
8.689999999999925481e-07 4.497591103484982341e+03
8.699999999999925173e-07 4.497598210111103981e+03
8.709999999999924866e-07 4.497605305234740626e+03
8.719999999999924558e-07 4.497612388892394847e+03
8.729999999999924251e-07 4.497619461117825267e+03
8.739999999999923943e-07 4.497626521943623629e+03
8.749999999999923636e-07 4.497633571397720516e+03
8.759999999999923328e-07 4.497640609501150720e+03
8.769999999999923021e-07 4.497647636275327386e+03
8.779999999999922713e-07 4.497654651749177901e+03
8.789999999999922406e-07 4.497661655955679635e+03
8.799999999999922098e-07 4.497668648929757182e+03
8.809999999999921791e-07 4.497675630706875381e+03
8.819999999999921483e-07 4.497682601327682278e+03
8.829999999999921176e-07 4.497689560825899207e+03
8.839999999999920868e-07 4.497696509238545332e+03
8.849999999999920561e-07 4.497703446604569763e+03
8.859999999999920253e-07 4.497710372962241308e+03
8.869999999999919946e-07 4.497717288355800520e+03
8.879999999999919638e-07 4.497724192830525681e+03
8.889999999999919331e-07 4.497731086431588665e+03
8.899999999999919023e-07 4.497737969202444219e+03
8.909999999999918716e-07 4.497744841186065969e+03
8.919999999999918408e-07 4.497751702423645838e+03
8.929999999999918101e-07 4.497758552955649975e+03
8.939999999999917793e-07 4.497765392820955640e+03
8.949999999999917486e-07 4.497772222057797080e+03
8.959999999999917178e-07 4.497779040704046565e+03
8.969999999999916871e-07 4.497785848797538165e+03
8.979999999999916563e-07 4.497792646375140066e+03
8.989999999999916256e-07 4.497799433473483077e+03
8.999999999999915948e-07 4.497806210128832390e+03
9.009999999999915641e-07 4.497812976377842460e+03
9.019999999999915333e-07 4.497819732256700263e+03
9.029999999999915026e-07 4.497826477801953843e+03
9.039999999999914718e-07 4.497833213052477731e+03
9.049999999999914411e-07 4.497839938049798548e+03
9.059999999999914103e-07 4.497846652835975874e+03
9.069999999999913796e-07 4.497853357453858735e+03
9.079999999999913488e-07 4.497860051946457133e+03
9.089999999999913181e-07 4.497866736356306319e+03
9.099999999999912873e-07 4.497873410725305803e+03
9.109999999999912566e-07 4.497880075095221400e+03
9.119999999999912258e-07 4.497886729507546988e+03
9.129999999999911951e-07 4.497893374003181634e+03
9.139999999999911643e-07 4.497900008622415953e+03
9.149999999999911336e-07 4.497906633405974389e+03
9.159999999999911028e-07 4.497913248395023402e+03
9.169999999999910721e-07 4.497919853631946353e+03
9.179999999999910413e-07 4.497926449160526317e+03
9.189999999999910106e-07 4.497933035019533236e+03
9.199999999999909798e-07 4.497939611242249157e+03
9.209999999999909491e-07 4.497946177859477757e+03
9.219999999999909183e-07 4.497952734900368341e+03
9.229999999999908876e-07 4.497959282393368085e+03
9.239999999999908568e-07 4.497965820366145635e+03
9.249999999999908261e-07 4.497972348846144996e+03
9.259999999999907953e-07 4.497978867860295395e+03
9.269999999999907646e-07 4.497985377435272312e+03
9.279999999999907338e-07 4.497991877596554332e+03
9.289999999999907031e-07 4.497998368369192576e+03
9.299999999999906723e-07 4.498004849777727941e+03
9.309999999999906416e-07 4.498011321846634019e+03
9.319999999999906108e-07 4.498017784600046980e+03
9.329999999999905801e-07 4.498024238062186669e+03
9.339999999999905493e-07 4.498030682257349326e+03
9.349999999999905186e-07 4.498037117210130418e+03
9.359999999999904878e-07 4.498043542945320951e+03
9.369999999999904571e-07 4.498049959488032982e+03
9.379999999999904263e-07 4.498056366863560470e+03
9.389999999999903956e-07 4.498062765097319243e+03
9.399999999999903648e-07 4.498069154215200797e+03
9.409999999999903341e-07 4.498075534242777394e+03
9.419999999999903033e-07 4.498081905206006013e+03
9.429999999999902726e-07 4.498088267130908207e+03
9.439999999999902418e-07 4.498094620044081239e+03
9.449999999999902111e-07 4.498100963971871352e+03
9.459999999999901803e-07 4.498107298940596593e+03
9.469999999999901496e-07 4.498113624976555911e+03
9.479999999999901188e-07 4.498119942106060989e+03
9.489999999999900881e-07 4.498126250355492630e+03
9.499999999999900573e-07 4.498132549751190709e+03
9.509999999999900266e-07 4.498138840319381416e+03
9.519999999999899958e-07 4.498145122086119045e+03
9.529999999999899651e-07 4.498151395077218694e+03
9.539999999999899343e-07 4.498157659318316291e+03
9.549999999999900094e-07 4.498163914834923162e+03
9.559999999999900846e-07 4.498170161652502429e+03
9.569999999999901597e-07 4.498176399796394435e+03
9.579999999999902348e-07 4.498182629291787634e+03
9.589999999999903100e-07 4.498188850163725874e+03
9.599999999999903851e-07 4.498195062437233901e+03
9.609999999999904602e-07 4.498201266137418315e+03
9.619999999999905353e-07 4.498207461289298408e+03
9.629999999999906105e-07 4.498213647918662900e+03
9.639999999999906856e-07 4.498219826052634744e+03
9.649999999999907607e-07 4.498225995712764416e+03
9.659999999999908359e-07 4.498232156923756520e+03
9.669999999999909110e-07 4.498238309710123758e+03
9.679999999999909861e-07 4.498244454096480695e+03
9.689999999999910612e-07 4.498250590108061260e+03
9.699999999999911364e-07 4.498256717769953866e+03
9.709999999999912115e-07 4.498262837106045481e+03
9.719999999999912866e-07 4.498268948137962070e+03
9.729999999999913618e-07 4.498275050886545614e+03
9.739999999999914369e-07 4.498281145372398896e+03
9.749999999999915120e-07 4.498287231616142890e+03
9.759999999999915871e-07 4.498293309638722349e+03
9.769999999999916623e-07 4.498299379461430362e+03
9.779999999999917374e-07 4.498305441105809223e+03
9.789999999999918125e-07 4.498311494593528550e+03
9.799999999999918877e-07 4.498317539946261604e+03
9.809999999999919628e-07 4.498323577185697104e+03
9.819999999999920379e-07 4.498329606333550146e+03
9.829999999999921131e-07 4.498335627411526730e+03
9.839999999999921882e-07 4.498341640441308300e+03
9.849999999999922633e-07 4.498347645444494447e+03
9.859999999999923384e-07 4.498353642442723867e+03
9.869999999999924136e-07 4.498359631457625255e+03
9.879999999999924887e-07 4.498365612510722713e+03
9.889999999999925638e-07 4.498371585623535793e+03
9.899999999999926390e-07 4.498377550817609517e+03
9.909999999999927141e-07 4.498383508114378856e+03
9.919999999999927892e-07 4.498389457535150541e+03
9.929999999999928643e-07 4.498395399101113981e+03
9.939999999999929395e-07 4.498401332833313063e+03
9.949999999999930146e-07 4.498407258752619782e+03
9.959999999999930897e-07 4.498413176879690582e+03
9.969999999999931649e-07 4.498419087235042753e+03
9.979999999999932400e-07 4.498424989839037153e+03
9.989999999999933151e-07 4.498430884711752697e+03
9.999999999999933902e-07 4.498436771872987265e+03
1.000999999999993465e-06 4.498442651342280442e+03
1.001999999999993541e-06 4.498448523138968994e+03
1.002999999999993616e-06 4.498454387282270545e+03
1.003999999999993691e-06 4.498460243791309949e+03
1.004999999999993766e-06 4.498466092685177500e+03
1.005999999999993841e-06 4.498471933982899827e+03
1.006999999999993916e-06 4.498477767703475365e+03
1.007999999999993991e-06 4.498483593865853436e+03
1.008999999999994066e-06 4.498489412488939706e+03
1.009999999999994142e-06 4.498495223591576178e+03
1.010999999999994217e-06 4.498501027192539368e+03
1.011999999999994292e-06 4.498506823310444815e+03
1.012999999999994367e-06 4.498512611963872587e+03
1.013999999999994442e-06 4.498518393171679236e+03
1.014999999999994517e-06 4.498524166952724954e+03
1.015999999999994592e-06 4.498529933325805359e+03
1.016999999999994667e-06 4.498535692309659680e+03
1.017999999999994743e-06 4.498541443923029874e+03
1.018999999999994818e-06 4.498547188184628794e+03
1.019999999999994893e-06 4.498552925112670891e+03
1.020999999999994968e-06 4.498558654724979533e+03
1.021999999999995043e-06 4.498564377039147075e+03
1.022999999999995118e-06 4.498570092072558509e+03
1.023999999999995193e-06 4.498575799842456945e+03
1.024999999999995268e-06 4.498581500366060027e+03
1.025999999999995344e-06 4.498587193660546291e+03
1.026999999999995419e-06 4.498592879750377506e+03
1.027999999999995494e-06 4.498598558640867850e+03
1.028999999999995569e-06 4.498604230357301276e+03
1.029999999999995644e-06 4.498609894911746778e+03
1.030999999999995719e-06 4.498615552325274621e+03
1.031999999999995794e-06 4.498621202612266643e+03
1.032999999999995869e-06 4.498626845792391578e+03
1.033999999999995945e-06 4.498632481881604690e+03
1.034999999999996020e-06 4.498638110900214087e+03
1.035999999999996095e-06 4.498643732867296421e+03
1.036999999999996170e-06 4.498649347804238460e+03
1.037999999999996245e-06 4.498654955730992697e+03
1.038999999999996320e-06 4.498660556668820391e+03
1.039999999999996395e-06 4.498666150637432111e+03
1.040999999999996471e-06 4.498671737656604819e+03
1.041999999999996546e-06 4.498677317744567517e+03
1.042999999999996621e-06 4.498682890919946658e+03
1.043999999999996696e-06 4.498688457200493758e+03
1.044999999999996771e-06 4.498694016604671560e+03
1.045999999999996846e-06 4.498699569150455318e+03
1.046999999999996921e-06 4.498705114856716136e+03
1.047999999999996996e-06 4.498710653743058174e+03
1.048999999999997072e-06 4.498716185831087387e+03
1.049999999999997147e-06 4.498721711139639410e+03
1.050999999999997222e-06 4.498727229686523970e+03
1.051999999999997297e-06 4.498732741488309330e+03
1.052999999999997372e-06 4.498738246561371852e+03
1.053999999999997447e-06 4.498743744921565849e+03
1.054999999999997522e-06 4.498749236585040308e+03
1.055999999999997597e-06 4.498754721567511297e+03
1.056999999999997673e-06 4.498760199884842223e+03
1.057999999999997748e-06 4.498765671552255299e+03
1.058999999999997823e-06 4.498771136584678061e+03
1.059999999999997898e-06 4.498776594996573294e+03
1.060999999999997973e-06 4.498782046802743935e+03
1.061999999999998048e-06 4.498787492017180739e+03
1.062999999999998123e-06 4.498792930653577059e+03
1.063999999999998198e-06 4.498798362724892286e+03
1.064999999999998274e-06 4.498803788243943018e+03
1.065999999999998349e-06 4.498809207222921941e+03
1.066999999999998424e-06 4.498814619673980815e+03
1.067999999999998499e-06 4.498820025608687502e+03
1.068999999999998574e-06 4.498825425038657158e+03
1.069999999999998649e-06 4.498830817975023820e+03
1.070999999999998724e-06 4.498836204429063400e+03
1.071999999999998800e-06 4.498841584411676195e+03
1.072999999999998875e-06 4.498846957934053535e+03
1.073999999999998950e-06 4.498852325007133913e+03
1.074999999999999025e-06 4.498857685642286015e+03
1.075999999999999100e-06 4.498863039850708446e+03
1.076999999999999175e-06 4.498868387643989990e+03
1.077999999999999250e-06 4.498873729033303789e+03
1.078999999999999325e-06 4.498879064030104928e+03
1.079999999999999401e-06 4.498884392651421877e+03
1.080999999999999476e-06 4.498889714925645421e+03
1.081999999999999551e-06 4.498895030863899592e+03
1.082999999999999626e-06 4.498900340477568534e+03
1.083999999999999701e-06 4.498905643779449747e+03
1.084999999999999776e-06 4.498910940783283877e+03
1.085999999999999851e-06 4.498916231514725951e+03
1.086999999999999926e-06 4.498921515979111064e+03
1.088000000000000002e-06 4.498926794192556372e+03
1.089000000000000077e-06 4.498932066171676524e+03
1.090000000000000152e-06 4.498937331933465430e+03
1.091000000000000227e-06 4.498942591495949273e+03
1.092000000000000302e-06 4.498947844877549869e+03
1.093000000000000377e-06 4.498953092096586261e+03
1.094000000000000452e-06 4.498958333171162849e+03
1.095000000000000527e-06 4.498963568119100273e+03
1.096000000000000603e-06 4.498968796957795348e+03
1.097000000000000678e-06 4.498974019704628518e+03
1.098000000000000753e-06 4.498979236376332665e+03
1.099000000000000828e-06 4.498984446988943091e+03
1.100000000000000903e-06 4.498989651558154947e+03
1.101000000000000978e-06 4.498994850099380528e+03
1.102000000000001053e-06 4.499000042627677431e+03
1.103000000000001129e-06 4.499005229157581198e+03
1.104000000000001204e-06 4.499010409702930701e+03
1.105000000000001279e-06 4.499015584276805384e+03
1.106000000000001354e-06 4.499020752891534357e+03
1.107000000000001429e-06 4.499025915558780071e+03
1.108000000000001504e-06 4.499031072289498297e+03
1.109000000000001579e-06 4.499036223094094566e+03
1.110000000000001654e-06 4.499041367984541466e+03
1.111000000000001730e-06 4.499046506970055816e+03
1.112000000000001805e-06 4.499051640058732119e+03
1.113000000000001880e-06 4.499056767259266962e+03
1.114000000000001955e-06 4.499061888579833067e+03
1.115000000000002030e-06 4.499067004028323026e+03
1.116000000000002105e-06 4.499072113612424801e+03
1.117000000000002180e-06 4.499077217339496201e+03
1.118000000000002255e-06 4.499082315216540337e+03
1.119000000000002331e-06 4.499087407250232900e+03
1.120000000000002406e-06 4.499092493447291417e+03
1.121000000000002481e-06 4.499097573815304713e+03
1.122000000000002556e-06 4.499102648362509171e+03
1.123000000000002631e-06 4.499107717097327622e+03
1.124000000000002706e-06 4.499112780028251109e+03
1.125000000000002781e-06 4.499117837163861623e+03
1.126000000000002856e-06 4.499122888512903046e+03
1.127000000000002932e-06 4.499127934084332992e+03
1.128000000000003007e-06 4.499132973886719810e+03
1.129000000000003082e-06 4.499138007928498155e+03
1.130000000000003157e-06 4.499143036219365058e+03
1.131000000000003232e-06 4.499148058769994350e+03
1.132000000000003307e-06 4.499153075591581000e+03
1.133000000000003382e-06 4.499158086695663769e+03
1.134000000000003458e-06 4.499163092093932391e+03
1.135000000000003533e-06 4.499168091798117530e+03
1.136000000000003608e-06 4.499173085819941662e+03
1.137000000000003683e-06 4.499178074171048138e+03
1.138000000000003758e-06 4.499183056862908415e+03
1.139000000000003833e-06 4.499188033906812962e+03
1.140000000000003908e-06 4.499193005313946742e+03
1.141000000000003983e-06 4.499197971095380126e+03
1.142000000000004059e-06 4.499202931262011589e+03
1.143000000000004134e-06 4.499207885824635014e+03
1.144000000000004209e-06 4.499212834793955153e+03
1.145000000000004284e-06 4.499217778180584901e+03
1.146000000000004359e-06 4.499222715995068938e+03
1.147000000000004434e-06 4.499227648247923753e+03
1.148000000000004509e-06 4.499232574949654918e+03
1.149000000000004584e-06 4.499237496110844404e+03
1.150000000000004660e-06 4.499242411742055083e+03
1.151000000000004735e-06 4.499247321853693393e+03
1.152000000000004810e-06 4.499252226456224889e+03
1.153000000000004885e-06 4.499257125560203349e+03
1.154000000000004960e-06 4.499262019176270769e+03
1.155000000000005035e-06 4.499266907315169192e+03
1.156000000000005110e-06 4.499271789987713419e+03
1.157000000000005185e-06 4.499276667204774640e+03
1.158000000000005261e-06 4.499281538980800178e+03
1.159000000000005336e-06 4.499286405323206054e+03
1.160000000000005411e-06 4.499291266242978054e+03
1.161000000000005486e-06 4.499296121751115606e+03
1.162000000000005561e-06 4.499300971858278899e+03
1.163000000000005636e-06 4.499305816574753408e+03
1.164000000000005711e-06 4.499310655910628157e+03
1.165000000000005787e-06 4.499315489875892126e+03
1.166000000000005862e-06 4.499320318480456990e+03
1.167000000000005937e-06 4.499325141734165300e+03
1.168000000000006012e-06 4.499329959646811403e+03
1.169000000000006087e-06 4.499334772228123256e+03
1.170000000000006162e-06 4.499339579487742412e+03
1.171000000000006237e-06 4.499344381435199466e+03
1.172000000000006312e-06 4.499349178079902231e+03
1.173000000000006388e-06 4.499353969431134828e+03
1.174000000000006463e-06 4.499358755498046776e+03
1.175000000000006538e-06 4.499363536289656622e+03
1.176000000000006613e-06 4.499368311814848312e+03
1.177000000000006688e-06 4.499373082082400288e+03
1.178000000000006763e-06 4.499377847101000043e+03
1.179000000000006838e-06 4.499382606879250488e+03
1.180000000000006913e-06 4.499387361425710878e+03
1.181000000000006989e-06 4.499392110749182393e+03
1.182000000000007064e-06 4.499396854858625375e+03
1.183000000000007139e-06 4.499401593762960147e+03
1.184000000000007214e-06 4.499406327471118857e+03
1.185000000000007289e-06 4.499411055992030924e+03
1.186000000000007364e-06 4.499415779334609397e+03
1.187000000000007439e-06 4.499420497507790969e+03
1.188000000000007514e-06 4.499425210520575092e+03
1.189000000000007590e-06 4.499429918381954849e+03
1.190000000000007665e-06 4.499434621100899676e+03
1.191000000000007740e-06 4.499439318686398110e+03
1.192000000000007815e-06 4.499444011147411402e+03
1.193000000000007890e-06 4.499448698492938092e+03
1.194000000000007965e-06 4.499453380732015830e+03
1.195000000000008040e-06 4.499458057873647704e+03
1.196000000000008116e-06 4.499462729926767679e+03
1.197000000000008191e-06 4.499467396900225140e+03
1.198000000000008266e-06 4.499472058802779429e+03
1.199000000000008341e-06 4.499476715643122589e+03
1.200000000000008416e-06 4.499481367429842976e+03
1.201000000000008491e-06 4.499486014171444367e+03
1.202000000000008566e-06 4.499490655876335950e+03
1.203000000000008641e-06 4.499495292552838691e+03
1.204000000000008717e-06 4.499499924209203527e+03
1.205000000000008792e-06 4.499504550853618639e+03
1.206000000000008867e-06 4.499509172494166705e+03
1.207000000000008942e-06 4.499513789138406537e+03
1.208000000000009017e-06 4.499518400793734145e+03
1.209000000000009092e-06 4.499523007467667412e+03
1.210000000000009167e-06 4.499527609167909759e+03
1.211000000000009242e-06 4.499532205902419264e+03
1.212000000000009318e-06 4.499536797679458687e+03
1.213000000000009393e-06 4.499541384507515431e+03
1.214000000000009468e-06 4.499545966395230607e+03
1.215000000000009543e-06 4.499550543351357192e+03
1.216000000000009618e-06 4.499555115384698183e+03
1.217000000000009693e-06 4.499559682504067496e+03
1.218000000000009768e-06 4.499564244718259033e+03
1.219000000000009843e-06 4.499568802036010311e+03
1.220000000000009919e-06 4.499573354466003366e+03
1.221000000000009994e-06 4.499577902016834742e+03
1.222000000000010069e-06 4.499582444697050960e+03
1.223000000000010144e-06 4.499586982517789693e+03
1.224000000000010219e-06 4.499591515485104537e+03
1.225000000000010294e-06 4.499596043605521118e+03
1.226000000000010369e-06 4.499600566887458626e+03
1.227000000000010445e-06 4.499605085338230310e+03
1.228000000000010520e-06 4.499609598965544137e+03
1.229000000000010595e-06 4.499614107776836136e+03
1.230000000000010670e-06 4.499618611779601451e+03
1.231000000000010745e-06 4.499623110981247919e+03
1.232000000000010820e-06 4.499627605389173368e+03
1.233000000000010895e-06 4.499632095010763805e+03
1.234000000000010970e-06 4.499636579853941839e+03
1.235000000000011046e-06 4.499641059927112110e+03
1.236000000000011121e-06 4.499645535238796583e+03
1.237000000000011196e-06 4.499650005797431731e+03
1.238000000000011271e-06 4.499654471611401277e+03
1.239000000000011346e-06 4.499658932689115318e+03
1.240000000000011421e-06 4.499663389038903006e+03
1.241000000000011496e-06 4.499667840668962526e+03
1.242000000000011571e-06 4.499672287587400206e+03
1.243000000000011647e-06 4.499676729802255977e+03
1.244000000000011722e-06 4.499681167321530666e+03
1.245000000000011797e-06 4.499685600153195992e+03
1.246000000000011872e-06 4.499690028305254600e+03
1.247000000000011947e-06 4.499694451785713682e+03
1.248000000000012022e-06 4.499698870602553143e+03
1.249000000000012097e-06 4.499703284763741067e+03
1.250000000000012172e-06 4.499707694277186420e+03
1.251000000000012248e-06 4.499712099150755421e+03
1.252000000000012323e-06 4.499716499392300648e+03
1.253000000000012398e-06 4.499720895009664673e+03
1.254000000000012473e-06 4.499725286010780110e+03
1.255000000000012548e-06 4.499729672403868790e+03
1.256000000000012623e-06 4.499734054198110243e+03
1.257000000000012698e-06 4.499738431402632159e+03
1.258000000000012774e-06 4.499742804026344857e+03
1.259000000000012849e-06 4.499747172078092262e+03
1.260000000000012924e-06 4.499751535566680104e+03
1.261000000000012999e-06 4.499755894500847717e+03
1.262000000000013074e-06 4.499760248889220748e+03
1.263000000000013149e-06 4.499764598740277506e+03
1.264000000000013224e-06 4.499768944062328956e+03
1.265000000000013299e-06 4.499773284863534172e+03
1.266000000000013375e-06 4.499777621151905805e+03
1.267000000000013450e-06 4.499781952935290974e+03
1.268000000000013525e-06 4.499786280226113377e+03
1.269000000000013600e-06 4.499790603025025121e+03
1.270000000000013675e-06 4.499794921342297130e+03
1.271000000000013750e-06 4.499799235184291319e+03
1.272000000000013825e-06 4.499803544558781141e+03
1.273000000000013900e-06 4.499807849472648741e+03
1.274000000000013976e-06 4.499812149933175533e+03
1.275000000000014051e-06 4.499816445947341890e+03
1.276000000000014126e-06 4.499820737522227319e+03
1.277000000000014201e-06 4.499825024664780358e+03
1.278000000000014276e-06 4.499829307381959552e+03
1.279000000000014351e-06 4.499833585680659780e+03
1.280000000000014426e-06 4.499837859567792293e+03
1.281000000000014501e-06 4.499842129050253789e+03
1.282000000000014577e-06 4.499846394134962793e+03
1.283000000000014652e-06 4.499850654828803272e+03
1.284000000000014727e-06 4.499854911138635543e+03
1.285000000000014802e-06 4.499859163071321746e+03
1.286000000000014877e-06 4.499863410633722197e+03
1.287000000000014952e-06 4.499867653832683573e+03
1.288000000000015027e-06 4.499871892675044364e+03
1.289000000000015103e-06 4.499876127167630329e+03
1.290000000000015178e-06 4.499880357317239941e+03
1.291000000000015253e-06 4.499884583130656210e+03
1.292000000000015328e-06 4.499888804614641231e+03
1.293000000000015403e-06 4.499893021775920715e+03
1.294000000000015478e-06 4.499897234621123062e+03
1.295000000000015553e-06 4.499901443156916685e+03
1.296000000000015628e-06 4.499905647389962724e+03
1.297000000000015704e-06 4.499909847326827730e+03
1.298000000000015779e-06 4.499914042974087351e+03
1.299000000000015854e-06 4.499918234338328148e+03
1.300000000000015929e-06 4.499922421425962966e+03
1.301000000000016004e-06 4.499926604243252768e+03
1.302000000000016079e-06 4.499930782796333006e+03
1.303000000000016154e-06 4.499934957091123579e+03
1.304000000000016229e-06 4.499939127133379770e+03
1.305000000000016305e-06 4.499943292928755909e+03
1.306000000000016380e-06 4.499947454482811736e+03
1.307000000000016455e-06 4.499951611801012405e+03
1.308000000000016530e-06 4.499955764888719386e+03
1.309000000000016605e-06 4.499959913751205022e+03
1.310000000000016680e-06 4.499964058393691630e+03
1.311000000000016755e-06 4.499968198821336046e+03
1.312000000000016830e-06 4.499972335039245081e+03
1.313000000000016906e-06 4.499976467052702901e+03
1.314000000000016981e-06 4.499980594867703985e+03
1.315000000000017056e-06 4.499984718490907653e+03
1.316000000000017131e-06 4.499988837929394322e+03
1.317000000000017206e-06 4.499992953190460867e+03
1.318000000000017281e-06 4.499997064281529674e+03
1.319000000000017356e-06 4.500001171210029497e+03
1.320000000000017431e-06 4.500005273983311781e+03
1.321000000000017507e-06 4.500009372608592457e+03
1.322000000000017582e-06 4.500013467092892824e+03
1.323000000000017657e-06 4.500017557443021360e+03
1.324000000000017732e-06 4.500021643665532793e+03
1.325000000000017807e-06 4.500025725766714459e+03
1.326000000000017882e-06 4.500029803752719090e+03
1.327000000000017957e-06 4.500033877629572999e+03
1.328000000000018033e-06 4.500037947403171529e+03
1.329000000000018108e-06 4.500042013079301796e+03
1.330000000000018183e-06 4.500046074663636318e+03
1.331000000000018258e-06 4.500050132161747570e+03
1.332000000000018333e-06 4.500054185579127989e+03
1.333000000000018408e-06 4.500058234921367330e+03
1.334000000000018483e-06 4.500062280194279992e+03
1.335000000000018558e-06 4.500066321403737675e+03
1.336000000000018634e-06 4.500070358555589337e+03
1.337000000000018709e-06 4.500074391655645741e+03
1.338000000000018784e-06 4.500078420709675811e+03
1.339000000000018859e-06 4.500082445723399360e+03
1.340000000000018934e-06 4.500086466702387952e+03
1.341000000000019009e-06 4.500090483652037619e+03
1.342000000000019084e-06 4.500094496577567043e+03
1.343000000000019159e-06 4.500098505483966619e+03
1.344000000000019235e-06 4.500102510375934799e+03
1.345000000000019310e-06 4.500106511258009050e+03
1.346000000000019385e-06 4.500110508134685006e+03
1.347000000000019460e-06 4.500114501010162712e+03
1.348000000000019535e-06 4.500118489889141529e+03
1.349000000000019610e-06 4.500122474776161653e+03
1.350000000000019685e-06 4.500126455675894249e+03
1.351000000000019760e-06 4.500130432593131445e+03
1.352000000000019836e-06 4.500134405532753590e+03
1.353000000000019911e-06 4.500138374499701058e+03
1.354000000000019986e-06 4.500142339498936053e+03
1.355000000000020061e-06 4.500146300535477167e+03
1.356000000000020136e-06 4.500150257614395741e+03
1.357000000000020211e-06 4.500154210740801318e+03
1.358000000000020286e-06 4.500158159919844366e+03
1.359000000000020362e-06 4.500162105156688995e+03
1.360000000000020437e-06 4.500166046456525692e+03
1.361000000000020512e-06 4.500169983824568590e+03
1.362000000000020587e-06 4.500173917266110948e+03
1.363000000000020662e-06 4.500177846786648843e+03
1.364000000000020737e-06 4.500181772391223603e+03
1.365000000000020812e-06 4.500185694084434544e+03
1.366000000000020887e-06 4.500189611871332090e+03
1.367000000000020963e-06 4.500193525759267686e+03
1.368000000000021038e-06 4.500197435757234416e+03
1.369000000000021113e-06 4.500201341861488800e+03
1.370000000000021188e-06 4.500205244081793353e+03
1.371000000000021263e-06 4.500209142420127137e+03
1.372000000000021338e-06 4.500213036884128087e+03
1.373000000000021413e-06 4.500216927477248646e+03
1.374000000000021488e-06 4.500220814206158138e+03
1.375000000000021564e-06 4.500224697075072982e+03
1.376000000000021639e-06 4.500228576090202296e+03
1.377000000000021714e-06 4.500232451256372769e+03
1.378000000000021789e-06 4.500236322579718035e+03
1.379000000000021864e-06 4.500240190065398565e+03
1.380000000000021939e-06 4.500244053719385192e+03
1.381000000000022014e-06 4.500247913546983000e+03
1.382000000000022089e-06 4.500251769554048224e+03
1.383000000000022165e-06 4.500255621745962344e+03
1.384000000000022240e-06 4.500259470128492467e+03
1.385000000000022315e-06 4.500263314707067366e+03
1.386000000000022390e-06 4.500267155487420496e+03
1.387000000000022465e-06 4.500270992474989725e+03
1.388000000000022540e-06 4.500274825675382999e+03
1.389000000000022615e-06 4.500278655097479714e+03
1.390000000000022691e-06 4.500282480764675711e+03
1.391000000000022766e-06 4.500286302684431575e+03
1.392000000000022841e-06 4.500290120860804564e+03
1.393000000000022916e-06 4.500293935297228927e+03
1.394000000000022991e-06 4.500297745997110724e+03
1.395000000000023066e-06 4.500301552963755967e+03
1.396000000000023141e-06 4.500305356200741699e+03
1.397000000000023216e-06 4.500309155711808671e+03
1.398000000000023292e-06 4.500312951501058706e+03
1.399000000000023367e-06 4.500316743572710948e+03
1.400000000000023442e-06 4.500320531931255573e+03
1.401000000000023517e-06 4.500324316581234598e+03
1.402000000000023592e-06 4.500328097527394675e+03
1.403000000000023667e-06 4.500331874774485186e+03
1.404000000000023742e-06 4.500335648327377385e+03
1.405000000000023817e-06 4.500339418190891593e+03
1.406000000000023893e-06 4.500343184369906339e+03
1.407000000000023968e-06 4.500346946869218300e+03
1.408000000000024043e-06 4.500350705693645068e+03
1.409000000000024118e-06 4.500354460847916016e+03
1.410000000000024193e-06 4.500358212336783254e+03
1.411000000000024268e-06 4.500361960164911579e+03
1.412000000000024343e-06 4.500365704336996714e+03
1.413000000000024418e-06 4.500369444857652525e+03
1.414000000000024494e-06 4.500373181731511067e+03
1.415000000000024569e-06 4.500376914963119816e+03
1.416000000000024644e-06 4.500380644557057167e+03
1.417000000000024719e-06 4.500384370517827847e+03
1.418000000000024794e-06 4.500388092849970235e+03
1.419000000000024869e-06 4.500391811557965411e+03
1.420000000000024944e-06 4.500395526646352664e+03
1.421000000000025020e-06 4.500399238119609436e+03
1.422000000000025095e-06 4.500402945982265919e+03
1.423000000000025170e-06 4.500406650238788643e+03
1.424000000000025245e-06 4.500410350893665054e+03
1.425000000000025320e-06 4.500414047951277098e+03
1.426000000000025395e-06 4.500417741416027638e+03
1.427000000000025470e-06 4.500421431292233137e+03
1.428000000000025545e-06 4.500425117584272812e+03
1.429000000000025621e-06 4.500428800296518602e+03
1.430000000000025696e-06 4.500432479433474327e+03
1.431000000000025771e-06 4.500436154999618338e+03
1.432000000000025846e-06 4.500439826999497200e+03
1.433000000000025921e-06 4.500443495437600177e+03
1.434000000000025996e-06 4.500447160318512033e+03
1.435000000000026071e-06 4.500450821646754775e+03
1.436000000000026146e-06 4.500454479426809485e+03
1.437000000000026222e-06 4.500458133663129047e+03
1.438000000000026297e-06 4.500461784360135425e+03
1.439000000000026372e-06 4.500465431522276958e+03
1.440000000000026447e-06 4.500469075153731865e+03
1.441000000000026522e-06 4.500472715259155848e+03
1.442000000000026597e-06 4.500476351842982695e+03
1.443000000000026672e-06 4.500479984909666200e+03
1.444000000000026747e-06 4.500483614463762024e+03
1.445000000000026823e-06 4.500487240509824005e+03
1.446000000000026898e-06 4.500490863052415989e+03
1.447000000000026973e-06 4.500494482096097272e+03
1.448000000000027048e-06 4.500498097645416237e+03
1.449000000000027123e-06 4.500501709704922177e+03
1.450000000000027198e-06 4.500505318279171661e+03
1.451000000000027273e-06 4.500508923372723984e+03
1.452000000000027349e-06 4.500512524990133898e+03
1.453000000000027424e-06 4.500516123135956150e+03
1.454000000000027499e-06 4.500519717814724572e+03
1.455000000000027574e-06 4.500523309030966630e+03
1.456000000000027649e-06 4.500526896789191596e+03
1.457000000000027724e-06 4.500530481093880553e+03
1.458000000000027799e-06 4.500534061949488205e+03
1.459000000000027874e-06 4.500537639360442881e+03
1.460000000000027950e-06 4.500541213331138351e+03
1.461000000000028025e-06 4.500544783865950194e+03
1.462000000000028100e-06 4.500548350969245803e+03
1.463000000000028175e-06 4.500551914645382567e+03
1.464000000000028250e-06 4.500555474898706052e+03
1.465000000000028325e-06 4.500559031733554548e+03
1.466000000000028400e-06 4.500562585154259978e+03
1.467000000000028475e-06 4.500566135165162450e+03
1.468000000000028551e-06 4.500569681770595707e+03
1.469000000000028626e-06 4.500573224974891673e+03
1.470000000000028701e-06 4.500576764782374084e+03
1.471000000000028776e-06 4.500580301197370318e+03
1.472000000000028851e-06 4.500583834224121347e+03
1.473000000000028926e-06 4.500587363866853593e+03
1.474000000000029001e-06 4.500590890129815307e+03
1.475000000000029076e-06 4.500594413017245643e+03
1.476000000000029152e-06 4.500597932533361018e+03
1.477000000000029227e-06 4.500601448682354203e+03
1.478000000000029302e-06 4.500604961468396141e+03
1.479000000000029377e-06 4.500608470895629580e+03
1.480000000000029452e-06 4.500611976968169984e+03
1.481000000000029527e-06 4.500615479690165557e+03
1.482000000000029602e-06 4.500618979065678104e+03
1.483000000000029678e-06 4.500622475098622090e+03
1.484000000000029753e-06 4.500625967792798292e+03
1.485000000000029828e-06 4.500629457151933821e+03
1.486000000000029903e-06 4.500632943179635731e+03
1.487000000000029978e-06 4.500636425879397393e+03
1.488000000000030053e-06 4.500639905254617588e+03
1.489000000000030128e-06 4.500643381308709650e+03
1.490000000000030203e-06 4.500646854045448890e+03
1.491000000000030279e-06 4.500650323468862553e+03
1.492000000000030354e-06 4.500653789583095204e+03
1.493000000000030429e-06 4.500657252392327791e+03
1.494000000000030504e-06 4.500660711903571610e+03
1.495000000000030579e-06 4.500664168119582428e+03
1.496000000000030654e-06 4.500667621044870430e+03
1.497000000000030729e-06 4.500671070682590653e+03
1.498000000000030804e-06 4.500674517035794452e+03
1.499000000000030880e-06 4.500677960109723244e+03
1.500000000000030955e-06 4.500681399907387458e+03
