ioniz_efficiency_vs_field
-----------------------------------
10.148748315955487 0.002166817140079047
11.41634653723116 0.0018334606569898604
13.823296280875324 0.0034655184387801796
22.296760866283243 -0.00006250434057930576
33.1706327513685 -0.0011875824710050331
50.82113982253235 -0.002395999722203168
83.80727299527929 -0.0038127647753318783
119.30866634614489 -0.0004653100909786101
149.89917592825645 0.007583859990276887
188.35311154724928 0.01998055420515299
234.98724276903098 0.04109313146746274
282.58066345375335 0.06230988263073822
352.6948554668434 0.10081255642752951
437.0261684667244 0.1436835891381345
518.0855304114705 0.1823321063962774
637.2917027977644 0.22739773595388557
772.4773118971486 0.27250503507187984
993.4650197168052 0.332661990416001
-----------------------------------
