0.000000000000000000e+00 0.000000000000000000e+00
1.000000000000000062e-09 7.350031491799765499e+05
2.000000000000000125e-09 1.857288766956258332e+06
3.000000000000000394e-09 2.418118708272157237e+06
4.000000000000000249e-09 2.136033595662277658e+06
5.000000000000000105e-09 1.891581783925212454e+06
5.999999999999999960e-09 1.693687741328714881e+06
6.999999999999999816e-09 1.605743407150539802e+06
8.000000000000000498e-09 1.863974885266629048e+06
9.000000000000001181e-09 5.681861904657358304e+06
1.000000000000000186e-08 4.725732385087365508e+08
1.100000000000000255e-08 2.523506441768924866e+11
1.200000000000000323e-08 1.282146233764130249e+11
1.300000000000000391e-08 2.650166337907543182e+10
1.400000000000000459e-08 8.988946188188186646e+09
1.500000000000000528e-08 9.111780335634632874e+10
1.600000000000000431e-08 8.595712430116153717e+09
1.700000000000000333e-08 4.969169646577602386e+09
1.800000000000000236e-08 3.418816858408178806e+09
1.900000000000000139e-08 2.485474610153342724e+09
2.000000000000000042e-08 1.862252630501782894e+09
2.099999999999999945e-08 1.432516700102555037e+09
2.199999999999999848e-08 1.152103708103357792e+09
2.299999999999999750e-08 8.040760957604856491e+08
2.399999999999999653e-08 6.681572330226268768e+08
2.499999999999999556e-08 5.716160592577368021e+08
2.599999999999999459e-08 5.042896777387259007e+08
2.699999999999999362e-08 4.490702587177804112e+08
2.799999999999999264e-08 4.034911256748779416e+08
2.899999999999999167e-08 3.684478182650735974e+08
2.999999999999999070e-08 3.411177966423212290e+08
3.099999999999999304e-08 3.228952820783649087e+08
3.199999999999999538e-08 3.244272109558625221e+08
3.299999999999999771e-08 3.015497604817837477e+08
3.400000000000000005e-08 2.782540330593538880e+08
3.500000000000000239e-08 2.560761981793354154e+08
3.600000000000000472e-08 2.356039973685658276e+08
3.700000000000000706e-08 2.130384412701510489e+08
3.800000000000000940e-08 2.032649724393266737e+08
3.900000000000001173e-08 1.907095131931022704e+08
4.000000000000001407e-08 1.778577955985833704e+08
4.100000000000001641e-08 1.655073576220860183e+08
4.200000000000001875e-08 1.539499631049167216e+08
4.300000000000002108e-08 1.429530924679743350e+08
4.400000000000002342e-08 1.311633041380999833e+08
4.500000000000002576e-08 1.232997903701557964e+08
4.600000000000002809e-08 1.157388713324813694e+08
4.700000000000003043e-08 1.082567523041682839e+08
4.800000000000003277e-08 1.008812467755754143e+08
4.900000000000003511e-08 9.354209471765311062e+07
5.000000000000003744e-08 8.598490208762206137e+07
5.100000000000003978e-08 7.952944626347717643e+07
5.200000000000004212e-08 7.374887261600241065e+07
5.300000000000004445e-08 6.823044763170754910e+07
5.400000000000004679e-08 6.299876456365720183e+07
5.500000000000004913e-08 5.803328959460644424e+07
5.600000000000005146e-08 5.335343418884020299e+07
5.700000000000005380e-08 4.893089628929080069e+07
5.800000000000005614e-08 4.476062040669100732e+07
5.900000000000005848e-08 4.100288133577200025e+07
6.000000000000006081e-08 3.763518375806813687e+07
6.100000000000005653e-08 3.458662822975359857e+07
6.200000000000005225e-08 3.181987659522604570e+07
6.300000000000004797e-08 2.930631777565750852e+07
6.400000000000004369e-08 2.702051712437533587e+07
6.500000000000003941e-08 2.494394237009999901e+07
6.600000000000003513e-08 2.306404841709940135e+07
6.700000000000003085e-08 2.136081750120982155e+07
6.800000000000002657e-08 1.981615292734216526e+07
6.900000000000002229e-08 1.841788711062647402e+07
7.000000000000001801e-08 1.715543264757309109e+07
7.100000000000001373e-08 1.602237740243708529e+07
7.200000000000000945e-08 1.500656133582037874e+07
7.300000000000000517e-08 1.409710183788627200e+07
7.400000000000000089e-08 1.328157906296938099e+07
7.499999999999999661e-08 1.255035150275757164e+07
7.599999999999999233e-08 1.189456326880670525e+07
7.699999999999998805e-08 1.130559935782700032e+07
7.799999999999998376e-08 1.077641607615980878e+07
7.899999999999997948e-08 1.030122001296830177e+07
7.999999999999997520e-08 9.874054855774926022e+06
8.099999999999997092e-08 9.489876777467757463e+06
8.199999999999996664e-08 9.143837274183366448e+06
8.299999999999996236e-08 8.831522365738840774e+06
8.399999999999995808e-08 8.547915861288828775e+06
8.499999999999995380e-08 8.288611521610548720e+06
8.599999999999994952e-08 8.054036201937867329e+06
8.699999999999994524e-08 7.842299553236667998e+06
8.799999999999994096e-08 7.652273694695704617e+06
8.899999999999993668e-08 7.478813180451123975e+06
8.999999999999993240e-08 7.320256596853043884e+06
9.099999999999992812e-08 7.175103191056081094e+06
9.199999999999992384e-08 7.042002360699157231e+06
9.299999999999991956e-08 6.919656925722884014e+06
9.399999999999991528e-08 6.806849032342689112e+06
9.499999999999991100e-08 6.702513604962787591e+06
9.599999999999990672e-08 6.605764044040231034e+06
9.699999999999990244e-08 6.515854826925372705e+06
9.799999999999989816e-08 6.432070145077252761e+06
9.899999999999989388e-08 6.353775603380997665e+06
9.999999999999988960e-08 6.280388920034287497e+06
1.009999999999998853e-07 1.463549585522960722e+08
1.019999999999998810e-07 4.210855347297134995e+08
1.029999999999998768e-07 6.097272805503475666e+08
1.039999999999998725e-07 5.947367842346192598e+08
1.049999999999998682e-07 5.879125069718867540e+08
1.059999999999998639e-07 5.923845036818575859e+08
1.069999999999998596e-07 6.202899103285583258e+08
1.079999999999998554e-07 7.086591097503356934e+08
1.089999999999998511e-07 1.021116013592286110e+09
1.099999999999998468e-07 6.269044864383268356e+09
1.109999999999998425e-07 6.575589222714464111e+11
1.119999999999998382e-07 2.242866374854131165e+11
1.129999999999998340e-07 4.892769478955161285e+10
1.139999999999998297e-07 1.482889574910337639e+10
1.149999999999998254e-07 9.998903386668164062e+10
1.159999999999998211e-07 7.911325852243432999e+09
1.169999999999998168e-07 3.072228788213916302e+09
1.179999999999998125e-07 2.088301845018976688e+09
1.189999999999998083e-07 1.584985613963989496e+09
1.199999999999998040e-07 1.297121884340466261e+09
1.209999999999997997e-07 1.094404807153341532e+09
1.219999999999997954e-07 9.446399658948802948e+08
1.229999999999997911e-07 8.331777767562953234e+08
1.239999999999997869e-07 7.481792465208129883e+08
1.249999999999997826e-07 6.820363856011773348e+08
1.259999999999997783e-07 6.278990682258132696e+08
1.269999999999997740e-07 5.786409981330624819e+08
1.279999999999997697e-07 5.417616829891837835e+08
1.289999999999997655e-07 5.089340675016088486e+08
1.299999999999997612e-07 4.746894751732594967e+08
1.309999999999997569e-07 4.394612549504017234e+08
1.319999999999997526e-07 4.036284752395408154e+08
1.329999999999997483e-07 3.743996648097113967e+08
1.339999999999997441e-07 3.452319485091156960e+08
1.349999999999997398e-07 3.171017063501279950e+08
1.359999999999997355e-07 2.898924888303534389e+08
1.369999999999997312e-07 2.637582258863480985e+08
1.379999999999997269e-07 2.426387456005185544e+08
1.389999999999997227e-07 2.225977402744155526e+08
1.399999999999997184e-07 2.031418316026322842e+08
1.409999999999997141e-07 1.842125934489525259e+08
1.419999999999997098e-07 1.683430025450800955e+08
1.429999999999997055e-07 1.540019132412884235e+08
1.439999999999997013e-07 1.402604561597353220e+08
1.449999999999996970e-07 1.279108676579071432e+08
1.459999999999996927e-07 1.169026267761334777e+08
1.469999999999996884e-07 1.067434494166412205e+08
1.479999999999996841e-07 9.722467788303847611e+07
1.489999999999996799e-07 8.873647835959038138e+07
1.499999999999996756e-07 8.115470137843421102e+07
1.509999999999996713e-07 7.430474171929977834e+07
1.519999999999996670e-07 6.807785554856640100e+07
1.529999999999996627e-07 6.248239400827587396e+07
1.539999999999996585e-07 5.749954604835842550e+07
1.549999999999996542e-07 5.305849721097534150e+07
1.559999999999996499e-07 4.910649526630198956e+07
1.569999999999996456e-07 4.556263769756878912e+07
1.579999999999996413e-07 4.237478790201041102e+07
1.589999999999996371e-07 3.953792960682833195e+07
1.599999999999996328e-07 3.702007173187387735e+07
1.609999999999996285e-07 3.477945633828704804e+07
1.619999999999996242e-07 3.278291156809941307e+07
1.629999999999996199e-07 3.100842059154257178e+07
1.639999999999996156e-07 2.942758360496398434e+07
1.649999999999996114e-07 2.801903912559577823e+07
1.659999999999996071e-07 2.676852062619677186e+07
1.669999999999996028e-07 2.566113711233318597e+07
1.679999999999995985e-07 2.468405762142673880e+07
1.689999999999995942e-07 2.382640351294538006e+07
1.699999999999995900e-07 2.307507851274007186e+07
1.709999999999995857e-07 2.241829905306096002e+07
1.719999999999995814e-07 2.184470430285853893e+07
1.729999999999995771e-07 2.134510565007594973e+07
1.739999999999995728e-07 2.091212188948874921e+07
1.749999999999995686e-07 2.053936144752929360e+07
1.759999999999995643e-07 2.021950383902739361e+07
1.769999999999995600e-07 1.994691490029991791e+07
1.779999999999995557e-07 1.971653454790739715e+07
1.789999999999995514e-07 1.952400902383777499e+07
1.799999999999995472e-07 1.936540504926336557e+07
1.809999999999995429e-07 1.923890039447196573e+07
1.819999999999995386e-07 1.914144623635078222e+07
1.829999999999995343e-07 1.906962493112796545e+07
1.839999999999995300e-07 1.902055050065642968e+07
1.849999999999995258e-07 1.899143127703807130e+07
1.859999999999995215e-07 1.898009598177212849e+07
1.869999999999995172e-07 1.898493049742627144e+07
1.879999999999995129e-07 1.900388569623531029e+07
1.889999999999995086e-07 1.903463053692100570e+07
1.899999999999995044e-07 1.907547984776667133e+07
1.909999999999995001e-07 1.912536454917261377e+07
1.919999999999994958e-07 1.918308363911077008e+07
1.929999999999994915e-07 1.924833588734457642e+07
1.939999999999994872e-07 1.932017295050913841e+07
1.949999999999994830e-07 1.939727201692317799e+07
1.959999999999994787e-07 1.947889732846467569e+07
1.969999999999994744e-07 1.956385152569336072e+07
1.979999999999994701e-07 1.965183924566725641e+07
1.989999999999994658e-07 1.974360591369966790e+07
1.999999999999994616e-07 1.984133829350749403e+07
2.009999999999994573e-07 1.994057267715483531e+07
2.019999999999994530e-07 2.004090086638775840e+07
2.029999999999994487e-07 2.014190999148473516e+07
2.039999999999994444e-07 2.024366913437427580e+07
2.049999999999994402e-07 2.034661843196702749e+07
2.059999999999994359e-07 2.045203918661073223e+07
2.069999999999994316e-07 2.055699638409005478e+07
2.079999999999994273e-07 2.066133068455971032e+07
2.089999999999994230e-07 2.076527239799439535e+07
2.099999999999994187e-07 2.086895523479093611e+07
2.109999999999994145e-07 2.097242811296119913e+07
2.119999999999994102e-07 2.107576849422482401e+07
2.129999999999994059e-07 2.117902186808581278e+07
2.139999999999994016e-07 2.128224162853735685e+07
2.149999999999993973e-07 2.138542431042052805e+07
2.159999999999993931e-07 2.148852925650137290e+07
2.169999999999993888e-07 2.159172132611328363e+07
2.179999999999993845e-07 2.169510168071804568e+07
2.189999999999993802e-07 2.179869487062230334e+07
2.199999999999993759e-07 2.190231074673160911e+07
2.209999999999993717e-07 2.200573852396837249e+07
2.219999999999993674e-07 2.210911972194967419e+07
2.229999999999993631e-07 2.221227329799218848e+07
2.239999999999993588e-07 2.231510569097667560e+07
2.249999999999993545e-07 2.241761327187576145e+07
2.259999999999993503e-07 2.251986194135103375e+07
2.269999999999993460e-07 2.262194681020342931e+07
2.279999999999993417e-07 2.272399288882251084e+07
2.289999999999993374e-07 2.282585832610561326e+07
2.299999999999993331e-07 2.292737926961364970e+07
2.309999999999993289e-07 2.302833689197888970e+07
2.319999999999993246e-07 2.312836171124277264e+07
2.329999999999993203e-07 2.322735144806885719e+07
2.339999999999993160e-07 2.332532408361025527e+07
2.349999999999993117e-07 2.342217273576844484e+07
2.359999999999993075e-07 2.351784528378141671e+07
2.369999999999993032e-07 2.361232225262849033e+07
2.379999999999992989e-07 2.370605962408029288e+07
2.389999999999993211e-07 2.379939883732538298e+07
2.399999999999993433e-07 2.389178933640838042e+07
2.409999999999993655e-07 2.398291014952412993e+07
2.419999999999993877e-07 2.407257450305315107e+07
2.429999999999994098e-07 2.416069136465180293e+07
2.439999999999994320e-07 2.424730529958638176e+07
2.449999999999994542e-07 2.433238391137141734e+07
2.459999999999994764e-07 2.441584903841851279e+07
2.469999999999994986e-07 2.449772270736021549e+07
2.479999999999995208e-07 2.457806352854282036e+07
2.489999999999995430e-07 2.465688267809570581e+07
2.499999999999995652e-07 2.473416727634760365e+07
2.509999999999995874e-07 2.480991976117480919e+07
2.519999999999996095e-07 2.488550807261267677e+07
2.529999999999996317e-07 2.496050671761941910e+07
2.539999999999996539e-07 2.503288002425505593e+07
2.549999999999996761e-07 2.510260753986053541e+07
2.559999999999996983e-07 2.516957378681696579e+07
2.569999999999997205e-07 2.523383968949142098e+07
2.579999999999997427e-07 2.529550408420623094e+07
2.589999999999997649e-07 2.535471489736632258e+07
2.599999999999997871e-07 2.541164069785933197e+07
2.609999999999998093e-07 2.546629945314299688e+07
2.619999999999998314e-07 2.551859699371289834e+07
2.629999999999998536e-07 2.556849084056479856e+07
2.639999999999998758e-07 2.561590517398969457e+07
2.649999999999998980e-07 2.566077734692479298e+07
2.659999999999999202e-07 2.570310301113517955e+07
2.669999999999999424e-07 2.574291543640928343e+07
2.679999999999999646e-07 2.578022019510557875e+07
2.689999999999999868e-07 2.581503683817801997e+07
2.700000000000000090e-07 2.584738107497147471e+07
2.710000000000000311e-07 2.587728799123170972e+07
2.720000000000000533e-07 2.590478645148053765e+07
2.730000000000000755e-07 2.592992042122828588e+07
2.740000000000000977e-07 2.595276290659172833e+07
2.750000000000001199e-07 2.597445395928043872e+07
2.760000000000001421e-07 2.599359087914435565e+07
2.770000000000001643e-07 2.601042960306841135e+07
2.780000000000001865e-07 2.602510352359586582e+07
2.790000000000002087e-07 2.603769790211185068e+07
2.800000000000002309e-07 2.604828968602713570e+07
2.810000000000002530e-07 2.605694554338754714e+07
2.820000000000002752e-07 2.606370057014101744e+07
2.830000000000002974e-07 2.606860303183088824e+07
2.840000000000003196e-07 2.607171473995191976e+07
2.850000000000003418e-07 2.607308887284261733e+07
2.860000000000003640e-07 2.607283115463484451e+07
2.870000000000003862e-07 2.607097967773853987e+07
2.880000000000004084e-07 2.606767133239158615e+07
2.890000000000004306e-07 2.606316936991029978e+07
2.900000000000004527e-07 2.605751761592534557e+07
2.910000000000004749e-07 2.605069535142321885e+07
2.920000000000004971e-07 2.604268428807541355e+07
2.930000000000005193e-07 2.603347589341364801e+07
2.940000000000005415e-07 2.602308776852545142e+07
2.950000000000005637e-07 2.601164083016139269e+07
2.960000000000005859e-07 2.599914198943714052e+07
2.970000000000006081e-07 2.598551471321246028e+07
2.980000000000006303e-07 2.597021592776966840e+07
2.990000000000006524e-07 2.595326054046363756e+07
3.000000000000006746e-07 2.593485621740356088e+07
3.010000000000006968e-07 2.591527512323940545e+07
3.020000000000007190e-07 2.589471944321718812e+07
3.030000000000007412e-07 2.587325770346506685e+07
3.040000000000007634e-07 2.585092144497294724e+07
3.050000000000007856e-07 2.582768017907220870e+07
3.060000000000008078e-07 2.580349058655405790e+07
3.070000000000008300e-07 2.577835246304995194e+07
3.080000000000008522e-07 2.575227807714928687e+07
3.090000000000008743e-07 2.572532432023142651e+07
3.100000000000008965e-07 2.569753022992644459e+07
3.110000000000009187e-07 2.566892043486120179e+07
3.120000000000009409e-07 2.563950658085420728e+07
3.130000000000009631e-07 2.560927584630304202e+07
3.140000000000009853e-07 2.557820538263197988e+07
3.150000000000010075e-07 2.554629200891107693e+07
3.160000000000010297e-07 2.551351834566889703e+07
3.170000000000010519e-07 2.547985781236914545e+07
3.180000000000010740e-07 2.544529487992243096e+07
3.190000000000010962e-07 2.540981306385231018e+07
3.200000000000011184e-07 2.537340155843159556e+07
3.210000000000011406e-07 2.533604778990144283e+07
3.220000000000011628e-07 2.529773850220543519e+07
3.230000000000011850e-07 2.525844501748869941e+07
3.240000000000012072e-07 2.521811607852695137e+07
3.250000000000012294e-07 2.517674132565434650e+07
3.260000000000012516e-07 2.513428099763646349e+07
3.270000000000012738e-07 2.509074965021627769e+07
3.280000000000012959e-07 2.504614436829479411e+07
3.290000000000013181e-07 2.500048947211796045e+07
3.300000000000013403e-07 2.495378838281284273e+07
3.310000000000013625e-07 2.490607102677864209e+07
3.320000000000013847e-07 2.485742076644058526e+07
3.330000000000014069e-07 2.480788089963210374e+07
3.340000000000014291e-07 2.475749827973042801e+07
3.350000000000014513e-07 2.470627534549089894e+07
3.360000000000014735e-07 2.465424164844895899e+07
3.370000000000014956e-07 2.460141608608414978e+07
3.380000000000015178e-07 2.454782173423875496e+07
3.390000000000015400e-07 2.449350243364936858e+07
3.400000000000015622e-07 2.443852033058498055e+07
3.410000000000015844e-07 2.438292854951582104e+07
3.420000000000016066e-07 2.432676432295320928e+07
3.430000000000016288e-07 2.427006245700268075e+07
3.440000000000016510e-07 2.421285415927013755e+07
3.450000000000016732e-07 2.415517092772520706e+07
3.460000000000016953e-07 2.409702570040240511e+07
3.470000000000017175e-07 2.403843081567144394e+07
3.480000000000017397e-07 2.397940593191416562e+07
3.490000000000017619e-07 2.391997195259813964e+07
3.500000000000017841e-07 2.386014688782781363e+07
3.510000000000018063e-07 2.379996476503703371e+07
3.520000000000018285e-07 2.373943798677908629e+07
3.530000000000018507e-07 2.367862052274942026e+07
3.540000000000018729e-07 2.361754105923311040e+07
3.550000000000018951e-07 2.355625197826208547e+07
3.560000000000019172e-07 2.349480019717861712e+07
3.570000000000019394e-07 2.343321352834912017e+07
3.580000000000019616e-07 2.337151839920194075e+07
3.590000000000019838e-07 2.330973478473393247e+07
3.600000000000020060e-07 2.324787670870465040e+07
3.610000000000020282e-07 2.318597795068442449e+07
3.620000000000020504e-07 2.312406998747491837e+07
3.630000000000020726e-07 2.306216278601047024e+07
3.640000000000020948e-07 2.300026455889236182e+07
3.650000000000021169e-07 2.293838257914965972e+07
3.660000000000021391e-07 2.287654374849121645e+07
3.670000000000021613e-07 2.281474063245683163e+07
3.680000000000021835e-07 2.275299218825061992e+07
3.690000000000022057e-07 2.269134405916156620e+07
3.700000000000022279e-07 2.262996404469367117e+07
3.710000000000022501e-07 2.256889767827051878e+07
3.720000000000022723e-07 2.250816495695881173e+07
3.730000000000022945e-07 2.244776454072353616e+07
3.740000000000023167e-07 2.238768258521768823e+07
3.750000000000023388e-07 2.232791412925964594e+07
3.760000000000023610e-07 2.226845098170410469e+07
3.770000000000023832e-07 2.220928243261512741e+07
3.780000000000024054e-07 2.215040394899888337e+07
3.790000000000024276e-07 2.209183587964571640e+07
3.800000000000024498e-07 2.203354415174685419e+07
3.810000000000024720e-07 2.197532785559177771e+07
3.820000000000024942e-07 2.191680299276767299e+07
3.830000000000025164e-07 2.185804644108910114e+07
3.840000000000025385e-07 2.179914035601107776e+07
3.850000000000025607e-07 2.174014065007726476e+07
3.860000000000025829e-07 2.168108176714793593e+07
3.870000000000026051e-07 2.162200461723028123e+07
3.880000000000026273e-07 2.156292778891517222e+07
3.890000000000026495e-07 2.150390439723722264e+07
3.900000000000026717e-07 2.144493758842139691e+07
3.910000000000026939e-07 2.138604353668031842e+07
3.920000000000027161e-07 2.132723189224920422e+07
3.930000000000027382e-07 2.126850784115431830e+07
3.940000000000027604e-07 2.120987945904114097e+07
3.950000000000027826e-07 2.115136585222299397e+07
3.960000000000028048e-07 2.109295368228204548e+07
3.970000000000028270e-07 2.103464185849721730e+07
3.980000000000028492e-07 2.097644364128834382e+07
3.990000000000028714e-07 2.091836288054761291e+07
4.000000000000028936e-07 2.086042532130280137e+07
4.010000000000029158e-07 2.080260905772433430e+07
4.020000000000029380e-07 2.074490388713425770e+07
4.030000000000029601e-07 2.068730582294780016e+07
4.040000000000029823e-07 2.062981445506762341e+07
4.050000000000030045e-07 2.057240016932566464e+07
4.060000000000030267e-07 2.051500793514283001e+07
4.070000000000030489e-07 2.045763634542322159e+07
4.080000000000030711e-07 2.040027643267543241e+07
4.090000000000030933e-07 2.034293072354552150e+07
4.100000000000031155e-07 2.028563044769489765e+07
4.110000000000031377e-07 2.022841745611387864e+07
4.120000000000031598e-07 2.017131261857568845e+07
4.130000000000031820e-07 2.011432302876679972e+07
4.140000000000032042e-07 2.005745536239573732e+07
4.150000000000032264e-07 2.000071361226483062e+07
4.160000000000032486e-07 1.994411334792450815e+07
4.170000000000032708e-07 1.988766279812316597e+07
4.180000000000032930e-07 1.983135915144184977e+07
4.190000000000033152e-07 1.977524549793308973e+07
4.200000000000033374e-07 1.971933227603539079e+07
4.210000000000033596e-07 1.966366022081137449e+07
4.220000000000033817e-07 1.960826463201566041e+07
4.230000000000034039e-07 1.955313426617198065e+07
4.240000000000034261e-07 1.949824676270106062e+07
4.250000000000034483e-07 1.944356786876588315e+07
4.260000000000034705e-07 1.938909801034399122e+07
4.270000000000034927e-07 1.933482397333038598e+07
4.280000000000035149e-07 1.928074713471236825e+07
4.290000000000035371e-07 1.922688509936843812e+07
4.300000000000035593e-07 1.917324401964757219e+07
4.310000000000035814e-07 1.911982589503215626e+07
4.320000000000036036e-07 1.906663045747721940e+07
4.330000000000036258e-07 1.901365531665228680e+07
4.340000000000036480e-07 1.896089788073064387e+07
4.350000000000036702e-07 1.890835446466970816e+07
4.360000000000036924e-07 1.885602146801160648e+07
4.370000000000037146e-07 1.880390200937958807e+07
4.380000000000037368e-07 1.875199533157027513e+07
4.390000000000037590e-07 1.870027881054052711e+07
4.400000000000037811e-07 1.864877242961346731e+07
4.410000000000038033e-07 1.859745340948599204e+07
4.420000000000038255e-07 1.854629356503229216e+07
4.430000000000038477e-07 1.849526991943762824e+07
4.440000000000038699e-07 1.844437965176264569e+07
4.450000000000038921e-07 1.839362736536032706e+07
4.460000000000039143e-07 1.834307318175761402e+07
4.470000000000039365e-07 1.829273216542548314e+07
4.480000000000039587e-07 1.824261973146599904e+07
4.490000000000039809e-07 1.819273539497393742e+07
4.500000000000040030e-07 1.814307937384765968e+07
4.510000000000040252e-07 1.809365006348812208e+07
4.520000000000040474e-07 1.804445823079694062e+07
4.530000000000040696e-07 1.799571664105413109e+07
4.540000000000040918e-07 1.794705202361243218e+07
4.550000000000041140e-07 1.789847247087480500e+07
4.560000000000041362e-07 1.784996268092150614e+07
4.570000000000041584e-07 1.780154879723936319e+07
4.580000000000041806e-07 1.775325662200866640e+07
4.590000000000042027e-07 1.770510535156811401e+07
4.600000000000042249e-07 1.765711051214946061e+07
4.610000000000042471e-07 1.760928052671968564e+07
4.620000000000042693e-07 1.756162124188569561e+07
4.630000000000042915e-07 1.751413049031991139e+07
4.640000000000043137e-07 1.746684604097491130e+07
4.650000000000043359e-07 1.741975908122188598e+07
4.660000000000043581e-07 1.737287530671382323e+07
4.670000000000043803e-07 1.732619550628306344e+07
4.680000000000044025e-07 1.727972144284785539e+07
4.690000000000044246e-07 1.723345424154308066e+07
4.700000000000044468e-07 1.718732021790628880e+07
4.710000000000044690e-07 1.714123218511481211e+07
4.720000000000044912e-07 1.709522157725078985e+07
4.730000000000045134e-07 1.704930025350894034e+07
4.740000000000045356e-07 1.700348097826085612e+07
4.750000000000045578e-07 1.695777551778314635e+07
4.760000000000045800e-07 1.691219222530592233e+07
4.770000000000046022e-07 1.686673835454535857e+07
4.780000000000045714e-07 1.682142069652336463e+07
4.790000000000045407e-07 1.677626415076442435e+07
4.800000000000045099e-07 1.673128096659985930e+07
4.810000000000044792e-07 1.668646898799020983e+07
4.820000000000044484e-07 1.664181985539765097e+07
4.830000000000044177e-07 1.659732543011576869e+07
4.840000000000043869e-07 1.655298061732119881e+07
4.850000000000043562e-07 1.650878496785403602e+07
4.860000000000043254e-07 1.646473850773335993e+07
4.870000000000042947e-07 1.642082586269441992e+07
4.880000000000042639e-07 1.637706853238323331e+07
4.890000000000042332e-07 1.633344422758647986e+07
4.900000000000042024e-07 1.628995028328064084e+07
4.910000000000041717e-07 1.624657803143254295e+07
4.920000000000041409e-07 1.620332493644804135e+07
4.930000000000041102e-07 1.616019068885461241e+07
4.940000000000040794e-07 1.611717450546617061e+07
4.950000000000040487e-07 1.607427408866504394e+07
4.960000000000040179e-07 1.603149210850558244e+07
4.970000000000039872e-07 1.598882994695307501e+07
4.980000000000039564e-07 1.594631195971688628e+07
4.990000000000039257e-07 1.590393672373334691e+07
5.000000000000038949e-07 1.586168871343362704e+07
5.010000000000038642e-07 1.581953177328360453e+07
5.020000000000038334e-07 1.577746244179794192e+07
5.030000000000038027e-07 1.573548252311671153e+07
5.040000000000037719e-07 1.569359691909506917e+07
5.050000000000037412e-07 1.565181133636550792e+07
5.060000000000037104e-07 1.561012793858767115e+07
5.070000000000036797e-07 1.556854951413988136e+07
5.080000000000036489e-07 1.552707949768330157e+07
5.090000000000036181e-07 1.548570738647855259e+07
5.100000000000035874e-07 1.544446253794853762e+07
5.110000000000035566e-07 1.540333499755005166e+07
5.120000000000035259e-07 1.536232726955224387e+07
5.130000000000034951e-07 1.532144065658508614e+07
5.140000000000034644e-07 1.528067593289307691e+07
5.150000000000034336e-07 1.524003469479808956e+07
5.160000000000034029e-07 1.519951767682281509e+07
5.170000000000033721e-07 1.515912776310541108e+07
5.180000000000033414e-07 1.511886205595518090e+07
5.190000000000033106e-07 1.507871914150744118e+07
5.200000000000032799e-07 1.503870031890231371e+07
5.210000000000032491e-07 1.499880602638342045e+07
5.220000000000032184e-07 1.495903415081707761e+07
5.230000000000031876e-07 1.491938668320211023e+07
5.240000000000031569e-07 1.487987283808488958e+07
5.250000000000031261e-07 1.484050342166568711e+07
5.260000000000030954e-07 1.480128436813560501e+07
5.270000000000030646e-07 1.476221918166389130e+07
5.280000000000030339e-07 1.472330887625655904e+07
5.290000000000030031e-07 1.468455131488661654e+07
5.300000000000029724e-07 1.464594535144324601e+07
5.310000000000029416e-07 1.460749083734951355e+07
5.320000000000029109e-07 1.456918741817129217e+07
5.330000000000028801e-07 1.453102286620452069e+07
5.340000000000028494e-07 1.449302246041016467e+07
5.350000000000028186e-07 1.445517276980337128e+07
5.360000000000027879e-07 1.441747404769467004e+07
5.370000000000027571e-07 1.437992708861316741e+07
5.380000000000027264e-07 1.434253550403056666e+07
5.390000000000026956e-07 1.430529898139550164e+07
5.400000000000026649e-07 1.426821705766000971e+07
5.410000000000026341e-07 1.423129071072803997e+07
5.420000000000026034e-07 1.419451051355136931e+07
5.430000000000025726e-07 1.415787855043463781e+07
5.440000000000025419e-07 1.412139283618980460e+07
5.450000000000025111e-07 1.408505290574138612e+07
5.460000000000024804e-07 1.404886683183135279e+07
5.470000000000024496e-07 1.401284169191634841e+07
5.480000000000024189e-07 1.397698176407049783e+07
5.490000000000023881e-07 1.394128706821409240e+07
5.500000000000023574e-07 1.390575449741770141e+07
5.510000000000023266e-07 1.387038095393180661e+07
5.520000000000022959e-07 1.383516247161839716e+07
5.530000000000022651e-07 1.380008380822614394e+07
5.540000000000022344e-07 1.376514606473869644e+07
5.550000000000022036e-07 1.373035330607487075e+07
5.560000000000021729e-07 1.369570116877189279e+07
5.570000000000021421e-07 1.366118756195951626e+07
5.580000000000021114e-07 1.362680229363775998e+07
5.590000000000020806e-07 1.359257112136317976e+07
5.600000000000020499e-07 1.355848315278528258e+07
5.610000000000020191e-07 1.352454983055990376e+07
5.620000000000019884e-07 1.349075328873049282e+07
5.630000000000019576e-07 1.345710645019964129e+07
5.640000000000019269e-07 1.342359982491704449e+07
5.650000000000018961e-07 1.339019809323330410e+07
5.660000000000018654e-07 1.335689985992847197e+07
5.670000000000018346e-07 1.332370537869548425e+07
5.680000000000018039e-07 1.329060782496798038e+07
5.690000000000017731e-07 1.325760316149717011e+07
5.700000000000017424e-07 1.322468979085507244e+07
5.710000000000017116e-07 1.319186833555436507e+07
5.720000000000016809e-07 1.315912965472365357e+07
5.730000000000016501e-07 1.312644366450885497e+07
5.740000000000016194e-07 1.309380566606284864e+07
5.750000000000015886e-07 1.306121949227866717e+07
5.760000000000015579e-07 1.302868792993178219e+07
5.770000000000015271e-07 1.299620909181823023e+07
5.780000000000014964e-07 1.296378059622720443e+07
5.790000000000014656e-07 1.293140930269796401e+07
5.800000000000014349e-07 1.289910555607229099e+07
5.810000000000014041e-07 1.286687194905450568e+07
5.820000000000013734e-07 1.283471176207613200e+07
5.830000000000013426e-07 1.280262833654413745e+07
5.840000000000013119e-07 1.277062396473077312e+07
5.850000000000012811e-07 1.273878716576219536e+07
5.860000000000012504e-07 1.270722940807531215e+07
5.870000000000012196e-07 1.267578036973160319e+07
5.880000000000011889e-07 1.264443060182889551e+07
5.890000000000011581e-07 1.261317676750998013e+07
5.900000000000011274e-07 1.258201802632897161e+07
5.910000000000010966e-07 1.255094999747828767e+07
5.920000000000010659e-07 1.251997716869329289e+07
5.930000000000010351e-07 1.248910517530766129e+07
5.940000000000010044e-07 1.245833838965180703e+07
5.950000000000009736e-07 1.242768095732940361e+07
5.960000000000009429e-07 1.239713634786453471e+07
5.970000000000009121e-07 1.236670751026569866e+07
5.980000000000008814e-07 1.233639862848802656e+07
5.990000000000008506e-07 1.230621299572078325e+07
6.000000000000008199e-07 1.227615247255604155e+07
6.010000000000007891e-07 1.224621872066485323e+07
6.020000000000007584e-07 1.221640887640514970e+07
6.030000000000007276e-07 1.218671450380781293e+07
6.040000000000006969e-07 1.215713544457834028e+07
6.050000000000006661e-07 1.212767316469086707e+07
6.060000000000006354e-07 1.209832607679933496e+07
6.070000000000006046e-07 1.206909236028457619e+07
6.080000000000005739e-07 1.203997139847639576e+07
6.090000000000005431e-07 1.201096173271251470e+07
6.100000000000005124e-07 1.198206158498453163e+07
6.110000000000004816e-07 1.195326914366692863e+07
6.120000000000004509e-07 1.192458160237354040e+07
6.130000000000004201e-07 1.189598983501684479e+07
6.140000000000003894e-07 1.186749121099804901e+07
6.150000000000003586e-07 1.183908306722495519e+07
6.160000000000003279e-07 1.181075992599888891e+07
6.170000000000002971e-07 1.178251877513347007e+07
6.180000000000002664e-07 1.175435651711681299e+07
6.190000000000002356e-07 1.172627020830205083e+07
6.200000000000002049e-07 1.169825783047190681e+07
6.210000000000001741e-07 1.167032728869012929e+07
6.220000000000001434e-07 1.164248851806721836e+07
6.230000000000001126e-07 1.161474670560815185e+07
6.240000000000000819e-07 1.158710459357849881e+07
6.250000000000000511e-07 1.155956407564078830e+07
6.260000000000000204e-07 1.153212689146932401e+07
6.269999999999999896e-07 1.150479431702212803e+07
6.279999999999999589e-07 1.147756709990071692e+07
6.289999999999999281e-07 1.145044580914440006e+07
6.299999999999998974e-07 1.142343062388101965e+07
6.309999999999998666e-07 1.139652137391489930e+07
6.319999999999998359e-07 1.136971770830699988e+07
6.329999999999998051e-07 1.134301871089506522e+07
6.339999999999997744e-07 1.131642285502231121e+07
6.349999999999997436e-07 1.128992778123264387e+07
6.359999999999997129e-07 1.126353199462868273e+07
6.369999999999996821e-07 1.123723356038306840e+07
6.379999999999996514e-07 1.121103080176289193e+07
6.389999999999996206e-07 1.118492254859387502e+07
6.399999999999995899e-07 1.115890781034402363e+07
6.409999999999995591e-07 1.113298678395661153e+07
6.419999999999995284e-07 1.110715970033696480e+07
6.429999999999994976e-07 1.108142674641297571e+07
6.439999999999994669e-07 1.105578728354471177e+07
6.449999999999994361e-07 1.103024047371874005e+07
6.459999999999994054e-07 1.100478638127439097e+07
6.469999999999993746e-07 1.097942542990167998e+07
6.479999999999993439e-07 1.095415832428555004e+07
6.489999999999993131e-07 1.092898570944023877e+07
6.499999999999992824e-07 1.090390823084462434e+07
6.509999999999992516e-07 1.087892703286260180e+07
6.519999999999992209e-07 1.085404867662029527e+07
6.529999999999991901e-07 1.082927927793191746e+07
6.539999999999991594e-07 1.080461562665815838e+07
6.549999999999991286e-07 1.078005305566756241e+07
6.559999999999990979e-07 1.075558780694820918e+07
6.569999999999990671e-07 1.073121734018479474e+07
6.579999999999990364e-07 1.070693920258921757e+07
6.589999999999990056e-07 1.068274957957455516e+07
6.599999999999989749e-07 1.065864620748319663e+07
6.609999999999989441e-07 1.063462749369534850e+07
6.619999999999989134e-07 1.061069355063658580e+07
6.629999999999988826e-07 1.058684476811922528e+07
6.639999999999988519e-07 1.056308155063797161e+07
6.649999999999988211e-07 1.053940464565045387e+07
6.659999999999987904e-07 1.051581454798047803e+07
6.669999999999987596e-07 1.049231190648749471e+07
6.679999999999987289e-07 1.046889884293029271e+07
6.689999999999986981e-07 1.044556773583000340e+07
6.699999999999986674e-07 1.042233562850984000e+07
6.709999999999986366e-07 1.039919127647419274e+07
6.719999999999986059e-07 1.037613023803648725e+07
6.729999999999985751e-07 1.035313922507587075e+07
6.739999999999985444e-07 1.033021332119821198e+07
6.749999999999985136e-07 1.030734811995586194e+07
6.759999999999984829e-07 1.028453996634016372e+07
6.769999999999984521e-07 1.026178476749631949e+07
6.779999999999984214e-07 1.023907988917942531e+07
6.789999999999983906e-07 1.021642297145143896e+07
6.799999999999983599e-07 1.019380888919602334e+07
6.809999999999983291e-07 1.017125664971255884e+07
6.819999999999982984e-07 1.014879718526436016e+07
6.829999999999982676e-07 1.012643900166305527e+07
6.839999999999982369e-07 1.010418314242941886e+07
6.849999999999982061e-07 1.008202821896436065e+07
6.859999999999981754e-07 1.005997317537991703e+07
6.869999999999981446e-07 1.003801959268484637e+07
6.879999999999981139e-07 1.001616786696059629e+07
6.889999999999980831e-07 9.994417840093381703e+06
6.899999999999980524e-07 9.972768499759344384e+06
6.909999999999980216e-07 9.951213799986738712e+06
6.919999999999979909e-07 9.929746185408357531e+06
6.929999999999979601e-07 9.908341810215773061e+06
6.939999999999979294e-07 9.886994542048851028e+06
6.949999999999978986e-07 9.865702975994959474e+06
6.959999999999978679e-07 9.844464641012895852e+06
6.969999999999978371e-07 9.823280125669149682e+06
6.979999999999978064e-07 9.802150626036224887e+06
6.989999999999977756e-07 9.781084894701151177e+06
6.999999999999977449e-07 9.760070228118415922e+06
7.009999999999977141e-07 9.739114544497935101e+06
7.019999999999976834e-07 9.718221055642623454e+06
7.029999999999976526e-07 9.697400424692636356e+06
7.039999999999976219e-07 9.676661168751075864e+06
7.049999999999975911e-07 9.656005819816756994e+06
7.059999999999975604e-07 9.635434855765355751e+06
7.069999999999975296e-07 9.614948267440853640e+06
7.079999999999974989e-07 9.594543713233046234e+06
7.089999999999974681e-07 9.574219139318844303e+06
7.099999999999974374e-07 9.553973424112245440e+06
7.109999999999974066e-07 9.533805793518666178e+06
7.119999999999973759e-07 9.513715449699789286e+06
7.129999999999973451e-07 9.493701346157141030e+06
7.139999999999973144e-07 9.473762593177523464e+06
7.149999999999972836e-07 9.453889243033431470e+06
7.159999999999972529e-07 9.434098647067690268e+06
7.169999999999972221e-07 9.414380866947019473e+06
7.179999999999971914e-07 9.394735157857803628e+06
7.189999999999971606e-07 9.375160412654466927e+06
7.199999999999971299e-07 9.355655561081642285e+06
7.209999999999970991e-07 9.336219741641081870e+06
7.219999999999970684e-07 9.316852460017569363e+06
7.229999999999970376e-07 9.297553436701945961e+06
7.239999999999970069e-07 9.278322456487789750e+06
7.249999999999969761e-07 9.259159401036884636e+06
7.259999999999969454e-07 9.240064235152784735e+06
7.269999999999969146e-07 9.221037004296856001e+06
7.279999999999968839e-07 9.202077620850162581e+06
7.289999999999968531e-07 9.183185976455008611e+06
7.299999999999968224e-07 9.164362978965146467e+06
7.309999999999967916e-07 9.145609481659973040e+06
7.319999999999967609e-07 9.126926214352993295e+06
7.329999999999967301e-07 9.108313894336279482e+06
7.339999999999966994e-07 9.089779087494062260e+06
7.349999999999966686e-07 9.071355208266582340e+06
7.359999999999966379e-07 9.053028513765512034e+06
7.369999999999966071e-07 9.034789341522775590e+06
7.379999999999965764e-07 9.016629584872530773e+06
7.389999999999965456e-07 8.998543140791095793e+06
7.399999999999965149e-07 8.980526146243331954e+06
7.409999999999964841e-07 8.962576566012999043e+06
7.419999999999964534e-07 8.944692492901455611e+06
7.429999999999964226e-07 8.926871072319187224e+06
7.439999999999963919e-07 8.909111954278215766e+06
7.449999999999963611e-07 8.891415659880056977e+06
7.459999999999963304e-07 8.873782541524216533e+06
7.469999999999962996e-07 8.856212855305546895e+06
7.479999999999962689e-07 8.838707056843234226e+06
7.489999999999962381e-07 8.821271239171827212e+06
7.499999999999962074e-07 8.803890367931999266e+06
7.509999999999961766e-07 8.786573288019305095e+06
7.519999999999961459e-07 8.769313307765251026e+06
7.529999999999961151e-07 8.752128119073109701e+06
7.539999999999960844e-07 8.735007481145950034e+06
7.549999999999960536e-07 8.717950270656500012e+06
7.559999999999960229e-07 8.700955433870133013e+06
7.569999999999959921e-07 8.684021893807223067e+06
7.579999999999959614e-07 8.667148783209737390e+06
7.589999999999959306e-07 8.650335553715562448e+06
7.599999999999958999e-07 8.633581707673644647e+06
7.609999999999958691e-07 8.616887014048751444e+06
7.619999999999958384e-07 8.600251325064351782e+06
7.629999999999958076e-07 8.583674261600073427e+06
7.639999999999957768e-07 8.567155640883555636e+06
7.649999999999957461e-07 8.550695610544167459e+06
7.659999999999957153e-07 8.534294607030928135e+06
7.669999999999956846e-07 8.517952586787238717e+06
7.679999999999956538e-07 8.501668332452096045e+06
7.689999999999956231e-07 8.485442259050432593e+06
7.699999999999955923e-07 8.469273716710217297e+06
7.709999999999955616e-07 8.453159740231994539e+06
7.719999999999955308e-07 8.437098166390834376e+06
7.729999999999955001e-07 8.421086522502196953e+06
7.739999999999954693e-07 8.405122298782646656e+06
7.749999999999954386e-07 8.389203156229954213e+06
7.759999999999954078e-07 8.373328692311846651e+06
7.769999999999953771e-07 8.357493996580912732e+06
7.779999999999953463e-07 8.341691988894224167e+06
7.789999999999953156e-07 8.325938188898434862e+06
7.799999999999952848e-07 8.310243870816220529e+06
7.809999999999952541e-07 8.294611792241622694e+06
7.819999999999952233e-07 8.279043045203191228e+06
7.829999999999951926e-07 8.263537954505924135e+06
7.839999999999951618e-07 8.248096565484874882e+06
7.849999999999951311e-07 8.232718806665955111e+06
7.859999999999951003e-07 8.217404477158376016e+06
7.869999999999950696e-07 8.202153434285081923e+06
7.879999999999950388e-07 8.186965463833070360e+06
7.889999999999950081e-07 8.171840165613221005e+06
7.899999999999949773e-07 8.156776693194322288e+06
7.909999999999949466e-07 8.141768953846445307e+06
7.919999999999949158e-07 8.126812082065735012e+06
7.929999999999948851e-07 8.111904443756874651e+06
7.939999999999948543e-07 8.097045086149627343e+06
7.949999999999948236e-07 8.082233268297490664e+06
7.959999999999947928e-07 8.067468052468786947e+06
7.969999999999947621e-07 8.052748342487349175e+06
7.979999999999947313e-07 8.038073470376281068e+06
7.989999999999947006e-07 8.023442946050947532e+06
7.999999999999946698e-07 8.008856431364152580e+06
8.009999999999946391e-07 7.994313450150519609e+06
8.019999999999946083e-07 7.979813779431148432e+06
8.029999999999945776e-07 7.965357166246490553e+06
8.039999999999945468e-07 7.950943303835872561e+06
8.049999999999945161e-07 7.936571871895050630e+06
8.059999999999944853e-07 7.922245802526123822e+06
8.069999999999944546e-07 7.907965291287155822e+06
8.079999999999944238e-07 7.893738616793023422e+06
8.089999999999943931e-07 7.879562041762845591e+06
8.099999999999943623e-07 7.865441144343423657e+06
8.109999999999943316e-07 7.851377304109009914e+06
8.119999999999943008e-07 7.837370547050188296e+06
8.129999999999942701e-07 7.823420692725653760e+06
8.139999999999942393e-07 7.809528441218050197e+06
8.149999999999942086e-07 7.795694510463359766e+06
8.159999999999941778e-07 7.781917820718621835e+06
8.169999999999941471e-07 7.768187943318938836e+06
8.179999999999941163e-07 7.754496543880394660e+06
8.189999999999940856e-07 7.740839743905982003e+06
8.199999999999940548e-07 7.727216460403884761e+06
8.209999999999940241e-07 7.713626307941867039e+06
8.219999999999939933e-07 7.700069516406410374e+06
8.229999999999939626e-07 7.686546524194964208e+06
8.239999999999939318e-07 7.673058330076657236e+06
8.249999999999939011e-07 7.659610904648635536e+06
8.259999999999938703e-07 7.646208551589253359e+06
8.269999999999938396e-07 7.632854043215796351e+06
8.279999999999938088e-07 7.619548320851389319e+06
8.289999999999937781e-07 7.606291852818943560e+06
8.299999999999937473e-07 7.593084986532196403e+06
8.309999999999937166e-07 7.579927473791010678e+06
8.319999999999936858e-07 7.566819052063755691e+06
8.329999999999936551e-07 7.553759773599890061e+06
8.339999999999936243e-07 7.540749449644336477e+06
8.349999999999935936e-07 7.527787894100456499e+06
8.359999999999935628e-07 7.514874770265748724e+06
8.369999999999935321e-07 7.502009517326290719e+06
8.379999999999935013e-07 7.489191406054217368e+06
8.389999999999934706e-07 7.476419886990698986e+06
8.399999999999934398e-07 7.463695070972847752e+06
8.409999999999934091e-07 7.451016994056859054e+06
8.419999999999933783e-07 7.438385095299394801e+06
8.429999999999933476e-07 7.425798545961966738e+06
8.439999999999933168e-07 7.413256585401137359e+06
8.449999999999932861e-07 7.400758444495054893e+06
8.459999999999932553e-07 7.388303002730901353e+06
8.469999999999932246e-07 7.375889474055724218e+06
8.479999999999931938e-07 7.363517711445138790e+06
8.489999999999931631e-07 7.351186813861282542e+06
8.499999999999931323e-07 7.338895964837071486e+06
8.509999999999931016e-07 7.326644870410690084e+06
8.519999999999930708e-07 7.314433218444049358e+06
8.529999999999930401e-07 7.302260689214563929e+06
8.539999999999930093e-07 7.290126995115204714e+06
8.549999999999929786e-07 7.278031881524093449e+06
8.559999999999929478e-07 7.265975110752288252e+06
8.569999999999929171e-07 7.253956175397736952e+06
8.579999999999928863e-07 7.241974963936814107e+06
8.589999999999928556e-07 7.230032261294328608e+06
8.599999999999928248e-07 7.218126846132146195e+06
8.609999999999927941e-07 7.206261836509761401e+06
8.619999999999927633e-07 7.194435994240972213e+06
8.629999999999927326e-07 7.182649788119736128e+06
8.639999999999927018e-07 7.170901961337679066e+06
8.649999999999926711e-07 7.159192884200401604e+06
8.659999999999926403e-07 7.147521553935454227e+06
8.669999999999926096e-07 7.135888209528164007e+06
8.679999999999925788e-07 7.124292101556150243e+06
8.689999999999925481e-07 7.112733526987700723e+06
8.699999999999925173e-07 7.101211916202425025e+06
8.709999999999924866e-07 7.089727103946024552e+06
8.719999999999924558e-07 7.078277558761549182e+06
8.729999999999924251e-07 7.066861174505332485e+06
8.739999999999923943e-07 7.055476221210466698e+06
8.749999999999923636e-07 7.044115267557349056e+06
8.759999999999923328e-07 7.032774172691075131e+06
8.769999999999923021e-07 7.021457456966861151e+06
8.779999999999922713e-07 7.010172536306809634e+06
8.789999999999922406e-07 6.998921728160176426e+06
8.799999999999922098e-07 6.987706031321045943e+06
8.809999999999921791e-07 6.976526557482713833e+06
8.819999999999921483e-07 6.965382388421842828e+06
8.829999999999921176e-07 6.954277129412810318e+06
8.839999999999920868e-07 6.943210228356151842e+06
8.849999999999920561e-07 6.932181286182593554e+06
8.859999999999920253e-07 6.921193049443521537e+06
8.869999999999919946e-07 6.910250453103563748e+06
8.879999999999919638e-07 6.899353290842590854e+06
8.889999999999919331e-07 6.888500316904239357e+06
8.899999999999919023e-07 6.877690770620931871e+06
8.909999999999918716e-07 6.866923213910168037e+06
8.919999999999918408e-07 6.856196637875871733e+06
8.929999999999918101e-07 6.845509659526968375e+06
8.939999999999917793e-07 6.834861303322752006e+06
8.949999999999917486e-07 6.824250728855994530e+06
8.959999999999917178e-07 6.813678283985542133e+06
8.969999999999916871e-07 6.803143119181828573e+06
8.979999999999916563e-07 6.792644744543786161e+06
8.989999999999916256e-07 6.782182668481312692e+06
8.999999999999915948e-07 6.771757151987678371e+06
9.009999999999915641e-07 6.761368057797595859e+06
9.019999999999915333e-07 6.751015163091880269e+06
9.029999999999915026e-07 6.740699452948778868e+06
9.039999999999914718e-07 6.730424225013172254e+06
9.049999999999914411e-07 6.720190982677775435e+06
9.059999999999914103e-07 6.710000015498492867e+06
9.069999999999913796e-07 6.699852228639985435e+06
9.079999999999913488e-07 6.689747280676184222e+06
9.089999999999913181e-07 6.679684511095871218e+06
9.099999999999912873e-07 6.669663542643261142e+06
9.109999999999912566e-07 6.659684173495476134e+06
9.119999999999912258e-07 6.649746152130854316e+06
9.129999999999911951e-07 6.639848570506570861e+06
9.139999999999911643e-07 6.629991437671438791e+06
9.149999999999911336e-07 6.620175168911414221e+06
9.159999999999911028e-07 6.610400541904102080e+06
9.169999999999910721e-07 6.600669262358267792e+06
9.179999999999910413e-07 6.590980544771061279e+06
9.189999999999910106e-07 6.581327385725847445e+06
9.199999999999909798e-07 6.571706113061733544e+06
9.209999999999909491e-07 6.562114693988547660e+06
9.219999999999909183e-07 6.552552078520384617e+06
9.229999999999908876e-07 6.543017469486721791e+06
9.239999999999908568e-07 6.533510451426749118e+06
9.249999999999908261e-07 6.524030589377853088e+06
9.259999999999907953e-07 6.514577645725714974e+06
9.269999999999907646e-07 6.505150837459691800e+06
9.279999999999907338e-07 6.495749242590997368e+06
9.289999999999907031e-07 6.486372409168347716e+06
9.299999999999906723e-07 6.477020115841629915e+06
9.309999999999906416e-07 6.467692086545220576e+06
9.319999999999906108e-07 6.458388265426196158e+06
9.329999999999905801e-07 6.449108543698712252e+06
9.339999999999905493e-07 6.439851547373571433e+06
9.349999999999905186e-07 6.430620760390582494e+06
9.359999999999904878e-07 6.421415000638357364e+06
9.369999999999904571e-07 6.412234587603301741e+06
9.379999999999904263e-07 6.403079784679810517e+06
9.389999999999903956e-07 6.393950784236270934e+06
9.399999999999903648e-07 6.384847686973400414e+06
9.409999999999903341e-07 6.375770570624008775e+06
9.419999999999903033e-07 6.366719467379676178e+06
9.429999999999902726e-07 6.357687299714134075e+06
9.439999999999902418e-07 6.348688767186909914e+06
9.449999999999902111e-07 6.339716285711304285e+06
9.459999999999901803e-07 6.330769998693459667e+06
9.469999999999901496e-07 6.321849963888148777e+06
9.479999999999901188e-07 6.312956255666652694e+06
9.489999999999900881e-07 6.304088910952291451e+06
9.499999999999900573e-07 6.295247849119638093e+06
9.509999999999900266e-07 6.286432935261568986e+06
9.519999999999899958e-07 6.277643952338227071e+06
9.529999999999899651e-07 6.268880677645071410e+06
9.539999999999899343e-07 6.260142963562794030e+06
9.549999999999900094e-07 6.251430732037377544e+06
9.559999999999900846e-07 6.242743909272224642e+06
9.569999999999901597e-07 6.234082350084214471e+06
9.579999999999902348e-07 6.225445906717037782e+06
9.589999999999903100e-07 6.216834450784582645e+06
9.599999999999903851e-07 6.208248073495616205e+06
9.609999999999904602e-07 6.199686781708880328e+06
9.619999999999905353e-07 6.191150428777995519e+06
9.629999999999906105e-07 6.182638382812650874e+06
9.639999999999906856e-07 6.174149316678192466e+06
9.649999999999907607e-07 6.165687626801964827e+06
9.659999999999908359e-07 6.157250448828237131e+06
9.669999999999909110e-07 6.148837661787429824e+06
9.679999999999909861e-07 6.140449795644029044e+06
9.689999999999910612e-07 6.132087183910511434e+06
9.699999999999911364e-07 6.123749419413798489e+06
9.709999999999912115e-07 6.115434320355756208e+06
9.719999999999912866e-07 6.107140284029404633e+06
9.729999999999913618e-07 6.098866934849154204e+06
9.739999999999914369e-07 6.090614127013934776e+06
9.749999999999915120e-07 6.082382062615149654e+06
9.759999999999915871e-07 6.074171107133132406e+06
9.769999999999916623e-07 6.065981580154542811e+06
9.779999999999917374e-07 6.057813671913604252e+06
9.789999999999918125e-07 6.049667438765419647e+06
9.799999999999918877e-07 6.041542879983210936e+06
9.809999999999919628e-07 6.033440012685267255e+06
9.819999999999920379e-07 6.025358865595562384e+06
9.829999999999921131e-07 6.017299412012057379e+06
9.839999999999921882e-07 6.009261604577790014e+06
9.849999999999922633e-07 6.001245368222454563e+06
9.859999999999923384e-07 5.993250834646388888e+06
9.869999999999924136e-07 5.985277837100663222e+06
9.879999999999924887e-07 5.977326362097738311e+06
9.889999999999925638e-07 5.969396418702089228e+06
9.899999999999926390e-07 5.961487987250143662e+06
9.909999999999927141e-07 5.953600931155619211e+06
9.919999999999927892e-07 5.945735121018865146e+06
9.929999999999928643e-07 5.937890438754281960e+06
9.939999999999929395e-07 5.930066722684682347e+06
9.949999999999930146e-07 5.922263789544939995e+06
9.959999999999930897e-07 5.914481410266035236e+06
9.969999999999931649e-07 5.906719513695666566e+06
9.979999999999932400e-07 5.898977848034192808e+06
9.989999999999933151e-07 5.891256124212718569e+06
9.999999999999933902e-07 5.883554076982320286e+06
1.000999999999993465e-06 5.875871456365476362e+06
1.001999999999993541e-06 5.868208106333336793e+06
1.002999999999993616e-06 5.860563925940624438e+06
1.003999999999993691e-06 5.852938850490846671e+06
1.004999999999993766e-06 5.845332837097255513e+06
1.005999999999993841e-06 5.837745835262263194e+06
1.006999999999993916e-06 5.830177805467534810e+06
1.007999999999993991e-06 5.822628710463155061e+06
1.008999999999994066e-06 5.815098492545967922e+06
1.009999999999994142e-06 5.807587084868785925e+06
1.010999999999994217e-06 5.800094385416693985e+06
1.011999999999994292e-06 5.792620201959643513e+06
1.012999999999994367e-06 5.785164754956876859e+06
1.013999999999994442e-06 5.777728193108353764e+06
1.014999999999994517e-06 5.770310466224615462e+06
1.015999999999994592e-06 5.762911507539838552e+06
1.016999999999994667e-06 5.755531270626934245e+06
1.017999999999994743e-06 5.748169804182475433e+06
1.018999999999994818e-06 5.740826894675467163e+06
1.019999999999994893e-06 5.733501950517439283e+06
1.020999999999994968e-06 5.726194720306857489e+06
1.021999999999995043e-06 5.718904982454626821e+06
1.022999999999995118e-06 5.711632544765374623e+06
1.023999999999995193e-06 5.704377322531893849e+06
1.024999999999995268e-06 5.697139320549540222e+06
1.025999999999995344e-06 5.689918458353765309e+06
1.026999999999995419e-06 5.682710339692031965e+06
1.027999999999995494e-06 5.675527052038990892e+06
1.028999999999995569e-06 5.668356463583192788e+06
1.029999999999995644e-06 5.661206347341936082e+06
1.030999999999995719e-06 5.654071068502125330e+06
1.031999999999995794e-06 5.646954900879982859e+06
1.032999999999995869e-06 5.639854910673317499e+06
1.033999999999995945e-06 5.632773986152642407e+06
1.034999999999996020e-06 5.625711984044417739e+06
1.035999999999996095e-06 5.618671040586687624e+06
1.036999999999996170e-06 5.611650112356298603e+06
1.037999999999996245e-06 5.604650409111606888e+06
1.038999999999996320e-06 5.597670833005760796e+06
1.039999999999996395e-06 5.590711429897711612e+06
1.040999999999996471e-06 5.583770676870072260e+06
1.041999999999996546e-06 5.576848577003610320e+06
1.042999999999996621e-06 5.569944424008212052e+06
1.043999999999996696e-06 5.563058532295106910e+06
1.044999999999996771e-06 5.556190652352937497e+06
1.045999999999996846e-06 5.549341349105105735e+06
1.046999999999996921e-06 5.542510629483599216e+06
1.047999999999996996e-06 5.535701358811647631e+06
1.048999999999997072e-06 5.528912352402130142e+06
1.049999999999997147e-06 5.522141637035874650e+06
1.050999999999997222e-06 5.515387988394552842e+06
1.051999999999997297e-06 5.508650868395984173e+06
1.052999999999997372e-06 5.501929726433808915e+06
1.053999999999997447e-06 5.495224681824018247e+06
1.054999999999997522e-06 5.488535497598774731e+06
1.055999999999997597e-06 5.481862208753828891e+06
1.056999999999997673e-06 5.475204440897609107e+06
1.057999999999997748e-06 5.468561855458951555e+06
1.058999999999997823e-06 5.461933754312383011e+06
1.059999999999997898e-06 5.455320467795611359e+06
1.060999999999997973e-06 5.448721570339558646e+06
1.061999999999998048e-06 5.442136582313743420e+06
1.062999999999998123e-06 5.435564854761772789e+06
1.063999999999998198e-06 5.429006088284933008e+06
1.064999999999998274e-06 5.422459765392214060e+06
1.065999999999998349e-06 5.415925672899768688e+06
1.066999999999998424e-06 5.409403370956242085e+06
1.067999999999998499e-06 5.402892727421522141e+06
1.068999999999998574e-06 5.396393395134863444e+06
1.069999999999998649e-06 5.389905333212265745e+06
1.070999999999998724e-06 5.383428277769039385e+06
1.071999999999998800e-06 5.376962336826065555e+06
1.072999999999998875e-06 5.370507380613357760e+06
1.073999999999998950e-06 5.364063630194609053e+06
1.074999999999999025e-06 5.357631096772220917e+06
1.075999999999999100e-06 5.351210043452467769e+06
1.076999999999999175e-06 5.344800336950358003e+06
1.077999999999999250e-06 5.338401974785162136e+06
1.078999999999999325e-06 5.332011132213994861e+06
1.079999999999999401e-06 5.325651251568689011e+06
1.080999999999999476e-06 5.319309899018734694e+06
1.081999999999999551e-06 5.312979191802498884e+06
1.082999999999999626e-06 5.306660697680238634e+06
1.083999999999999701e-06 5.300355625124333426e+06
1.084999999999999776e-06 5.294064947344343178e+06
1.085999999999999851e-06 5.287785811038164422e+06
1.086999999999999926e-06 5.281526261203746311e+06
1.088000000000000002e-06 5.275283308706992306e+06
1.089000000000000077e-06 5.269057116839498281e+06
1.090000000000000152e-06 5.262848322270069271e+06
1.091000000000000227e-06 5.256657898814777844e+06
1.092000000000000302e-06 5.250485873794564977e+06
1.093000000000000377e-06 5.244332069677938707e+06
1.094000000000000452e-06 5.238196254189633764e+06
1.095000000000000527e-06 5.232078042439784855e+06
1.096000000000000603e-06 5.225977180505532771e+06
1.097000000000000678e-06 5.219893530816042796e+06
1.098000000000000753e-06 5.213826205158784986e+06
1.099000000000000828e-06 5.207774717803223059e+06
1.100000000000000903e-06 5.201738797950009815e+06
1.101000000000000978e-06 5.195718130528806709e+06
1.102000000000001053e-06 5.189712319152469747e+06
1.103000000000001129e-06 5.183720730031717569e+06
1.104000000000001204e-06 5.177742627563835122e+06
1.105000000000001279e-06 5.171777236282550730e+06
1.106000000000001354e-06 5.165823859895272180e+06
1.107000000000001429e-06 5.159881810642011464e+06
1.108000000000001504e-06 5.153950428056214005e+06
1.109000000000001579e-06 5.148029225711582229e+06
1.110000000000001654e-06 5.142116066523388959e+06
1.111000000000001730e-06 5.136212285806833766e+06
1.112000000000001805e-06 5.130319101085520349e+06
1.113000000000001880e-06 5.124434757657768205e+06
1.114000000000001955e-06 5.118558577694000676e+06
1.115000000000002030e-06 5.112690348794469610e+06
1.116000000000002105e-06 5.106829748302358203e+06
1.117000000000002180e-06 5.100976376618637703e+06
1.118000000000002255e-06 5.095129876342083327e+06
1.119000000000002331e-06 5.089289916847849265e+06
1.120000000000002406e-06 5.083457007503928617e+06
1.121000000000002481e-06 5.077632069139312021e+06
1.122000000000002556e-06 5.071815479122549295e+06
1.123000000000002631e-06 5.066007332472790964e+06
1.124000000000002706e-06 5.060207692357336171e+06
1.125000000000002781e-06 5.054416690990399569e+06
1.126000000000002856e-06 5.048634516204216518e+06
1.127000000000002932e-06 5.042861333227864467e+06
1.128000000000003007e-06 5.037096281686155125e+06
1.129000000000003082e-06 5.031340228472953662e+06
1.130000000000003157e-06 5.025594413385657594e+06
1.131000000000003232e-06 5.019859552653867751e+06
1.132000000000003307e-06 5.014136076860584319e+06
1.133000000000003382e-06 5.008424231210985221e+06
1.134000000000003458e-06 5.002724104539083317e+06
1.135000000000003533e-06 4.997035707170601934e+06
1.136000000000003608e-06 4.991359006176395342e+06
1.137000000000003683e-06 4.985693879510369152e+06
1.138000000000003758e-06 4.980040128955050372e+06
1.139000000000003833e-06 4.974397605184394866e+06
1.140000000000003908e-06 4.968766226909419522e+06
1.141000000000003983e-06 4.963145827535635792e+06
1.142000000000004059e-06 4.957536270694777369e+06
1.143000000000004134e-06 4.951937463738774881e+06
1.144000000000004209e-06 4.946349315539685078e+06
1.145000000000004284e-06 4.940771743931540288e+06
1.146000000000004359e-06 4.935204695874171332e+06
1.147000000000004434e-06 4.929648151530092582e+06
1.148000000000004509e-06 4.924102135594847612e+06
1.149000000000004584e-06 4.918566740232683718e+06
1.150000000000004660e-06 4.913041804758377373e+06
1.151000000000004735e-06 4.907527284822917543e+06
1.152000000000004810e-06 4.902023271371778101e+06
1.153000000000004885e-06 4.896529850558000617e+06
1.154000000000004960e-06 4.891047120451565832e+06
1.155000000000005035e-06 4.885575171218608506e+06
1.156000000000005110e-06 4.880114064846496098e+06
1.157000000000005185e-06 4.874663849748062901e+06
1.158000000000005261e-06 4.869221227775874548e+06
1.159000000000005336e-06 4.863792966461209580e+06
1.160000000000005411e-06 4.858375737120691687e+06
1.161000000000005486e-06 4.852969420691673644e+06
1.162000000000005561e-06 4.847573541848940775e+06
1.163000000000005636e-06 4.842187827542656101e+06
1.164000000000005711e-06 4.836812139326502569e+06
1.165000000000005787e-06 4.831446393245616928e+06
1.166000000000005862e-06 4.826090519695732743e+06
1.167000000000005937e-06 4.820744459155349061e+06
1.168000000000006012e-06 4.815408160269455053e+06
1.169000000000006087e-06 4.810081546628568321e+06
1.170000000000006162e-06 4.804764523583212867e+06
1.171000000000006237e-06 4.799456968488221988e+06
1.172000000000006312e-06 4.794158762487232685e+06
1.173000000000006388e-06 4.788869775583470240e+06
1.174000000000006463e-06 4.783589873995349742e+06
1.175000000000006538e-06 4.778318921457322314e+06
1.176000000000006613e-06 4.773056799178031273e+06
1.177000000000006688e-06 4.767803408163829707e+06
1.178000000000006763e-06 4.762558658280985430e+06
1.179000000000006838e-06 4.757322483730617911e+06
1.180000000000006913e-06 4.752094904507495463e+06
1.181000000000006989e-06 4.746876281339899637e+06
1.182000000000007064e-06 4.741666589381863363e+06
1.183000000000007139e-06 4.736465818544423208e+06
1.184000000000007214e-06 4.731273979376646690e+06
1.185000000000007289e-06 4.726091065917396918e+06
1.186000000000007364e-06 4.720917059908750467e+06
1.187000000000007439e-06 4.715752024576417170e+06
1.188000000000007514e-06 4.710595993943691254e+06
1.189000000000007590e-06 4.705448945415806957e+06
1.190000000000007665e-06 4.700310868802361190e+06
1.191000000000007740e-06 4.695181769915230572e+06
1.192000000000007815e-06 4.690061634249244817e+06
1.193000000000007890e-06 4.684950531731981784e+06
1.194000000000007965e-06 4.679848455220599659e+06
1.195000000000008040e-06 4.674755355077336542e+06
1.196000000000008116e-06 4.669671149211372249e+06
1.197000000000008191e-06 4.664595750306608155e+06
1.198000000000008266e-06 4.659529080026107840e+06
1.199000000000008341e-06 4.654471053011299111e+06
1.200000000000008416e-06 4.649421575468514115e+06
1.201000000000008491e-06 4.644380555968706496e+06
1.202000000000008566e-06 4.639347904401895590e+06
1.203000000000008641e-06 4.634323538785036653e+06
1.204000000000008717e-06 4.629307391938756220e+06
1.205000000000008792e-06 4.624299407754859887e+06
1.206000000000008867e-06 4.619299332382054999e+06
1.207000000000008942e-06 4.614306621860408224e+06
1.208000000000009017e-06 4.609321356371582486e+06
1.209000000000009092e-06 4.604343683154047467e+06
1.210000000000009167e-06 4.599373820274769329e+06
1.211000000000009242e-06 4.594412063028762117e+06
1.212000000000009318e-06 4.589458687358722091e+06
1.213000000000009393e-06 4.584513880565552972e+06
1.214000000000009468e-06 4.579577777267565019e+06
1.215000000000009543e-06 4.574650455758234486e+06
1.216000000000009618e-06 4.569731952783836052e+06
1.217000000000009693e-06 4.564822258786599152e+06
1.218000000000009768e-06 4.559921333630179986e+06
1.219000000000009843e-06 4.555029123721586540e+06
1.220000000000009919e-06 4.550145558066749945e+06
1.221000000000009994e-06 4.545270558673676103e+06
1.222000000000010069e-06 4.540404061369148083e+06
1.223000000000010144e-06 4.535543870588756166e+06
1.224000000000010219e-06 4.530692709549651481e+06
1.225000000000010294e-06 4.525850402613488026e+06
1.226000000000010369e-06 4.521015275132780895e+06
1.227000000000010445e-06 4.516187962579323910e+06
1.228000000000010520e-06 4.511368072010199539e+06
1.229000000000010595e-06 4.506555723628876731e+06
1.230000000000010670e-06 4.501750787747237831e+06
1.231000000000010745e-06 4.496953271166012622e+06
1.232000000000010820e-06 4.492163119486312382e+06
1.233000000000010895e-06 4.487380484048312530e+06
1.234000000000010970e-06 4.482606104501077905e+06
1.235000000000011046e-06 4.477840209892041050e+06
1.236000000000011121e-06 4.473082830303695984e+06
1.237000000000011196e-06 4.468333829971139319e+06
1.238000000000011271e-06 4.463593229649500921e+06
1.239000000000011346e-06 4.458861025108239613e+06
1.240000000000011421e-06 4.454137084612330422e+06
1.241000000000011496e-06 4.449421293268165551e+06
1.242000000000011571e-06 4.444713572650071234e+06
1.243000000000011647e-06 4.440013871403326280e+06
1.244000000000011722e-06 4.435322154554854147e+06
1.245000000000011797e-06 4.430638417746125720e+06
1.246000000000011872e-06 4.425962693206850439e+06
1.247000000000011947e-06 4.421294963415350765e+06
1.248000000000012022e-06 4.416635210104545578e+06
1.249000000000012097e-06 4.411983410410847515e+06
1.250000000000012172e-06 4.407339480001702905e+06
1.251000000000012248e-06 4.402703425526318140e+06
1.252000000000012323e-06 4.398075195604885928e+06
1.253000000000012398e-06 4.393454848298676312e+06
1.254000000000012473e-06 4.388842477008417249e+06
1.255000000000012548e-06 4.384238775238154456e+06
1.256000000000012623e-06 4.379644393049036153e+06
1.257000000000012698e-06 4.375058996805653907e+06
1.258000000000012774e-06 4.370482469802550972e+06
1.259000000000012849e-06 4.365914765499508008e+06
1.260000000000012924e-06 4.361355845001760870e+06
1.261000000000012999e-06 4.356805615767242387e+06
1.262000000000013074e-06 4.352263949863697402e+06
1.263000000000013149e-06 4.347730687209515832e+06
1.264000000000013224e-06 4.343205648756621405e+06
1.265000000000013299e-06 4.338688708877126686e+06
1.266000000000013375e-06 4.334179696860469878e+06
1.267000000000013450e-06 4.329678465926149860e+06
1.268000000000013525e-06 4.325181082941917703e+06
1.269000000000013600e-06 4.320696958512915298e+06
1.270000000000013675e-06 4.316217790124339052e+06
1.271000000000013750e-06 4.311746623069535010e+06
1.272000000000013825e-06 4.307282287772979587e+06
1.273000000000013900e-06 4.302825288458444178e+06
1.274000000000013976e-06 4.298375284393717535e+06
1.275000000000014051e-06 4.293932390791896731e+06
1.276000000000014126e-06 4.289496463054424152e+06
1.277000000000014201e-06 4.285067522655259818e+06
1.278000000000014276e-06 4.280645485229785554e+06
1.279000000000014351e-06 4.276230359847756103e+06
1.280000000000014426e-06 4.271822132138861343e+06
1.281000000000014501e-06 4.267420816976677626e+06
1.282000000000014577e-06 4.263026412939042784e+06
1.283000000000014652e-06 4.258638868242781609e+06
1.284000000000014727e-06 4.254258188973401673e+06
1.285000000000014802e-06 4.249884372007808648e+06
1.286000000000014877e-06 4.245517407845526002e+06
1.287000000000014952e-06 4.241157290350037627e+06
1.288000000000015027e-06 4.236804006108227186e+06
1.289000000000015103e-06 4.232457536455322988e+06
1.290000000000015178e-06 4.228117854968191124e+06
1.291000000000015253e-06 4.223784951263575815e+06
1.292000000000015328e-06 4.219458800886996090e+06
1.293000000000015403e-06 4.215139320532253012e+06
1.294000000000015478e-06 4.210826478995624930e+06
1.295000000000015553e-06 4.206520319627888501e+06
1.296000000000015628e-06 4.202220776663279161e+06
1.297000000000015704e-06 4.197927789399654604e+06
1.298000000000015779e-06 4.193641395208263304e+06
1.299000000000015854e-06 4.189361544246559497e+06
1.300000000000015929e-06 4.185088006223591510e+06
1.301000000000016004e-06 4.180820685483168811e+06
1.302000000000016079e-06 4.176559410145505331e+06
1.303000000000016154e-06 4.172303959303855896e+06
1.304000000000016229e-06 4.168054209839248098e+06
1.305000000000016305e-06 4.163810076539808884e+06
1.306000000000016380e-06 4.159571454327547923e+06
1.307000000000016455e-06 4.155338243650557939e+06
1.308000000000016530e-06 4.151110348594611045e+06
1.309000000000016605e-06 4.146887698021576274e+06
1.310000000000016680e-06 4.142670249278112315e+06
1.311000000000016755e-06 4.138457918087395374e+06
1.312000000000016830e-06 4.134250708960106131e+06
1.313000000000016906e-06 4.130049046954262070e+06
1.314000000000016981e-06 4.125853749890717212e+06
1.315000000000017056e-06 4.121665340730031952e+06
1.316000000000017131e-06 4.117484135639299639e+06
1.317000000000017206e-06 4.113310308161674999e+06
1.318000000000017281e-06 4.109143920072756708e+06
1.319000000000017356e-06 4.104984938155761920e+06
1.320000000000017431e-06 4.100833253524305299e+06
1.321000000000017507e-06 4.096688699604788329e+06
1.322000000000017582e-06 4.092551072855607141e+06
1.323000000000017657e-06 4.088420149051365443e+06
1.324000000000017732e-06 4.084295636920882389e+06
1.325000000000017807e-06 4.080177339650139678e+06
1.326000000000017882e-06 4.076065137447140180e+06
1.327000000000017957e-06 4.071958900231669657e+06
1.328000000000018033e-06 4.067858503295964096e+06
1.329000000000018108e-06 4.063763830425146036e+06
1.330000000000018183e-06 4.059674781689694151e+06
1.331000000000018258e-06 4.055591266561689321e+06
1.332000000000018333e-06 4.051513235476974864e+06
1.333000000000018408e-06 4.047440923138039652e+06
1.334000000000018483e-06 4.043374474079949781e+06
1.335000000000018558e-06 4.039313894494799431e+06
1.336000000000018634e-06 4.035259151210381649e+06
1.337000000000018709e-06 4.031210197641087696e+06
1.338000000000018784e-06 4.027166989736875985e+06
1.339000000000018859e-06 4.023129473274067510e+06
1.340000000000018934e-06 4.019097407790075522e+06
1.341000000000019009e-06 4.015067260500674136e+06
1.342000000000019084e-06 4.011045570090062916e+06
1.343000000000019159e-06 4.007028770660295151e+06
1.344000000000019235e-06 4.003016655136798043e+06
1.345000000000019310e-06 3.999009136393310037e+06
1.346000000000019385e-06 3.995006191028632224e+06
1.347000000000019460e-06 3.991003113273262978e+06
1.348000000000019535e-06 3.987009664446735289e+06
1.349000000000019610e-06 3.983020792679489590e+06
1.350000000000019685e-06 3.979036492853619624e+06
1.351000000000019760e-06 3.975056806291761342e+06
1.352000000000019836e-06 3.971081842436738312e+06
1.353000000000019911e-06 3.967111729177103378e+06
1.354000000000019986e-06 3.963146572001495864e+06
1.355000000000020061e-06 3.959186444577838760e+06
1.356000000000020136e-06 3.955231401280032005e+06
1.357000000000020211e-06 3.951281478430251591e+06
1.358000000000020286e-06 3.947336706763828639e+06
1.359000000000020362e-06 3.943397109937401023e+06
1.360000000000020437e-06 3.939462706116272602e+06
1.361000000000020512e-06 3.935533528661977500e+06
1.362000000000020587e-06 3.931609668993757572e+06
1.363000000000020662e-06 3.927690530245591421e+06
1.364000000000020737e-06 3.923776330898554530e+06
1.365000000000020812e-06 3.919867526840672828e+06
1.366000000000020887e-06 3.915963732734388672e+06
1.367000000000020963e-06 3.912066551525807939e+06
1.368000000000021038e-06 3.908171902485397179e+06
1.369000000000021113e-06 3.904285376024398487e+06
1.370000000000021188e-06 3.900400845327529591e+06
1.371000000000021263e-06 3.896523727652395144e+06
1.372000000000021338e-06 3.892650213780497201e+06
1.373000000000021413e-06 3.888783202938154805e+06
1.374000000000021488e-06 3.884920537951053120e+06
1.375000000000021564e-06 3.881063911557713524e+06
1.376000000000021639e-06 3.877212137401919812e+06
1.377000000000021714e-06 3.873366383486263920e+06
1.378000000000021789e-06 3.869525856343013234e+06
1.379000000000021864e-06 3.865691239941447508e+06
1.380000000000021939e-06 3.861861982030560263e+06
1.381000000000022014e-06 3.858038536949460860e+06
1.382000000000022089e-06 3.854220520269966219e+06
1.383000000000022165e-06 3.850408238245100249e+06
1.384000000000022240e-06 3.846601413985006046e+06
1.385000000000022315e-06 3.842800295327072963e+06
1.386000000000022390e-06 3.839004668740359601e+06
1.387000000000022465e-06 3.835214652599364519e+06
1.388000000000022540e-06 3.831430050435037818e+06
1.389000000000022615e-06 3.827663358910120092e+06
1.390000000000022691e-06 3.823913630795211997e+06
1.391000000000022766e-06 3.820168300923922565e+06
1.392000000000022841e-06 3.816426637174386997e+06
1.393000000000022916e-06 3.812688395753654186e+06
1.394000000000022991e-06 3.808953448668404017e+06
1.395000000000023066e-06 3.805221955014471430e+06
1.396000000000023141e-06 3.801494062335426919e+06
1.397000000000023216e-06 3.797770131579800975e+06
1.398000000000023292e-06 3.794050330900651868e+06
1.399000000000023367e-06 3.790334907491637394e+06
1.400000000000023442e-06 3.786623978439061902e+06
1.401000000000023517e-06 3.782917720913497731e+06
1.402000000000023592e-06 3.779216191004790831e+06
1.403000000000023667e-06 3.775519499139165506e+06
1.404000000000023742e-06 3.771827635324165691e+06
1.405000000000023817e-06 3.768140643954114988e+06
1.406000000000023893e-06 3.764458476144046523e+06
1.407000000000023968e-06 3.760781133150883485e+06
1.408000000000024043e-06 3.757108551527625415e+06
1.409000000000024118e-06 3.753440727111587767e+06
1.410000000000024193e-06 3.749777594477068167e+06
1.411000000000024268e-06 3.746119161755081266e+06
1.412000000000024343e-06 3.742465369665403850e+06
1.413000000000024418e-06 3.738816216400181875e+06
1.414000000000024494e-06 3.735171638703214936e+06
1.415000000000024569e-06 3.731531639694623183e+06
1.416000000000024644e-06 3.727896169250855222e+06
1.417000000000024719e-06 3.724265233988134190e+06
1.418000000000024794e-06 3.720638792106653564e+06
1.419000000000024869e-06 3.717016865179880522e+06
1.420000000000024944e-06 3.713399436249321327e+06
1.421000000000025020e-06 3.709786522520029917e+06
1.422000000000025095e-06 3.706178100926043000e+06
1.423000000000025170e-06 3.702574175167286303e+06
1.424000000000025245e-06 3.698974673376235180e+06
1.425000000000025320e-06 3.695379577955901623e+06
1.426000000000025395e-06 3.691788830073745456e+06
1.427000000000025470e-06 3.688202428976617288e+06
1.428000000000025545e-06 3.684620389678369742e+06
1.429000000000025621e-06 3.681042801606488414e+06
1.430000000000025696e-06 3.677469695646503475e+06
1.431000000000025771e-06 3.673901119127277285e+06
1.432000000000025846e-06 3.670337049230938312e+06
1.433000000000025921e-06 3.666777508725807071e+06
1.434000000000025996e-06 3.663219715862205252e+06
1.435000000000026071e-06 3.659669178263910580e+06
1.436000000000026146e-06 3.656123148994174786e+06
1.437000000000026222e-06 3.652581617607804481e+06
1.438000000000026297e-06 3.649044578565986361e+06
1.439000000000026372e-06 3.645512030329959001e+06
1.440000000000026447e-06 3.641980034007252660e+06
1.441000000000026522e-06 3.638456758897688705e+06
1.442000000000026597e-06 3.634937963347319048e+06
1.443000000000026672e-06 3.631423601604516618e+06
1.444000000000026747e-06 3.627913640515468083e+06
1.445000000000026823e-06 3.624408089865831658e+06
1.446000000000026898e-06 3.620906992854601704e+06
1.447000000000026973e-06 3.617410393701281864e+06
1.448000000000027048e-06 3.613918321171431337e+06
1.449000000000027123e-06 3.610430791348469909e+06
1.450000000000027198e-06 3.606947812476325780e+06
1.451000000000027273e-06 3.603469387695430778e+06
1.452000000000027349e-06 3.599995514928894117e+06
1.453000000000027424e-06 3.596526182831405196e+06
1.454000000000027499e-06 3.593061377832144033e+06
1.455000000000027574e-06 3.589601090367238503e+06
1.456000000000027649e-06 3.586145297342233825e+06
1.457000000000027724e-06 3.582693971604817547e+06
1.458000000000027799e-06 3.579247085225516465e+06
1.459000000000027874e-06 3.575804607976703905e+06
1.460000000000027950e-06 3.572366509268918540e+06
1.461000000000028025e-06 3.568932782181396615e+06
1.462000000000028100e-06 3.565503418688947335e+06
1.463000000000028175e-06 3.562078402377977036e+06
1.464000000000028250e-06 3.558657725219120737e+06
1.465000000000028325e-06 3.555241383464551531e+06
1.466000000000028400e-06 3.551829375762810931e+06
1.467000000000028475e-06 3.548421702766655479e+06
1.468000000000028551e-06 3.545018361035389360e+06
1.469000000000028626e-06 3.541619348348210100e+06
1.470000000000028701e-06 3.538224664111879654e+06
1.471000000000028776e-06 3.534834276853041258e+06
1.472000000000028851e-06 3.531448099970524665e+06
1.473000000000028926e-06 3.528066164849154651e+06
1.474000000000029001e-06 3.524688475624370389e+06
1.475000000000029076e-06 3.521315016786392312e+06
1.476000000000029152e-06 3.517945763956383336e+06
1.477000000000029227e-06 3.514580690753027331e+06
1.478000000000029302e-06 3.511219772484171204e+06
1.479000000000029377e-06 3.507862986072975677e+06
1.480000000000029452e-06 3.504510323493184522e+06
1.481000000000029527e-06 3.501161793995236047e+06
1.482000000000029602e-06 3.497817255902351812e+06
1.483000000000029678e-06 3.494476570323460735e+06
1.484000000000029753e-06 3.491139649132955819e+06
1.485000000000029828e-06 3.487806411679597571e+06
1.486000000000029903e-06 3.484476715322594624e+06
1.487000000000029978e-06 3.481150483222557697e+06
1.488000000000030053e-06 3.477827578642605338e+06
1.489000000000030128e-06 3.474508249937435146e+06
1.490000000000030203e-06 3.471192840867188293e+06
1.491000000000030279e-06 3.467881531616457738e+06
1.492000000000030354e-06 3.464574392098607030e+06
1.493000000000030429e-06 3.461271437584768049e+06
1.494000000000030504e-06 3.457970478223465383e+06
1.495000000000030579e-06 3.454673731689692009e+06
1.496000000000030654e-06 3.451388838312186301e+06
1.497000000000030729e-06 3.448102447257523425e+06
1.498000000000030804e-06 3.444820797605349217e+06
1.499000000000030880e-06 3.441542692977188155e+06
1.500000000000030955e-06 3.438269228288637474e+06
