vt_efficiency_vs_field
---------------------------------------
1.000000000000000021e-02 7.589540713588446841e-02
1.038999999999999993e-02 7.688857651014492645e-02
1.080000000000000057e-02 7.795181854911642505e-02
1.122000000000000081e-02 7.910207396129469160e-02
1.166999999999999982e-02 8.035815839258193816e-02
1.212000000000000056e-02 8.171254715229574195e-02
1.260000000000000009e-02 8.315083034850211108e-02
1.308999999999999921e-02 8.471018041299516188e-02
1.361000000000000057e-02 8.638854113677460478e-02
1.413999999999999979e-02 8.820755979384085899e-02
1.469999999999999953e-02 9.015898784990032666e-02
1.527000000000000059e-02 9.227273187176417146e-02
1.586999999999999869e-02 9.454565749643718819e-02
1.650000000000000078e-02 9.701549802556359847e-02
1.713999999999999899e-02 9.967646160228160745e-02
1.781999999999999904e-02 1.025697793127783169e-01
1.851999999999999827e-02 1.056235549276356572e-01
1.924000000000000016e-02 1.089530692673746359e-01
2.000000000000000042e-02 1.125896480482169032e-01
2.077999999999999986e-02 1.164828202992486544e-01
2.160000000000000114e-02 1.206688570653432074e-01
2.245000000000000120e-02 1.252092509906295725e-01
2.333000000000000004e-02 1.301135780516394502e-01
2.424000000000000113e-02 1.353963982057379001e-01
2.520000000000000018e-02 1.410639321177210026e-01
2.619000000000000147e-02 1.471924990270635225e-01
2.721000000000000155e-02 1.537568465557870578e-01
2.827999999999999958e-02 1.608207778526233867e-01
2.938999999999999946e-02 1.683768401943926962e-01
3.055000000000000077e-02 1.765399190592111534e-01
3.173999999999999738e-02 1.852280258536304902e-01
3.298999999999999849e-02 1.945324396806202838e-01
3.429000000000000103e-02 2.043499695096737123e-01
3.563000000000000195e-02 2.149193401764898093e-01
3.703000000000000042e-02 2.261385114962735365e-01
3.848000000000000032e-02 2.380857755326521996e-01
4.000000000000000083e-02 2.505468118513647369e-01
4.157000000000000278e-02 2.638381071614862017e-01
4.320000000000000229e-02 2.778179595209852581e-01
4.488999999999999935e-02 2.925004138421879452e-01
4.664999999999999702e-02 3.079951716007467422e-01
4.848999999999999838e-02 3.240789800540894716e-01
5.038999999999999729e-02 3.409277913358341183e-01
5.236999999999999988e-02 3.583101408440707569e-01
5.442000000000000309e-02 3.764697384339846797e-01
5.655999999999999917e-02 3.951700876839989163e-01
5.877999999999999892e-02 4.143931369910677787e-01
6.108999999999999847e-02 4.340397653376459330e-01
6.349000000000000477e-02 4.541984788056430689e-01
6.597999999999999698e-02 4.746832075521010830e-01
6.857000000000000595e-02 4.954597051847749456e-01
7.126000000000000389e-02 5.163586319569142269e-01
7.406000000000000083e-02 5.373433302521183341e-01
7.696000000000000063e-02 5.583384151220408542e-01
7.999000000000000554e-02 5.791732223351656605e-01
8.312999999999999556e-02 5.997518750961239320e-01
8.638999999999999457e-02 6.200700365235163325e-01
8.977999999999999869e-02 6.399432196720185040e-01
9.329999999999999405e-02 6.594404350846336804e-01
9.697000000000000064e-02 6.782205254925168791e-01
1.008000000000000007e-01 6.964530649527361783e-01
1.047000000000000014e-01 7.140021428954308469e-01
1.087999999999999939e-01 7.308290150348529801e-01
1.131000000000000061e-01 7.469327661610178914e-01
1.175999999999999962e-01 7.622570495092898524e-01
1.222000000000000031e-01 7.768020844947837178e-01
1.270000000000000018e-01 7.906249799515492338e-01
1.318999999999999895e-01 8.036779101716673424e-01
1.370999999999999996e-01 8.159387701773400670e-01
1.424999999999999878e-01 8.275099943833221783e-01
1.481000000000000094e-01 8.383587754649655110e-01
1.539000000000000090e-01 8.484910093722776159e-01
1.600000000000000033e-01 8.580302809846791501e-01
1.661999999999999866e-01 8.669457893468134335e-01
1.728000000000000091e-01 8.752602896336851845e-01
1.794999999999999929e-01 8.830446407346910220e-01
1.865999999999999881e-01 8.902834303357793910e-01
1.938999999999999890e-01 8.970314461740770406e-01
2.015000000000000124e-01 9.033455802292928993e-01
2.094000000000000028e-01 9.091729180307165370e-01
2.177000000000000046e-01 9.146735570923012482e-01
2.262000000000000122e-01 9.197532868994754418e-01
2.351000000000000034e-01 9.244770501364334425e-01
2.442999999999999894e-01 9.288844359114215576e-01
2.539000000000000146e-01 9.329728999607965756e-01
2.639000000000000234e-01 9.368081129739200819e-01
2.741999999999999993e-01 9.403501712043864647e-01
2.849999999999999756e-01 9.436667728387670984e-01
2.962000000000000188e-01 9.467619860111565755e-01
3.078000000000000180e-01 9.496412869218271435e-01
3.199000000000000177e-01 9.523234140293144190e-01
3.325000000000000178e-01 9.548352654065095368e-01
3.454999999999999738e-01 9.571769182768046225e-01
3.590999999999999748e-01 9.593683643223942514e-01
3.731999999999999762e-01 9.614127991235904558e-01
3.877999999999999781e-01 9.633257771058802987e-01
4.030000000000000249e-01 9.651173691161852863e-01
4.188999999999999946e-01 9.668027174520715805e-01
4.353000000000000203e-01 9.683883787562729273e-01
4.524000000000000243e-01 9.698725809389379116e-01
4.702000000000000068e-01 9.712585543371156094e-01
4.885999999999999788e-01 9.725668520420805985e-01
5.078000000000000291e-01 9.737924055345305030e-01
5.276999999999999469e-01 9.749560622878598037e-01
5.483999999999999986e-01 9.760508832073810925e-01
5.699999999999999512e-01 9.770822785005061073e-01
5.923000000000000487e-01 9.780546065418688206e-01
6.156000000000000361e-01 9.789620074955317497e-01
6.398000000000000353e-01 9.798395468123728413e-01
6.649000000000000465e-01 9.806542157994840858e-01
6.909999999999999476e-01 9.814250248117563080e-01
7.180999999999999606e-01 9.821505788155147076e-01
7.462999999999999634e-01 9.828253039187139217e-01
7.755999999999999561e-01 9.834742442503725535e-01
8.060000000000000497e-01 9.840678949479483295e-01
8.377000000000000002e-01 9.846416998236313667e-01
8.706000000000000405e-01 9.851626305837091202e-01
9.046999999999999487e-01 9.856471259688961428e-01
9.403000000000000247e-01 9.861022202648731527e-01
9.771999999999999575e-01 9.865080450286974889e-01
1.016000000000000014e+00 9.868737014600542645e-01
1.054999999999999938e+00 9.871939743469049233e-01
1.096999999999999975e+00 9.874654975116877731e-01
1.139999999999999902e+00 9.876849666392499838e-01
1.185000000000000053e+00 9.878476015224200157e-01
1.231000000000000094e+00 9.879438493189329762e-01
1.278999999999999915e+00 9.879705173845944044e-01
1.330000000000000071e+00 9.879214984965208890e-01
1.381999999999999895e+00 9.877879601010715049e-01
1.435999999999999943e+00 9.875586215453220351e-01
1.491999999999999993e+00 9.872302223260920329e-01
1.550999999999999934e+00 9.867920672445726904e-01
1.612000000000000099e+00 9.862365707515187152e-01
1.675000000000000044e+00 9.855526002708310251e-01
1.741000000000000103e+00 9.847405430276252591e-01
1.808999999999999941e+00 9.837822291517124285e-01
1.879999999999999893e+00 9.826822298407467127e-01
1.953999999999999959e+00 9.814361764687742351e-01
2.031000000000000139e+00 9.800324777119413522e-01
2.111000000000000210e+00 9.784867700716141092e-01
2.193000000000000060e+00 9.767785992944355566e-01
2.279999999999999805e+00 9.749409251744105553e-01
2.369000000000000217e+00 9.729509942166219005e-01
2.462000000000000188e+00 9.708460342180971203e-01
2.559000000000000163e+00 9.686035589377797184e-01
2.658999999999999808e+00 9.662644497335874938e-01
2.763999999999999790e+00 9.638185426372053444e-01
2.871999999999999886e+00 9.612952129312981597e-01
2.984999999999999876e+00 9.587098868474061009e-01
3.101999999999999869e+00 9.560776955948707689e-01
3.224000000000000199e+00 9.534144685954049070e-01
3.350000000000000089e+00 9.507477436587440378e-01
3.482000000000000206e+00 9.480932135946198436e-01
3.617999999999999883e+00 9.454714611250516487e-01
3.761000000000000121e+00 9.428930408364765148e-01
3.907999999999999918e+00 9.403856120027106469e-01
4.062000000000000277e+00 9.379677801374416424e-01
4.221000000000000085e+00 9.356632438234282478e-01
4.386999999999999567e+00 9.334691680562179350e-01
4.559000000000000163e+00 9.314171796985653007e-01
4.738000000000000433e+00 9.295263415404161345e-01
4.924000000000000377e+00 9.277559478886318045e-01
5.116999999999999993e+00 9.262073347948024393e-01
5.317999999999999616e+00 9.248344800648530262e-01
5.527000000000000135e+00 9.236315877159261278e-01
5.743999999999999773e+00 9.226480406932626721e-01
5.969000000000000306e+00 9.218800898294648993e-01
6.203999999999999737e+00 9.212849661735479367e-01
6.447000000000000064e+00 9.209347788346059493e-01
6.700000000000000178e+00 9.207518424046843286e-01
6.963000000000000078e+00 9.207675559884950234e-01
7.237000000000000099e+00 9.209778638721415334e-01
7.520999999999999908e+00 9.214117696351206144e-01
7.815999999999999837e+00 9.219798240905535680e-01
8.122999999999999332e+00 9.227556791045631313e-01
8.442000000000000171e+00 9.236506454982389425e-01
8.772999999999999687e+00 9.247409103601784697e-01
9.117000000000000881e+00 9.259630692662155216e-01
9.474999999999999645e+00 9.272971141531839434e-01
9.846999999999999531e+00 9.287604209534835453e-01
1.023000000000000043e+01 9.303238293528715008e-01
1.064000000000000057e+01 9.319787906888300499e-01
1.105000000000000071e+01 9.337148154549330670e-01
1.149000000000000021e+01 9.355159469102214409e-01
1.193999999999999950e+01 9.373600129690519145e-01
1.241000000000000014e+01 9.392586437932533006e-01
1.289000000000000057e+01 9.411750531437190759e-01
1.340000000000000036e+01 9.431239833965205932e-01
1.392999999999999972e+01 9.450623383574007219e-01
1.447000000000000064e+01 9.470162862624269540e-01
1.503999999999999915e+01 9.489545501597450583e-01
1.563000000000000078e+01 9.508762960247184592e-01
1.623999999999999844e+01 9.527717174637306830e-01
1.687999999999999901e+01 9.546476854442009774e-01
1.753999999999999915e+01 9.564780823600353976e-01
1.823000000000000043e+01 9.582714771998732672e-01
1.894999999999999929e+01 9.600283467652094282e-01
1.969000000000000128e+01 9.617221049817860079e-01
2.046999999999999886e+01 9.633582848177624225e-01
2.126999999999999957e+01 9.649391603312227339e-01
2.210000000000000142e+01 9.664671219882609021e-01
2.296999999999999886e+01 9.679286342280417621e-01
2.387000000000000099e+01 9.693181006836690816e-01
2.480999999999999872e+01 9.706218696571731197e-01
2.578999999999999915e+01 9.718585630908934681e-01
2.680000000000000071e+01 9.729950708661970760e-01
2.785000000000000142e+01 9.740324146494619972e-01
2.894000000000000128e+01 9.749369035638815184e-01
3.007999999999999829e+01 9.756890789514329754e-01
3.126000000000000156e+01 9.762264572852140665e-01
3.249000000000000199e+01 9.765456109596055700e-01
3.375999999999999801e+01 9.765684196757732360e-01
3.509000000000000341e+01 9.762209368136788301e-01
3.646000000000000085e+01 9.754178813488438848e-01
3.789999999999999858e+01 9.740541478349995508e-01
3.938000000000000256e+01 9.719277745066746688e-01
4.092999999999999972e+01 9.690294991754082599e-01
4.253999999999999915e+01 9.651301729507740790e-01
4.421000000000000085e+01 9.600515592161452672e-01
4.593999999999999773e+01 9.535843017222545015e-01
4.775000000000000000e+01 9.455579252501726817e-01
4.961999999999999744e+01 9.369397471806136801e-01
5.157000000000000028e+01 9.253781353992461822e-01
5.359000000000000341e+01 9.116282514490139377e-01
5.570000000000000284e+01 8.956056854341897244e-01
5.788000000000000256e+01 8.772141684043972543e-01
6.014999999999999858e+01 8.563597127695918854e-01
6.252000000000000313e+01 8.317310573170436649e-01
6.496999999999999886e+01 8.059542648318731572e-01
6.751999999999999602e+01 7.780889350190843823e-01
7.017000000000000171e+01 7.481999880414803572e-01
7.292000000000000171e+01 7.166631636300774266e-01
7.579000000000000625e+01 6.838191680838865416e-01
7.876000000000000512e+01 6.499695998126814311e-01
8.184999999999999432e+01 6.142932631468105420e-01
8.506999999999999318e+01 5.796953870133713105e-01
8.840999999999999659e+01 5.451762050291363293e-01
9.187999999999999545e+01 5.112579851870114878e-01
9.548000000000000398e+01 4.780592422804961217e-01
9.923000000000000398e+01 4.458770425688146077e-01
1.030999999999999943e+02 4.158307222256686364e-01
1.072000000000000028e+02 3.861208587416940508e-01
1.114000000000000057e+02 3.578658299250476182e-01
1.157999999999999972e+02 3.311946682918069373e-01
1.202999999999999972e+02 3.060429253653301762e-01
1.250000000000000000e+02 2.824663195994784326e-01
1.299000000000000057e+02 2.600036881322126958e-01
1.350000000000000000e+02 2.395480039033694719e-01
1.403000000000000114e+02 2.205572535887936059e-01
1.458000000000000114e+02 2.029169965026419997e-01
1.515999999999999943e+02 1.866481165905341244e-01
1.575000000000000000e+02 1.712439990513417165e-01
1.636999999999999886e+02 1.574142054042400041e-01
1.700999999999999943e+02 1.446566370097948362e-01
1.768000000000000114e+02 1.329282120353842411e-01
1.836999999999999886e+02 1.221173562868362455e-01
1.910000000000000000e+02 1.121756789693598433e-01
1.985000000000000000e+02 1.032642478895604704e-01
2.061999999999999886e+02 9.487857864817034192e-02
2.143000000000000114e+02 8.715839447504512838e-02
2.228000000000000114e+02 8.008047182648386775e-02
2.315000000000000000e+02 7.359171374547812672e-02
2.405999999999999943e+02 6.760080503868085011e-02
2.500000000000000000e+02 6.215161508928768175e-02
2.598000000000000114e+02 5.712940680605246846e-02
2.700000000000000000e+02 5.253228151678242253e-02
2.806000000000000227e+02 4.807005388721684314e-02
2.916999999999999886e+02 4.422826467193819583e-02
3.031000000000000227e+02 4.070097740925159024e-02
3.150000000000000000e+02 3.745655926667162960e-02
3.273999999999999773e+02 3.447623810871471711e-02
3.401999999999999886e+02 3.191959525002338594e-02
3.536000000000000227e+02 2.938117006684306740e-02
3.675000000000000000e+02 2.705097075932360803e-02
3.818999999999999773e+02 2.491651601765585908e-02
3.968999999999999773e+02 2.283040743495359098e-02
4.125000000000000000e+02 2.103870514439032391e-02
4.286999999999999886e+02 1.939279946847538919e-02
4.455000000000000000e+02 1.787687266787736304e-02
4.630000000000000000e+02 1.648190771802754070e-02
4.811000000000000227e+02 1.521955085596472280e-02
5.000000000000000000e+02 1.403708240386809109e-02
5.197000000000000455e+02 1.294692409882324848e-02
5.401000000000000227e+02 1.195694473059026597e-02
5.612999999999999545e+02 1.103161441838700768e-02
5.832999999999999545e+02 1.017846635452012913e-02
6.062000000000000455e+02 9.393064832109656800e-03
6.300000000000000000e+02 8.652196190313595631e-03
6.547000000000000455e+02 7.987476952817275030e-03
6.803999999999999773e+02 7.374654138210634362e-03
7.071000000000000227e+02 6.809589316840765870e-03
7.348999999999999773e+02 6.283494344282288153e-03
7.637000000000000455e+02 5.803742852063537537e-03
7.937000000000000455e+02 5.360561791008588289e-03
8.248999999999999773e+02 4.971728014705261225e-03
8.572999999999999545e+02 4.591642699194349933e-03
8.908999999999999773e+02 4.240743854534516008e-03
9.258999999999999773e+02 3.916788551722174931e-03
9.622000000000000455e+02 3.605119341638909382e-03
1.000000000000000000e+03 3.331659912290417958e-03
----------------------
