field_vs_time
---------------
0.000000000000000000e+00 0.000000000000000000e+00
2.333333333333333134e-09 -7.777777777777776355e+05
4.666666666666666268e-09 -1.000000000000000000e+06
6.999999999999999816e-09 -1.000000000000000000e+06
9.333333333333332536e-09 -1.000000000000000000e+06
1.166666666666666526e-08 -1.000000000000000000e+06
1.399999999999999963e-08 -1.000000000000000000e+06
1.633333333333333070e-08 -1.000000000000000000e+06
1.866666666666666507e-08 -1.000000000000000000e+06
2.099999999999999945e-08 -1.000000000000000000e+06
2.333333333333333051e-08 -1.000000000000000000e+06
2.566666666666666489e-08 -1.000000000000000000e+06
2.799999999999999926e-08 -1.000000000000000000e+06
3.033333333333333364e-08 -1.000000000000000000e+06
3.266666666666666139e-08 -1.000000000000000000e+06
3.499999999999999577e-08 -1.000000000000000000e+06
3.733333333333333014e-08 -1.000000000000000000e+06
3.966666666666666452e-08 -1.000000000000000000e+06
4.199999999999999889e-08 -1.000000000000000000e+06
4.433333333333332665e-08 -1.000000000000000000e+06
4.666666666666666103e-08 -1.000000000000000000e+06
4.899999999999999540e-08 -1.000000000000000000e+06
5.133333333333332978e-08 -1.000000000000000000e+06
5.366666666666666415e-08 -7.777777777777779847e+05
5.599999999999999852e-08 1.164153218269348145e-10
6.599999999999999543e-08 0.000000000000000000e+00
6.599999999999999543e-08 0.000000000000000000e+00
6.833333333333332318e-08 -7.777777777777758893e+05
7.066666666666666417e-08 -1.000000000000000000e+06
7.299999999999999193e-08 -1.000000000000000000e+06
7.533333333333331969e-08 -1.000000000000000000e+06
7.766666666666666068e-08 -1.000000000000000000e+06
7.999999999999998844e-08 -1.000000000000000000e+06
8.233333333333331620e-08 -1.000000000000000000e+06
8.466666666666665719e-08 -1.000000000000000000e+06
8.699999999999999818e-08 -1.000000000000000000e+06
8.933333333333332594e-08 -1.000000000000000000e+06
9.166666666666665370e-08 -1.000000000000000000e+06
9.399999999999999469e-08 -1.000000000000000000e+06
9.633333333333332244e-08 -1.000000000000000000e+06
9.866666666666665020e-08 -1.000000000000000000e+06
1.009999999999999912e-07 -1.000000000000000000e+06
1.033333333333333190e-07 -1.000000000000000000e+06
1.056666666666666467e-07 -1.000000000000000000e+06
1.079999999999999877e-07 -1.000000000000000000e+06
1.103333333333333155e-07 -1.000000000000000000e+06
1.126666666666666432e-07 -1.000000000000000000e+06
1.149999999999999842e-07 -1.000000000000000000e+06
1.173333333333333120e-07 -1.000000000000000000e+06
1.196666666666666397e-07 -7.777777777777846204e+05
1.219999999999999807e-07 -4.307366907596588135e-09
1.319999999999999909e-07 0.000000000000000000e+00
1.999999999999999909e-07 0.000000000000000000e+00
---------------
